LCTN_FormID	LCTN_EDID	LCTN_FULL	KeywordCount	KW_1	KW_2	KW_3	KW_4	KW_5	KW_6	KW_7	KW_8	KW_9	KW_10	KW_11	KW_12	KW_13	PropCount	Prop_1_AV	Prop_1_Val	Prop_1_Curve	Prop_2_AV	Prop_2_Val	Prop_2_Curve	Prop_3_AV	Prop_3_Val	Prop_3_Curve	Prop_4_AV	Prop_4_Val	Prop_4_Curve	Prop_5_AV	Prop_5_Val	Prop_5_Curve	Prop_6_AV	Prop_6_Val	Prop_6_Curve	Prop_7_AV	Prop_7_Val	Prop_7_Curve	Prop_8_AV	Prop_8_Val	Prop_8_Curve	Prop_9_AV	Prop_9_Val	Prop_9_Curve	Prop_10_AV	Prop_10_Val	Prop_10_Curve	Prop_11_AV	Prop_11_Val	Prop_11_Curve	Prop_12_AV	Prop_12_Val	Prop_12_Curve	Prop_13_AV	Prop_13_Val	Prop_13_Curve	Prop_14_AV	Prop_14_Val	Prop_14_Curve	Prop_15_AV	Prop_15_Val	Prop_15_Curve	Prop_16_AV	Prop_16_Val	Prop_16_Curve	Prop_17_AV	Prop_17_Val	Prop_17_Curve	Prop_18_AV	Prop_18_Val	Prop_18_Curve	Prop_19_AV	Prop_19_Val	Prop_19_Curve	Prop_20_AV	Prop_20_Val	Prop_20_Curve	Prop_21_AV	Prop_21_Val	Prop_21_Curve	Prop_22_AV	Prop_22_Val	Prop_22_Curve	Prop_23_AV	Prop_23_Val	Prop_23_Curve	Prop_24_AV	Prop_24_Val	Prop_24_Curve	Prop_25_AV	Prop_25_Val	Prop_25_Curve	Prop_26_AV	Prop_26_Val	Prop_26_Curve	Prop_27_AV	Prop_27_Val	Prop_27_Curve	Prop_28_AV	Prop_28_Val	Prop_28_Curve	Prop_29_AV	Prop_29_Val	Prop_29_Curve	Prop_30_AV	Prop_30_Val	Prop_30_Curve	Prop_31_AV	Prop_31_Val	Prop_31_Curve	Prop_32_AV	Prop_32_Val	Prop_32_Curve	Prop_33_AV	Prop_33_Val	Prop_33_Curve	Prop_34_AV	Prop_34_Val	Prop_34_Curve	Prop_35_AV	Prop_35_Val	Prop_35_Curve	Prop_36_AV	Prop_36_Val	Prop_36_Curve	Prop_37_AV	Prop_37_Val	Prop_37_Curve	Prop_38_AV	Prop_38_Val	Prop_38_Curve	Prop_39_AV	Prop_39_Val	Prop_39_Curve	Prop_40_AV	Prop_40_Val	Prop_40_Curve	Prop_41_AV	Prop_41_Val	Prop_41_Curve	Prop_42_AV	Prop_42_Val	Prop_42_Curve	Prop_43_AV	Prop_43_Val	Prop_43_Curve	Prop_44_AV	Prop_44_Val	Prop_44_Curve	DATA_UnknownInt	DATA_UnknownByte	DATA_MinLocationLevel	DATA_LocationType	DATA_MaxLocationLevel	PNAM_ParentLocation	RNAM_WorldLocationRadius	ANAM_ActorFadeMult	CNAM_Color
0000F25C	DebugKurtLocation	Test Location	1	0000F25D:DebugKurtLocType:KYWD													0																																																																																																																																					0	0	50	None	255		0.000000	1.000000	
0000F7CA	TestJayLocation		1	0000F7CB:TestJayLocType:KYWD													0																																																																																																																																					0	0	0	None	0		0.000000	1.000000	
0000FBB9	LocForestVaultTecAgCenterLocation	Vault-Tec Agricultural Research Center	10	00003954:LocTypeInteriorCell:KYWD	0001564F:LocRegionForestFloodlands:KYWD	000254BC:LocTypeDungeonMajor:KYWD	00064EDE:LocTypeClearable:KYWD	0033FE91:LocTypeFastTravelDestination:KYWD	00396B77:LocTypeDungeon:KYWD	003D4B10:LocLootScaleMedium:KYWD	004E8566:LocThemeVaultTec:KYWD	0055C69B:DungeonTypeResearchFacility:KYWD	007BD03F:LocTypeFishingExcluded:KYWD				1	ESSChanceMainGhouls	5.000000																																																																																																																																			0	0	0	None	0	002EE553:SubRegionForestFloodlands17LocationLOW:The Forest	2500.000000	1.000000	
0000FC0A	TestEncPOI01Location	Vault-Tec Agricultural Research Center	1	0000FC10:FindThisPOIKeyword:KYWD													0																																																																																																																																					0	0	0	None	0		2500.000000	1.000000	
0000FC12	TestEncPOI02Location	Vault-Tec Agricultural Research Center	1	0000FC10:FindThisPOIKeyword:KYWD													0																																																																																																																																					0	0	0	None	0		2500.000000	1.000000	
0000FC13	TestEncPOI03Location	Vault-Tec Agricultural Research Center	1	0000FC10:FindThisPOIKeyword:KYWD													0																																																																																																																																					0	0	0	None	0		2500.000000	1.000000	
00012E4A	DebugDaryl01Location	DebugDaryl01Location	1	0033FE91:LocTypeFastTravelDestination:KYWD													0																																																																																																																																					0	0	0	None	0	0001558C:AppalachiaLocation:Appalachia	2500.000000	1.000000	
00015554	LocForestFlatwoodsLocation	Flatwoods	6	0001564F:LocRegionForestFloodlands:KYWD	0033FE91:LocTypeFastTravelDestination:KYWD	003A5E71:LocEncSupportLarge:KYWD	003A5E72:LocEncSupportGiant:KYWD	003D5B63:LocLootScaleSmall:KYWD	004E855B:LocThemeGeneral:KYWD								1	ESSChanceMainGhouls	5.000000																																																																																																																																			0	0	0	None	0	002EE553:SubRegionForestFloodlands17LocationLOW:The Forest	2500.000000	1.000000	
0001558C	AppalachiaLocation	Appalachia	2	00142B54:LocTypeWorld:KYWD	00180819:EMSIgnoredLocation:KYWD												17	Food	1.000000		Water	1.000000		ResourceAV_Wood	1.000000		ResourceAV_Oil	1.000000		ResourceAV_Steel	1.000000		ResourceAV_Concrete	1.000000		ResourceAV_FertilizerBrahmin	1.000000		ResourceAV_Nuclear	1.000000		ResourceAV_Adhesive	1.000000		ResourceAV_Acid	1.000000		ResourceAV_Copper	1.000000		ResourceAV_Aluminum	1.000000		ResourceAV_Gold	1.000000		ResourceAV_Lead	1.000000		ResourceAV_Crystal	1.000000		ResourceAV_Scavenge	1.000000		ResourceAV_Silver	1.000000																																																																																			0	0	0	None	0		0.000000	1.000000	
00015CBF	LocForestCharlestonFireDeptLocation	Charleston Fire Department	5	0001564F:LocRegionForestFloodlands:KYWD	00064EDE:LocTypeClearable:KYWD	0033FE91:LocTypeFastTravelDestination:KYWD	003D4B10:LocLootScaleMedium:KYWD	004E855C:LocThemeWorkingClass:KYWD									0																																																																																																																																					0	0	0	None	0	0031AEE4:SubRegionForestFloodlands26Location:The Forest	0.000000	1.000000	
0000E131	LocCranberryGeneralsSteakhouseLocation	The General's Steakhouse	10	000012A1:LocRegionCranberryBog:KYWD	00022612:LocTypeResponderEyebot:KYWD	00064EDE:LocTypeClearable:KYWD	0033FE91:LocTypeFastTravelDestination:KYWD	0037FA7F:LocTypeDungeonPOI:KYWD	00396B77:LocTypeDungeon:KYWD	003D4B10:LocLootScaleMedium:KYWD	004E855B:LocThemeGeneral:KYWD	0055C6A0:DungeonTypeRestaurant:KYWD	008A1490:LocTypeHostileTakeover:KYWD				7	ESSChanceSubInsect	5.000000		ESSChanceMainSuperMutants	5.000000		ESSChanceSubViciousDog	5.000000		ESSChanceSubMolerats	5.000000		ESSChanceSubRats	5.000000		EMSChanceVariantNormal	45.000000		EMSChanceVariantScorched	5.000000																																																																																																																	0	0	0	None	0	002EE4E5:SubRegionCranberry02Location:Cranberry Bog	0.000000	1.000000	
00092088	LocForestNukaColaQuantumPlantLocation	Kanawha Nuka-Cola Plant	5	0001564F:LocRegionForestFloodlands:KYWD	00022612:LocTypeResponderEyebot:KYWD	0033FE91:LocTypeFastTravelDestination:KYWD	003D5B64:LocLootScaleLarge:KYWD	004E855B:LocThemeGeneral:KYWD									3	ESSChanceMainGhouls	5.000000		ESSChanceSubMolerats	5.000000		ESSChanceSubRats	5.000000																																																																																																																													0	0	0	None	0	0031AEE3:SubRegionForestFloodlands25Location:The Forest	0.000000	1.000000	
0000507E	LocMountainsNationalRadioArrayLocation	National Isolated Radio Array	8	000254BC:LocTypeDungeonMajor:KYWD	00064EDE:LocTypeClearable:KYWD	001789F7:LocRegionMountain:KYWD	0033FE91:LocTypeFastTravelDestination:KYWD	00396B77:LocTypeDungeon:KYWD	003D4B10:LocLootScaleMedium:KYWD	004E855F:LocThemeMilitary:KYWD	0055C699:DungeonTypeCommBuilding:KYWD						2	ESSChanceSubGhoul	5.000000		ESSChanceMainSuperMutants	5.000000																																																																																																																																0	0	0	None	0	002F70FE:SubRegionMountains18Location:Savage Divide	2500.000000	1.000000	
00004019	LocMTRBurningMineLocation	The Burning Mine	5	0001CA8B:LocRegionMTR:KYWD	00022612:LocTypeResponderEyebot:KYWD	0033FE91:LocTypeFastTravelDestination:KYWD	003D5B62:LocLootScalePOI:KYWD	004E8563:LocThemeMiner:KYWD									4	ESSChanceMainMoleMiner	5.000000		ESSChanceSubViciousDog	5.000000		ESSChanceSubMolerats	5.000000		ESSChanceSubRats	5.000000																																																																																																																										0	0	0	None	0	002EE567:SubRegionMountainRemoval03Location:The Ash Heap	0.000000	1.000000	
000040CC	LocForestVaultTecULocation	Vault-Tec University	7	00003954:LocTypeInteriorCell:KYWD	0001564F:LocRegionForestFloodlands:KYWD	0004F21B:LocTypeSubterranean:KYWD	0033FE91:LocTypeFastTravelDestination:KYWD	003D5B64:LocLootScaleLarge:KYWD	004E8566:LocThemeVaultTec:KYWD	0057E1EC:LocTypeInstancedCell:KYWD							2	ESSChanceMainGhouls	5.000000		ESSChanceSubMolerats	5.000000																																																																																																																																0	0	0	None	0	002EE529:SubRegionForestFloodlands10Location:The Forest	0.000000	1.000000	
000158E5	LocToxicEasternRegionalPenLocation	Eastern Regional Penitentiary	10	00003954:LocTypeInteriorCell:KYWD	000254BC:LocTypeDungeonMajor:KYWD	00064EDE:LocTypeClearable:KYWD	00088AAB:LocRegionToxicValley:KYWD	0033FE91:LocTypeFastTravelDestination:KYWD	00396B77:LocTypeDungeon:KYWD	003D5B65:LocLootScaleGiant:KYWD	004E855B:LocThemeGeneral:KYWD	0055C692:DungeonTypeCompound:KYWD	007BD03F:LocTypeFishingExcluded:KYWD				2	ESSChanceMainGhouls	5.000000		ESSChanceSubSuperMutants	5.000000																																																																																																																																0	0	0	None	0	002F7081:SubRegionToxicValley06LocationLOW:Toxic Valley	0.000000	1.000000	
00004141	LocCranberryAbandonedBogTownLocation	Abandoned Bog Town	6	000012A1:LocRegionCranberryBog:KYWD	00064EDE:LocTypeClearable:KYWD	0033FE91:LocTypeFastTravelDestination:KYWD	003A5E71:LocEncSupportLarge:KYWD	003D4B10:LocLootScaleMedium:KYWD	004E855C:LocThemeWorkingClass:KYWD								4	ESSChanceMainSuperMutants	5.000000		ESSChanceSubViciousDog	5.000000		EMSChanceVariantNormal	45.000000		EMSChanceVariantScorched	5.000000																																																																																																																										0	0	0	None	0	002F7091:SubRegionCranberry14Location:Cranberry Bog	0.000000	1.000000	
00004142	LocForestBlackMountainOrdnanceWorksLocation	Black Mountain Ordnance Works	5	0001564F:LocRegionForestFloodlands:KYWD	00064EDE:LocTypeClearable:KYWD	0033FE91:LocTypeFastTravelDestination:KYWD	003D5B63:LocLootScaleSmall:KYWD	004E855C:LocThemeWorkingClass:KYWD									1	ESSChanceMainRobots	5.000000																																																																																																																																			0	0	0	None	0	002EE525:SubRegionForestFloodlands06LocationLOW:The Forest	0.000000	1.000000	
00004143	LocCranberryAlleghenyAsylumLocation	Fort Defiance	5	000012A1:LocRegionCranberryBog:KYWD	0033FE91:LocTypeFastTravelDestination:KYWD	003D5B63:LocLootScaleSmall:KYWD	004E8562:LocThemeAsylum:KYWD	008A1490:LocTypeHostileTakeover:KYWD									3	ESSChanceMainScorched	5.000000		EMSChanceVariantNormal	45.000000		EMSChanceVariantScorched	5.000000																																																																																																																													0	0	0	None	0	002EE524:SubRegionCranberry12Location:Cranberry Bog	0.000000	1.000000	
00004144	LocMountainsBlackwaterMineLocation	Blackwater Mine	11	00003954:LocTypeInteriorCell:KYWD	00022612:LocTypeResponderEyebot:KYWD	000254BC:LocTypeDungeonMajor:KYWD	0004F21B:LocTypeSubterranean:KYWD	00064EDE:LocTypeClearable:KYWD	001789F7:LocRegionMountain:KYWD	0033FE91:LocTypeFastTravelDestination:KYWD	00396B77:LocTypeDungeon:KYWD	003D4B10:LocLootScaleMedium:KYWD	004E8563:LocThemeMiner:KYWD	0055C69A:DungeonTypeMine:KYWD			4	ESSChanceMainMoleMiner	5.000000		ESSChanceSubMolerats	5.000000		ESSChanceSubRats	5.000000		ESSChanceSubWolf	5.000000																																																																																																																										0	0	0	None	0	002F70FD:SubRegionMountains17Location:Savage Divide	0.000000	1.000000	
00004145	LocForestAaronholtHomesteadLocation	Aaronholt Homestead	9	0001564F:LocRegionForestFloodlands:KYWD	00064EDE:LocTypeClearable:KYWD	0033FE91:LocTypeFastTravelDestination:KYWD	0037FA7F:LocTypeDungeonPOI:KYWD	00396B77:LocTypeDungeon:KYWD	003D5B63:LocLootScaleSmall:KYWD	004E8569:LocThemeOutdoors:KYWD	0055C696:DungeonTypeFarm:KYWD	008A1490:LocTypeHostileTakeover:KYWD					2	ESSChanceSubInsect	5.000000		ESSChanceMainViciousDog	100.000000																																																																																																																																0	0	0	None	0	0004BDFD:SubRegionForestFloodlands02Location:The Forest	0.000000	1.000000	
00004147	LocMountainsHopewellCaveLocation	Hopewell Cave	10	00064EDE:LocTypeClearable:KYWD	001789F7:LocRegionMountain:KYWD	0033FE91:LocTypeFastTravelDestination:KYWD	0037FA7F:LocTypeDungeonPOI:KYWD	00396B77:LocTypeDungeon:KYWD	003A5E71:LocEncSupportLarge:KYWD	003A5E72:LocEncSupportGiant:KYWD	003D5B63:LocLootScaleSmall:KYWD	004E8569:LocThemeOutdoors:KYWD	0055C6A2:DungeonTypeCave:KYWD				4	ESSChanceSubInsect	5.000000		ESSChanceMainDeathclawGIANTONLY	100.000000		ESSChanceSubMolerats	5.000000		ESSChanceSubWolf	5.000000																																																																																																																										0	0	0	None	0	002F70F5:SubRegionMountains09Location:Savage Divide	0.000000	1.000000	
00004148	LocCranberryAppalachianAntiquesLocation	Appalachian Antiques	10	000012A1:LocRegionCranberryBog:KYWD	00064EDE:LocTypeClearable:KYWD	0009860C:LocTypeWealthy:KYWD	0033FE91:LocTypeFastTravelDestination:KYWD	0037FA7F:LocTypeDungeonPOI:KYWD	00396B77:LocTypeDungeon:KYWD	003D5B63:LocLootScaleSmall:KYWD	004E856B:LocThemeBoS:KYWD	0055C69E:DungeonTypeStore:KYWD	008A1490:LocTypeHostileTakeover:KYWD				3	ESSChanceMainGhouls	5.000000		EMSChanceVariantNormal	45.000000		EMSChanceVariantScorched	5.000000																																																																																																																													0	0	0	None	0	002EE524:SubRegionCranberry12Location:Cranberry Bog	0.000000	1.000000	
00004149	LocMTRBeckleyWorkshopLocation	Beckley Mine Exhibit	9	0001CA8B:LocRegionMTR:KYWD	000234F1:LocTypeWorkshop:KYWD	00064EDE:LocTypeClearable:KYWD	0033FE91:LocTypeFastTravelDestination:KYWD	003A5E71:LocEncSupportLarge:KYWD	003A5E72:LocEncSupportGiant:KYWD	003AEDF7:LocTypeWorkshopPublic:KYWD	003D5B63:LocLootScaleSmall:KYWD	004E855C:LocThemeWorkingClass:KYWD					8	Food	6.000000		Water	8.000000		ESSChanceMainRobots	5.000000		ESSChanceSubGhoul	5.000000		ResourceAV_FertilizerBrahmin	1.000000		ResourceAV_Scavenge	1.000000		WorkshopBudgetLocation	1500.000000		ResourceAV_Ash	1.000000																																																																																																														0	0	0	Workshop	0	002EE568:SubRegionMountainRemoval04Location:The Ash Heap	0.000000	1.000000	
0000414B	LocSwampBerkeleySpringsLocation	Berkeley Springs	12	0000BA1C:LocTypeENz01DropRegion:KYWD	0000BC69:LocTypeENz01DropSite:KYWD	0001CA8C:LocRegionSwampForest:KYWD	00064EDE:LocTypeClearable:KYWD	0033FE91:LocTypeFastTravelDestination:KYWD	0037FA7F:LocTypeDungeonPOI:KYWD	00396B77:LocTypeDungeon:KYWD	003D4B10:LocLootScaleMedium:KYWD	004713D5:LocTypeChallenge_NukeCity:KYWD	004E855B:LocThemeGeneral:KYWD	0055C698:DungeonTypeTown:KYWD	008A1490:LocTypeHostileTakeover:KYWD		3	ESSChanceMainScorched	5.000000		EMSChanceVariantNormal	45.000000		EMSChanceVariantScorched	5.000000																																																																																																																													0	0	0	None	0	002F706D:SubRegionSwamp06Location:Mire	0.000000	1.000000	
0000414C	LocCranberryBigBendTunnelEastLocation	Big Bend Tunnel East	5	000012A1:LocRegionCranberryBog:KYWD	00022612:LocTypeResponderEyebot:KYWD	0033FE91:LocTypeFastTravelDestination:KYWD	003D5B63:LocLootScaleSmall:KYWD	004E8569:LocThemeOutdoors:KYWD									3	ESSChanceMainScorched	5.000000		EMSChanceVariantNormal	45.000000		EMSChanceVariantScorched	5.000000																																																																																																																													0	0	0	None	0	002F7092:SubRegionCranberry15Location:Cranberry Bog	0.000000	1.000000	
0000414E	LocCranberryBootleggersShackLocation	Bootlegger's Shack	8	000012A1:LocRegionCranberryBog:KYWD	00064EDE:LocTypeClearable:KYWD	0033FE91:LocTypeFastTravelDestination:KYWD	0037FA7F:LocTypeDungeonPOI:KYWD	00396B77:LocTypeDungeon:KYWD	003D5B63:LocLootScaleSmall:KYWD	004E8569:LocThemeOutdoors:KYWD	0055C692:DungeonTypeCompound:KYWD						3	ESSChanceMainScorched	5.000000		EMSChanceVariantNormal	45.000000		EMSChanceVariantScorched	5.000000																																																																																																																													0	0	0	None	0	002EE4E5:SubRegionCranberry02Location:Cranberry Bog	0.000000	1.000000	
0000414F	LocMTRGarrahanEstateLocation	Garrahan Estate	5	0001CA8B:LocRegionMTR:KYWD	0009860C:LocTypeWealthy:KYWD	0033FE91:LocTypeFastTravelDestination:KYWD	003D4B10:LocLootScaleMedium:KYWD	004E8560:LocThemeWealthy:KYWD									1	ESSChanceMainGhouls	5.000000																																																																																																																																			0	0	0	None	0	002EE56A:SubRegionMountainRemoval06Location:The Ash Heap	0.000000	1.000000	
00081B25	LocCranberryGlassedCavernLocation	Glassed Cavern	11	000012A1:LocRegionCranberryBog:KYWD	00003954:LocTypeInteriorCell:KYWD	000254BC:LocTypeDungeonMajor:KYWD	0004F21B:LocTypeSubterranean:KYWD	00064EDE:LocTypeClearable:KYWD	0033FE91:LocTypeFastTravelDestination:KYWD	00396B77:LocTypeDungeon:KYWD	003D5B64:LocLootScaleLarge:KYWD	004E8563:LocThemeMiner:KYWD	0055C6A2:DungeonTypeCave:KYWD	00804F7D:LocTypeFishingLocalLegend:KYWD			4	ESSChanceMainScorched	5.000000		ESSChanceSubMirelurks	5.000000		EMSChanceVariantNormal	45.000000		EMSChanceVariantScorched	5.000000																																																																																																																										0	0	0	None	0	002F7094:SubRegionCranberry17Location:Cranberry Bog	0.000000	1.000000	
00083AAD	LocMountainsWestTekResearchInteriorLocation	West Tek Research Center	8	00003954:LocTypeInteriorCell:KYWD	00064EDE:LocTypeClearable:KYWD	001789F7:LocRegionMountain:KYWD	003D5B64:LocLootScaleLarge:KYWD	004E855F:LocThemeMilitary:KYWD	0057E1EC:LocTypeInstancedCell:KYWD	005ADD9E:LocTypeDailyOps:KYWD	007BD03F:LocTypeFishingExcluded:KYWD						1	ESSChanceMainSuperMutants	5.000000																																																																																																																																			0	0	15	None	99	005FAD0C:LocMountainsWestTekResearchLocation:West Tek Research Center	0.000000	1.000000	
0008FEE3	LocMountainsHuntersvilleLocation	Huntersville	10	00022612:LocTypeResponderEyebot:KYWD	00064EDE:LocTypeClearable:KYWD	001789F7:LocRegionMountain:KYWD	0033FE91:LocTypeFastTravelDestination:KYWD	0037FA7F:LocTypeDungeonPOI:KYWD	00396B77:LocTypeDungeon:KYWD	003D4B10:LocLootScaleMedium:KYWD	004E8564:LocThemeRaider:KYWD	0055C698:DungeonTypeTown:KYWD	008A1490:LocTypeHostileTakeover:KYWD				1	ESSChanceMainSuperMutants	5.000000																																																																																																																																			0	0	0	None	0	00338735:SubRegionMountains21Location:Savage Divide	0.000000	1.000000	
0009549C	LocForestAVRMedicalCenterLocation	AVR Medical Center	9	00003954:LocTypeInteriorCell:KYWD	0001564F:LocRegionForestFloodlands:KYWD	000254BC:LocTypeDungeonMajor:KYWD	00064EDE:LocTypeClearable:KYWD	0033FE91:LocTypeFastTravelDestination:KYWD	00396B77:LocTypeDungeon:KYWD	003D4B10:LocLootScaleMedium:KYWD	004E856A:LocThemeMedical:KYWD	0055C6A4:DungeonTypeMedicalFacility:KYWD					1	ESSChanceMainScorched	5.000000																																																																																																																																			0	0	0	None	0	0031AEE4:SubRegionForestFloodlands26Location:The Forest	0.000000	1.000000	
00019041	LocMTRCamdenParkLocation	Camden Park	9	0001CA8B:LocRegionMTR:KYWD	00064EDE:LocTypeClearable:KYWD	0033FE91:LocTypeFastTravelDestination:KYWD	0037FA7F:LocTypeDungeonPOI:KYWD	00396B77:LocTypeDungeon:KYWD	003D5B64:LocLootScaleLarge:KYWD	004E8561:LocThemeAmusementPark:KYWD	0055C6A7:DungeonTypePark:KYWD	0091A07C:SDOW_LocEncMainSlashers:KYWD					7	ESSChanceMainScorched	5.000000		ESSChanceSubGhoul	5.000000		ESSChanceSubLiberators	5.000000		ESSChanceSubMolerats	5.000000		ESSChanceSubBloatfly	5.000000		ESSChanceSubBloodbug	5.000000		ESSChanceSubTick	5.000000																																																																																																																	0	0	0	None	0	002EE565:SubRegionMountainRemoval01Location:The Ash Heap	0.000000	1.000000	
000193A7	LocMountainsPleasantValleySkiResortLocation	Pleasant Valley Ski Resort	10	00064EDE:LocTypeClearable:KYWD	001789F7:LocRegionMountain:KYWD	0033FE91:LocTypeFastTravelDestination:KYWD	0037FA7F:LocTypeDungeonPOI:KYWD	00396B77:LocTypeDungeon:KYWD	003D4B10:LocLootScaleMedium:KYWD	004E855E:LocThemeWinter:KYWD	0055C69F:DungeonTypeResort:KYWD	008A1490:LocTypeHostileTakeover:KYWD	0091A07C:SDOW_LocEncMainSlashers:KYWD				1	ESSChanceMainScorched	5.000000																																																																																																																																			0	0	0	None	0	002F70F9:SubRegionMountains13LocationLOW:Savage Divide	0.000000	1.000000	
000193A9	LocMountainsPleasantValleyCabinsLocation	Pleasant Valley Cabins	10	00064EDE:LocTypeClearable:KYWD	001789F7:LocRegionMountain:KYWD	0033FE91:LocTypeFastTravelDestination:KYWD	0037FA7F:LocTypeDungeonPOI:KYWD	00396B77:LocTypeDungeon:KYWD	003D4B10:LocLootScaleMedium:KYWD	004E855E:LocThemeWinter:KYWD	0055C69F:DungeonTypeResort:KYWD	008A1490:LocTypeHostileTakeover:KYWD	0091A07C:SDOW_LocEncMainSlashers:KYWD				1	ESSChanceMainScorched	5.000000																																																																																																																																			0	0	0	None	0	002F70F9:SubRegionMountains13LocationLOW:Savage Divide	0.000000	1.000000	
000193AA	LocMountainsTopOfTheWorldLocation	Top of the World	5	001789F7:LocRegionMountain:KYWD	0033FE91:LocTypeFastTravelDestination:KYWD	003A5E71:LocEncSupportLarge:KYWD	003D4B10:LocLootScaleMedium:KYWD	004E855E:LocThemeWinter:KYWD									0																																																																																																																																					0	0	0	None	0	002F70F9:SubRegionMountains13LocationLOW:Savage Divide	0.000000	1.000000	
000193D1	LocForestRiversideManorLocation	Riverside Manor	11	00003954:LocTypeInteriorCell:KYWD	00003955:LocTypeHouse:KYWD	0001564F:LocRegionForestFloodlands:KYWD	000254BC:LocTypeDungeonMajor:KYWD	00064EDE:LocTypeClearable:KYWD	0009860C:LocTypeWealthy:KYWD	0033FE91:LocTypeFastTravelDestination:KYWD	00396B77:LocTypeDungeon:KYWD	003D4B10:LocLootScaleMedium:KYWD	004E8560:LocThemeWealthy:KYWD	0055C697:DungeonTypeHouse:KYWD			2	ESSChanceMainScorched	5.000000		ESSChanceSubMolerats	5.000000																																																																																																																																0	0	0	None	0	0031AEEB:SubRegionForestFloodlands27Location:The Forest	0.000000	1.000000	
0001951E	LocCranberryWatogaEstatesLocation	Watoga Estates	6	000012A1:LocRegionCranberryBog:KYWD	00064EDE:LocTypeClearable:KYWD	0009860C:LocTypeWealthy:KYWD	0033FE91:LocTypeFastTravelDestination:KYWD	003D5B63:LocLootScaleSmall:KYWD	004E8560:LocThemeWealthy:KYWD								2	EMSChanceVariantNormal	45.000000		EMSChanceVariantScorched	5.000000																																																																																																																																0	0	0	None	0	00006D9C:LocCranberryWatogaLocation:Watoga	0.000000	1.000000	
00055E01	LocSwampDyerChemicalLocation	Dyer Chemical	11	00003954:LocTypeInteriorCell:KYWD	0001CA8C:LocRegionSwampForest:KYWD	00064EDE:LocTypeClearable:KYWD	0033FE91:LocTypeFastTravelDestination:KYWD	0037FA7F:LocTypeDungeonPOI:KYWD	00396B77:LocTypeDungeon:KYWD	003D5B64:LocLootScaleLarge:KYWD	004E855C:LocThemeWorkingClass:KYWD	0055C6A3:DungeonTypeFactory:KYWD	007BD03F:LocTypeFishingExcluded:KYWD	008A1490:LocTypeHostileTakeover:KYWD			4	ESSChanceMainRobots	5.000000		ESSChanceSubGhoul	5.000000		EMSChanceVariantNormal	45.000000		EMSChanceVariantScorched	5.000000																																																																																																																										0	0	0	None	0	002F706E:SubRegionSwamp07Location:Mire	0.000000	1.000000	
00058499	LocSwampHavenChurchLocation	Haven Church	5	0001CA8C:LocRegionSwampForest:KYWD	00022612:LocTypeResponderEyebot:KYWD	0033FE91:LocTypeFastTravelDestination:KYWD	003D5B63:LocLootScaleSmall:KYWD	004E855B:LocThemeGeneral:KYWD									7	ESSChanceMainGhouls	5.000000		EMSChanceVariantNormal	45.000000		EMSChanceVariantScorched	5.000000		ESSChanceSubBloatfly	5.000000		ESSChanceSubBloodbug	5.000000		ESSChanceSubRadAnt	5.000000		ESSChanceSubTick	5.000000																																																																																																																	0	0	0	None	0	002F706E:SubRegionSwamp07Location:Mire	0.000000	1.000000	
0005CC3C	LocToxicClarksburgLocation	Clarksburg	11	00064EDE:LocTypeClearable:KYWD	00088AAB:LocRegionToxicValley:KYWD	000AC697:LocTypeENs02ExterminationSite:KYWD	0033FE91:LocTypeFastTravelDestination:KYWD	0037FA7F:LocTypeDungeonPOI:KYWD	00396B77:LocTypeDungeon:KYWD	003A5E71:LocEncSupportLarge:KYWD	003A5E72:LocEncSupportGiant:KYWD	003D4B10:LocLootScaleMedium:KYWD	004E855B:LocThemeGeneral:KYWD	0055C698:DungeonTypeTown:KYWD			2	ESSChanceMainRobots	5.000000		ESSChanceSubGhoul	5.000000																																																																																																																																0	0	0	None	0	002F7081:SubRegionToxicValley06LocationLOW:Toxic Valley	0.000000	1.000000	
0005F07F	LocToxicClarksburgShootingClubLocation	Clarksburg Shooting Club	4	00088AAB:LocRegionToxicValley:KYWD	0033FE91:LocTypeFastTravelDestination:KYWD	003D5B63:LocLootScaleSmall:KYWD	004E8569:LocThemeOutdoors:KYWD										0																																																																																																																																					0	0	0	None	0	002F7082:SubRegionToxicValley07Location:Toxic Valley	0.000000	1.000000	
0005F08F	LocForestCowSpotsCreameryLocation	Cow Spots Creamery	8	0001564F:LocRegionForestFloodlands:KYWD	00064EDE:LocTypeClearable:KYWD	0033FE91:LocTypeFastTravelDestination:KYWD	0037FA7F:LocTypeDungeonPOI:KYWD	00396B77:LocTypeDungeon:KYWD	003D5B63:LocLootScaleSmall:KYWD	004E855C:LocThemeWorkingClass:KYWD	0055C6A0:DungeonTypeRestaurant:KYWD						1	ESSChanceMainGhouls	5.000000																																																																																																																																			0	0	0	None	0	0031AEE0:SubRegionForestFloodlands22Location:The Forest	0.000000	1.000000	
000616AB	LocSacramentalGladeLocation	Sacramental Glade	9	000012A1:LocRegionCranberryBog:KYWD	0033FE91:LocTypeFastTravelDestination:KYWD	0037FA7F:LocTypeDungeonPOI:KYWD	00396B77:LocTypeDungeon:KYWD	003A5E71:LocEncSupportLarge:KYWD	003A5E72:LocEncSupportGiant:KYWD	003D5B63:LocLootScaleSmall:KYWD	004E8569:LocThemeOutdoors:KYWD	0055C69C:DungeonTypeWilderness:KYWD					3	ESSChanceMainMirelurks	5.000000		EMSChanceVariantNormal	45.000000		EMSChanceVariantScorched	5.000000																																																																																																																													0	0	0	None	0	002F7091:SubRegionCranberry14Location:Cranberry Bog	0.000000	1.000000	
000616B3	LocToxicTheCraterLocation	The Crater	9	00022611:LocTypeSettlement:KYWD	00064EDE:LocTypeClearable:KYWD	00088AAB:LocRegionToxicValley:KYWD	0033FE91:LocTypeFastTravelDestination:KYWD	003D5B63:LocLootScaleSmall:KYWD	004E8564:LocThemeRaider:KYWD	0055C6AC:LocEncMainRaider:KYWD	005618FD:LocSettlementCrater:KYWD	0057E1EC:LocTypeInstancedCell:KYWD					0																																																																																																																																					0	0	0	None	0	002F707F:SubRegionToxicValley04Location:Toxic Valley	0.000000	1.000000	
000616B8	LocMountainsCultistCaveLocation	Lucky Hole Mine	12	00003954:LocTypeInteriorCell:KYWD	00022612:LocTypeResponderEyebot:KYWD	000254BC:LocTypeDungeonMajor:KYWD	00064EDE:LocTypeClearable:KYWD	001789F7:LocRegionMountain:KYWD	0033FE91:LocTypeFastTravelDestination:KYWD	00396B77:LocTypeDungeon:KYWD	003D4B10:LocLootScaleMedium:KYWD	0051ABD4:LocThemeCultist:KYWD	0055C69A:DungeonTypeMine:KYWD	0055F245:LocEncMainCultist:KYWD	007BD03F:LocTypeFishingExcluded:KYWD		4	ESSChanceSubMolerats	5.000000		ESSChanceSubRats	5.000000		ESSChanceSubRadAnt	5.000000		ESSChanceSubCaveCricket	5.000000																																																																																																																										0	0	0	None	0	0033873A:SubRegionMountains26Location:Savage Divide	0.000000	1.000000	
000616C9	MTR_AutoMinerPOI01	Auto Miner Outpost #01	1	000616CA:LocTypeAutoMiners:KYWD													0																																																																																																																																					0	0	0	None	0	0001558C:AppalachiaLocation:Appalachia	0.000000	1.000000	
0005AD21	LocMountainsDevilsBackboneLocation	Devil's Backbone	3	001789F7:LocRegionMountain:KYWD	0033FE91:LocTypeFastTravelDestination:KYWD	004E8564:LocThemeRaider:KYWD											0																																																																																																																																					0	0	0	None	0	00338736:SubRegionMountains22Location:Savage Divide	0.000000	1.000000	
0005AD70	LocSwampDollySodsWildernessLocation	Dolly Sods Wilderness	9	0001CA8C:LocRegionSwampForest:KYWD	00064EDE:LocTypeClearable:KYWD	0033FE91:LocTypeFastTravelDestination:KYWD	0037FA7F:LocTypeDungeonPOI:KYWD	00396B77:LocTypeDungeon:KYWD	003A5E71:LocEncSupportLarge:KYWD	003D4B10:LocLootScaleMedium:KYWD	004E8569:LocThemeOutdoors:KYWD	0055C693:DungeonTypeCamp:KYWD					9	ESSChanceSubGhoul	5.000000		ESSChanceSubInsect	5.000000		ESSChanceMainYaoGuaiLARGE	5.000000		ESSChanceSubViciousDog	5.000000		EMSChanceVariantNormal	45.000000		EMSChanceVariantScorched	5.000000		ESSChanceSubBloatfly	5.000000		ESSChanceSubBloodbug	5.000000		ESSChanceSubRadAnt	5.000000																																																																																																											0	0	0	None	0	002F706B:SubRegionSwamp04Location:Mire	0.000000	1.000000	
0005AEEA	LocForestLewisAndSonsFarmingSupplyLocation	Lewis & Sons Farming Supply	4	0001564F:LocRegionForestFloodlands:KYWD	0033FE91:LocTypeFastTravelDestination:KYWD	003D5B63:LocLootScaleSmall:KYWD	004E8569:LocThemeOutdoors:KYWD										0																																																																																																																																					0	0	0	None	0	0031AEE3:SubRegionForestFloodlands25Location:The Forest	0.000000	1.000000	
0005D338	LocForestBillingsHomesteadLocation	Billings Homestead	7	0001564F:LocRegionForestFloodlands:KYWD	000234F1:LocTypeWorkshop:KYWD	00064EDE:LocTypeClearable:KYWD	0033FE91:LocTypeFastTravelDestination:KYWD	003AEDF7:LocTypeWorkshopPublic:KYWD	003D5B62:LocLootScalePOI:KYWD	004E8569:LocThemeOutdoors:KYWD							5	Food	5.000000		Water	3.000000		ESSChanceMainGhouls	5.000000		ResourceAV_FertilizerBrahmin	3.000000		ResourceAV_Scavenge	1.000000																																																																																																																							0	0	0	None	0	0031AEDF:SubRegionForestFloodlands21Location:The Forest	0.000000	1.000000	
0005F0BE	LocForestHelvetiaLocation	Helvetia	5	0001564F:LocRegionForestFloodlands:KYWD	0033FE91:LocTypeFastTravelDestination:KYWD	003A5E71:LocEncSupportLarge:KYWD	003D4B10:LocLootScaleMedium:KYWD	004E855B:LocThemeGeneral:KYWD									1	ESSChanceMainScorched	5.000000																																																																																																																																			0	0	0	None	0	002EE555:SubRegionForestFloodlands19Location:The Forest	0.000000	1.000000	
0005F800	LocCranberryKerwoodMineLocation	Kerwood Mine	12	000012A1:LocRegionCranberryBog:KYWD	00003954:LocTypeInteriorCell:KYWD	00022612:LocTypeResponderEyebot:KYWD	000254BC:LocTypeDungeonMajor:KYWD	0004F21B:LocTypeSubterranean:KYWD	00064EDE:LocTypeClearable:KYWD	0033FE91:LocTypeFastTravelDestination:KYWD	00396B77:LocTypeDungeon:KYWD	003D4B10:LocLootScaleMedium:KYWD	004E8563:LocThemeMiner:KYWD	0055C69A:DungeonTypeMine:KYWD	0057E1EC:LocTypeInstancedCell:KYWD		7	ESSChanceMainMoleMiner	5.000000		ESSChanceSubViciousDog	5.000000		ESSChanceSubMolerats	5.000000		ESSChanceSubRats	5.000000		EMSChanceVariantNormal	45.000000		EMSChanceVariantScorched	5.000000		ESSChanceSubRadAnt	5.000000																																																																																																																	0	0	0	None	0	002EA098:SubRegionCranberry01Location:Cranberry Bog	0.000000	1.000000	
00061769	LocCranberryFloodedTrainyardLocation	Flooded Trainyard	9	000012A1:LocRegionCranberryBog:KYWD	00022612:LocTypeResponderEyebot:KYWD	00064EDE:LocTypeClearable:KYWD	0033FE91:LocTypeFastTravelDestination:KYWD	0037FA7F:LocTypeDungeonPOI:KYWD	00396B77:LocTypeDungeon:KYWD	003A5E71:LocEncSupportLarge:KYWD	003D4B10:LocLootScaleMedium:KYWD	004E8569:LocThemeOutdoors:KYWD					3	ESSChanceMainMutationsLARGE	5.000000		EMSChanceVariantNormal	45.000000		EMSChanceVariantScorched	5.000000																																																																																																																													0	0	0	None	0	002F7093:SubRegionCranberry16Location:Cranberry Bog	0.000000	1.000000	
000617D2	LocSwampFreddyFearsHouseOfScaresLocation	Freddy Fear's House of Scares	6	0001CA8C:LocRegionSwampForest:KYWD	00064EDE:LocTypeClearable:KYWD	0033FE91:LocTypeFastTravelDestination:KYWD	003D5B63:LocLootScaleSmall:KYWD	004E8569:LocThemeOutdoors:KYWD	0091A07C:SDOW_LocEncMainSlashers:KYWD								4	ESSChanceMainGhouls	5.000000		ESSChanceSubRats	5.000000		EMSChanceVariantNormal	45.000000		EMSChanceVariantScorched	5.000000																																																																																																																										0	0	0	None	0	002F7069:SubRegionSwamp02Location:Mire	0.000000	1.000000	
00063DC7	LocForestGorgeJunkyardLocation	Gorge Junkyard	7	0001564F:LocRegionForestFloodlands:KYWD	000234F1:LocTypeWorkshop:KYWD	00064EDE:LocTypeClearable:KYWD	0033FE91:LocTypeFastTravelDestination:KYWD	003AEDF7:LocTypeWorkshopPublic:KYWD	003D4B10:LocLootScaleMedium:KYWD	004E8569:LocThemeOutdoors:KYWD							6	Food	5.000000		Water	3.000000		ESSChanceMainRobots	5.000000		ResourceAV_FertilizerBrahmin	1.000000		ResourceAV_Scavenge	3.000000		ESSChanceSubTick	5.000000																																																																																																																				0	0	0	Workshop	0	002EE527:SubRegionForestFloodlands08LocationLOW:The Forest	0.000000	1.000000	
0006D2F2	LocToxicGraftonSteelLocation	Grafton Steel	7	00022612:LocTypeResponderEyebot:KYWD	00064EDE:LocTypeClearable:KYWD	00088AAB:LocRegionToxicValley:KYWD	0033FE91:LocTypeFastTravelDestination:KYWD	003D4B10:LocLootScaleMedium:KYWD	004E855C:LocThemeWorkingClass:KYWD	008A1490:LocTypeHostileTakeover:KYWD							2	ESSChanceSubGhoul	10.000000		ESSChanceMainSuperMutants	5.000000																																																																																																																																0	0	0	None	0	002F7082:SubRegionToxicValley07Location:Toxic Valley	0.000000	1.000000	
0006DE2D	LocToxicGraftonLocation	Grafton	8	0000BA1C:LocTypeENz01DropRegion:KYWD	0000BC69:LocTypeENz01DropSite:KYWD	00088AAB:LocRegionToxicValley:KYWD	0033FE91:LocTypeFastTravelDestination:KYWD	003D5B64:LocLootScaleLarge:KYWD	004713D5:LocTypeChallenge_NukeCity:KYWD	004E855B:LocThemeGeneral:KYWD	008A1490:LocTypeHostileTakeover:KYWD						2	ESSChanceMainSuperMutants	5.000000		ESSChanceSubToadLARGE	5.000000																																																																																																																																0	0	0	None	0	002F7081:SubRegionToxicValley06LocationLOW:Toxic Valley	0.000000	1.000000	
0006DE3F	LocMountainsNationalRadioResearchCenterLocation	National Radio Research Center	9	00003954:LocTypeInteriorCell:KYWD	000254BC:LocTypeDungeonMajor:KYWD	00064EDE:LocTypeClearable:KYWD	001789F7:LocRegionMountain:KYWD	0033FE91:LocTypeFastTravelDestination:KYWD	00396B77:LocTypeDungeon:KYWD	003D4B10:LocLootScaleMedium:KYWD	004E855F:LocThemeMilitary:KYWD	0055C699:DungeonTypeCommBuilding:KYWD					1	ESSChanceMainScorched	5.000000																																																																																																																																			0	0	0	None	0	002F70FF:SubRegionMountains19Location:Savage Divide	0.000000	1.000000	
00070368	LocSwampHarpersFerryLocation	Harpers Ferry	8	0000BA1C:LocTypeENz01DropRegion:KYWD	0000BC69:LocTypeENz01DropSite:KYWD	0001CA8C:LocRegionSwampForest:KYWD	0033FE91:LocTypeFastTravelDestination:KYWD	003D5B64:LocLootScaleLarge:KYWD	004713D5:LocTypeChallenge_NukeCity:KYWD	004E855B:LocThemeGeneral:KYWD	008A1490:LocTypeHostileTakeover:KYWD						7	ESSChanceMainScorched	5.000000		ESSChanceSubGhoul	5.000000		ESSChanceSubScorched	5.000000		ESSChanceMainSuperMutants	5.000000		ESSChanceSubSuperMutants	5.000000		EMSChanceVariantNormal	45.000000		EMSChanceVariantScorched	5.000000																																																																																																																	0	0	0	None	0	002F706F:SubRegionSwamp08Location:Mire	0.000000	1.000000	
000703D0	LocToxicHemlockHolesLocation	Hemlock Holes	5	00064EDE:LocTypeClearable:KYWD	00088AAB:LocRegionToxicValley:KYWD	0033FE91:LocTypeFastTravelDestination:KYWD	003D5B63:LocLootScaleSmall:KYWD	004E8560:LocThemeWealthy:KYWD									1	ESSChanceMainMutationsLARGE	5.000000																																																																																																																																			0	0	0	Workshop	0	002F707C:SubRegionToxicValley01Location:Toxic Valley	0.000000	1.000000	
00071A90	LocForestHillfolkHotdogsLocation	Hillfolk Hotdogs	8	0001564F:LocRegionForestFloodlands:KYWD	00064EDE:LocTypeClearable:KYWD	0033FE91:LocTypeFastTravelDestination:KYWD	0037FA7F:LocTypeDungeonPOI:KYWD	00396B77:LocTypeDungeon:KYWD	003D5B62:LocLootScalePOI:KYWD	004E8569:LocThemeOutdoors:KYWD	0055C6A0:DungeonTypeRestaurant:KYWD						1	ESSChanceMainMolerats	5.000000																																																																																																																																			0	0	0	None	0	002EE535:SubRegionForestFloodlands16LocationLOW:The Forest	0.000000	1.000000	
00071AA4	LocForestTygartWaterTreatmentLocation	Tygart Water Treatment	8	0001564F:LocRegionForestFloodlands:KYWD	00064EDE:LocTypeClearable:KYWD	0033FE91:LocTypeFastTravelDestination:KYWD	0037FA7F:LocTypeDungeonPOI:KYWD	00396B77:LocTypeDungeon:KYWD	003D5B63:LocLootScaleSmall:KYWD	004E855C:LocThemeWorkingClass:KYWD	0055C692:DungeonTypeCompound:KYWD						2	ESSChanceSubMirelurks	5.000000		ESSChanceMainLiberators	5.000000																																																																																																																																0	0	0	None	0	002EE555:SubRegionForestFloodlands19Location:The Forest	0.000000	1.000000	
00071ACC	LocSwampHuntersShackLocation	Hunter's Shack	4	0001CA8C:LocRegionSwampForest:KYWD	0033FE91:LocTypeFastTravelDestination:KYWD	003D5B62:LocLootScalePOI:KYWD	004E8569:LocThemeOutdoors:KYWD										2	EMSChanceVariantNormal	45.000000		EMSChanceVariantScorched	5.000000																																																																																																																																0	0	0	None	0	002F7069:SubRegionSwamp02Location:Mire	0.000000	1.000000	
000725FA	LocToxicBlackBearLodgeLocation	Black Bear Lodge	8	00064EDE:LocTypeClearable:KYWD	00088AAB:LocRegionToxicValley:KYWD	0033FE91:LocTypeFastTravelDestination:KYWD	0037FA7F:LocTypeDungeonPOI:KYWD	00396B77:LocTypeDungeon:KYWD	003D4B10:LocLootScaleMedium:KYWD	004E8569:LocThemeOutdoors:KYWD	0055C694:DungeonTypeCabin:KYWD						1	ESSChanceMainScorched	5.000000																																																																																																																																			0	0	0	None	0	002F707E:SubRegionToxicValley03Location:Toxic Valley	0.000000	1.000000	
000725FF	LocMountainsBigFredsBBQShackLocation	Big Fred's BBQ Shack	4	001789F7:LocRegionMountain:KYWD	0033FE91:LocTypeFastTravelDestination:KYWD	003D5B63:LocLootScaleSmall:KYWD	004E8569:LocThemeOutdoors:KYWD										1	ESSChanceCritterAFox	5.000000																																																																																																																																			0	0	0	None	0	002F70FE:SubRegionMountains18Location:Savage Divide	0.000000	1.000000	
00072603	LocForestIsolatedCabinLocation	Isolated Cabin	4	0001564F:LocRegionForestFloodlands:KYWD	0033FE91:LocTypeFastTravelDestination:KYWD	003D5B62:LocLootScalePOI:KYWD	004E8569:LocThemeOutdoors:KYWD										0																																																																																																																																					0	0	0	None	0	002EE52F:SubRegionForestFloodlands13LocationLOW:The Forest	0.000000	1.000000	
00073D6B	LocMTRSalsGrindersLocation	Sal's Grinders	4	0001CA8B:LocRegionMTR:KYWD	0033FE91:LocTypeFastTravelDestination:KYWD	003D5B63:LocLootScaleSmall:KYWD	004E855B:LocThemeGeneral:KYWD										2	ESSChanceMainGhouls	5.000000		ESSChanceSubRobots	5.000000																																																																																																																																0	0	0	None	0	002EE568:SubRegionMountainRemoval04Location:The Ash Heap	0.000000	1.000000	
00073D6C	LocCranberryWatogaMunicipalCenterLocation	Watoga Municipal Center	9	000012A1:LocRegionCranberryBog:KYWD	00003954:LocTypeInteriorCell:KYWD	00064EDE:LocTypeClearable:KYWD	0033FE91:LocTypeFastTravelDestination:KYWD	0037FA7F:LocTypeDungeonPOI:KYWD	00396B77:LocTypeDungeon:KYWD	003D4B10:LocLootScaleMedium:KYWD	004E855D:LocThemeWhiteCollar:KYWD	0055C6A6:DungeonTypeCivicBuilding:KYWD					3	ESSChanceMainScorched	5.000000		EMSChanceVariantNormal	45.000000		EMSChanceVariantScorched	5.000000																																																																																																																													0	0	0	None	0	00006D9C:LocCranberryWatogaLocation:Watoga	0.000000	1.000000	
00073D70	LocCranberryAMSCorporateHQInteriorLocation	AMS Corporate Headquarters	6	000012A1:LocRegionCranberryBog:KYWD	00003954:LocTypeInteriorCell:KYWD	0033FE91:LocTypeFastTravelDestination:KYWD	003D4B10:LocLootScaleMedium:KYWD	004E855D:LocThemeWhiteCollar:KYWD	0057E1EC:LocTypeInstancedCell:KYWD								3	ESSChanceMainRobots	5.000000		EMSChanceVariantNormal	45.000000		EMSChanceVariantScorched	5.000000																																																																																																																													0	0	0	None	0	002F7090:SubRegionCranberry13Location:Cranberry Bog	0.000000	1.000000	
00073D7A	LocCranberryWatogaShoppingPlazaLocation	Watoga Shopping Plaza	4	000012A1:LocRegionCranberryBog:KYWD	0033FE91:LocTypeFastTravelDestination:KYWD	003D5B63:LocLootScaleSmall:KYWD	004E8560:LocThemeWealthy:KYWD										3	ESSChanceMainRobots	5.000000		EMSChanceVariantNormal	45.000000		EMSChanceVariantScorched	5.000000																																																																																																																													0	0	0	None	0	00006D9C:LocCranberryWatogaLocation:Watoga	0.000000	1.000000	
00073D7B	LocCranberryWatogaTransitHubLocation	Watoga Transit Hub	4	000012A1:LocRegionCranberryBog:KYWD	0033FE91:LocTypeFastTravelDestination:KYWD	003D5B63:LocLootScaleSmall:KYWD	004E855D:LocThemeWhiteCollar:KYWD										2	EMSChanceVariantNormal	45.000000		EMSChanceVariantScorched	5.000000																																																																																																																																0	0	0	None	0	00006D9C:LocCranberryWatogaLocation:Watoga	0.000000	1.000000	
00073D7C	LocCranberryWatogaCivicCenterExteriorLocation	Watoga Civic Center	2	000012A1:LocRegionCranberryBog:KYWD	0033FE91:LocTypeFastTravelDestination:KYWD												3	ESSChanceMainScorched	5.000000		EMSChanceVariantNormal	45.000000		EMSChanceVariantScorched	5.000000																																																																																																																													0	0	0	None	0	00006D9C:LocCranberryWatogaLocation:Watoga	0.000000	1.000000	
00073D7D	LocCranberryWatogaHighSchoolLocation	Watoga High School	5	000012A1:LocRegionCranberryBog:KYWD	00003954:LocTypeInteriorCell:KYWD	0033FE91:LocTypeFastTravelDestination:KYWD	003D4B10:LocLootScaleMedium:KYWD	004E855D:LocThemeWhiteCollar:KYWD									7	ESSChanceMainRobots	5.000000		ESSChanceSubRats	5.000000		EMSChanceVariantNormal	45.000000		EMSChanceVariantScorched	5.000000		ESSChanceSubBloatfly	5.000000		ESSChanceSubBloodbug	5.000000		ESSChanceSubRadAnt	5.000000																																																																																																																	0	0	0	None	0	00006D9C:LocCranberryWatogaLocation:Watoga	0.000000	1.000000	
00004064	TestESSLocation	Encounter Spawn Test Location	1	0033FE91:LocTypeFastTravelDestination:KYWD													35	ESSChanceMainGhouls	5.000000		ESSChanceMainInsects	5.000000		ESSChanceMainScorched	5.000000		ESSChanceMainRobots	5.000000		ESSChanceMainMirelurks	5.000000		ESSChanceMainSwampLARGE	5.000000		ESSChanceSubGhoul	5.000000		ESSChanceSubInsect	5.000000		ESSChanceSubMirelurks	5.000000		ESSChanceSubRobots	5.000000		ESSChanceSubScorched	5.000000		ESSChanceSubSwampLARGE	5.000000		ESSChanceMainSuperMutants	5.000000		ESSChanceSubSuperMutants	5.000000		ESSChanceMainMutationsLARGE	5.000000		ESSChanceMainLiberators	5.000000		ESSChanceMainDeathclawGIANTONLY	5.000000		ESSChanceMainHoneyBeastLARGE	5.000000		ESSChanceMainMegaslothGIANTONLY	5.000000		ESSChanceMainMolerats	5.000000		ESSChanceMainRats	5.000000		ESSChanceMainScorpionsLARGE	5.000000		ESSChanceMainYaoGuaiLARGE	5.000000		ESSChanceSubLiberators	5.000000		ESSChanceMainMoleMiner	5.000000		ESSChanceSubMutationsLARGE	5.000000		ESSChanceSubViciousDog	5.000000		ESSChanceSubDeathclawGIANTONLY	5.000000		ESSChanceSubHoneyBeastLARGE	5.000000		ESSChanceSubMegaslothGIANTONLY	5.000000		ESSChanceSubMolerats	5.000000		ESSChanceSubRats	5.000000		ESSChanceSubScorpionsLARGE	5.000000		ESSChanceSubYaoGuaiLARGE	5.000000		ESSChanceSubMoleMiners	5.000000																													0	0	0	None	0	0001558C:AppalachiaLocation:Appalachia	0.000000	1.000000	
00015B39	LocMTRLakeReynoldsLocation	Lake Reynolds	8	0001CA8B:LocRegionMTR:KYWD	00064EDE:LocTypeClearable:KYWD	0033FE91:LocTypeFastTravelDestination:KYWD	0037FA7F:LocTypeDungeonPOI:KYWD	00396B77:LocTypeDungeon:KYWD	003D5B63:LocLootScaleSmall:KYWD	004E8569:LocThemeOutdoors:KYWD	0055C6A7:DungeonTypePark:KYWD						1	ESSChanceMainMirelurks	5.000000																																																																																																																																			0	0	0	None	0	002EE56A:SubRegionMountainRemoval06Location:The Ash Heap	0.000000	1.000000	
0008EDB3	LocForestLakesideCabinsLocation	Lakeside Cabins	7	0001564F:LocRegionForestFloodlands:KYWD	000234F1:LocTypeWorkshop:KYWD	00064EDE:LocTypeClearable:KYWD	0033FE91:LocTypeFastTravelDestination:KYWD	003AEDF7:LocTypeWorkshopPublic:KYWD	003D5B63:LocLootScaleSmall:KYWD	004E8560:LocThemeWealthy:KYWD							6	Food	6.000000		Water	6.000000		ESSChanceMainGhouls	5.000000		ResourceAV_FertilizerBrahmin	1.000000		ResourceAV_Scavenge	1.000000		WorkshopBudgetLocation	1500.000000																																																																																																																				0	0	0	Workshop	0	0031AEE2:SubRegionForestFloodlands24Location:The Forest	0.000000	1.000000	
0009056E	LocMTRLewisburgLocation	Lewisburg	11	0001CA8B:LocRegionMTR:KYWD	00064EDE:LocTypeClearable:KYWD	0033FE91:LocTypeFastTravelDestination:KYWD	0037FA7F:LocTypeDungeonPOI:KYWD	00396B77:LocTypeDungeon:KYWD	003A5E71:LocEncSupportLarge:KYWD	003D4B10:LocLootScaleMedium:KYWD	004713D5:LocTypeChallenge_NukeCity:KYWD	004E855B:LocThemeGeneral:KYWD	0055C698:DungeonTypeTown:KYWD	008A1490:LocTypeHostileTakeover:KYWD			1	ESSChanceMainGhouls	5.000000																																																																																																																																			0	0	0	None	0	002EE567:SubRegionMountainRemoval03Location:The Ash Heap	0.000000	1.000000	
00090579	LocMountainsUncannyCavernsInteriorLocation	Uncanny Caverns	8	00003954:LocTypeInteriorCell:KYWD	00022612:LocTypeResponderEyebot:KYWD	0004F21B:LocTypeSubterranean:KYWD	001789F7:LocRegionMountain:KYWD	003D4B10:LocLootScaleMedium:KYWD	004E8563:LocThemeMiner:KYWD	0057E1EC:LocTypeInstancedCell:KYWD	007BD03F:LocTypeFishingExcluded:KYWD						6	ESSChanceMainMirelurks	5.000000		ESSChanceSubMolerats	5.000000		ESSChanceSubRats	5.000000		ESSChanceSubWolf	5.000000		ESSChanceSubBloatfly	5.000000		ESSChanceSubCaveCricket	5.000000																																																																																																																				0	0	0	None	0	00338737:SubRegionMountains23Location:Savage Divide	0.000000	1.000000	
00090629	LocForestSunshineMeadowsLocation	Sunshine Meadows Industrial Farm	7	0001564F:LocRegionForestFloodlands:KYWD	000234F1:LocTypeWorkshop:KYWD	00064EDE:LocTypeClearable:KYWD	0033FE91:LocTypeFastTravelDestination:KYWD	003AEDF7:LocTypeWorkshopPublic:KYWD	003D5B63:LocLootScaleSmall:KYWD	004E855C:LocThemeWorkingClass:KYWD							11	Food	10.000000		Water	3.000000		ESSChanceMainGhouls	5.000000		ResourceAV_FertilizerBrahmin	1.000000		ResourceAV_Scavenge	1.000000		WorkshopBudgetLocation	1500.000000		ResourceAV_FoodPackaged00	1.000000		ResourceAV_FoodPackaged01	1.000000		ResourceAV_FoodPackaged02	1.000000		ResourceAV_FoodPackaged03	1.000000		ResourceAV_FoodPackaged04	1.000000																																																																																																					0	0	0	Workshop	0	002EE535:SubRegionForestFloodlands16LocationLOW:The Forest	5000.000000	1.000000	
00091F07	LocMountainsMonongahPowerPlantLocation	Monongah Power Plant	8	00003954:LocTypeInteriorCell:KYWD	00064EDE:LocTypeClearable:KYWD	001789F7:LocRegionMountain:KYWD	0033FE91:LocTypeFastTravelDestination:KYWD	003D5B64:LocLootScaleLarge:KYWD	003E7F19:PowerPlantLocationKeyword:KYWD	004E855C:LocThemeWorkingClass:KYWD	007BD03F:LocTypeFishingExcluded:KYWD						2	ESSChanceMainGhouls	5.000000		ESSChanceSubMoleMiners	5.000000																																																																																																																																0	0	0	None	0	002F70F6:SubRegionMountains10Location:Savage Divide	0.000000	1.000000	
00091F0A	LocForestGregsMineSupplyLocation	Greg's Mine Supply	10	0001564F:LocRegionForestFloodlands:KYWD	00064EDE:LocTypeClearable:KYWD	0033FE91:LocTypeFastTravelDestination:KYWD	0037FA7F:LocTypeDungeonPOI:KYWD	00396B77:LocTypeDungeon:KYWD	003A5E71:LocEncSupportLarge:KYWD	003D5B63:LocLootScaleSmall:KYWD	004E855C:LocThemeWorkingClass:KYWD	0055C69E:DungeonTypeStore:KYWD	008A1490:LocTypeHostileTakeover:KYWD				1	ESSChanceMainScorched	5.000000																																																																																																																																			0	0	0	None	0	002EE534:SubRegionForestFloodlands15Location:The Forest	0.000000	1.000000	
0009210C	LocMountainsMinersMonumentLocation	Miners Monument	5	00064EDE:LocTypeClearable:KYWD	001789F7:LocRegionMountain:KYWD	0033FE91:LocTypeFastTravelDestination:KYWD	003D5B63:LocLootScaleSmall:KYWD	004E855B:LocThemeGeneral:KYWD									1	ESSChanceMainRobots	5.000000																																																																																																																																			0	0	0	None	0	0033873A:SubRegionMountains26Location:Savage Divide	0.000000	1.000000	
000921AE	LocMountainsSugarGroveMissileSiloInteriorLocation	Missile Silo Alpha	8	00003954:LocTypeInteriorCell:KYWD	0004E16F:SQ_IgnoreDeath:KYWD	001789F7:LocRegionMountain:KYWD	0033FE91:LocTypeFastTravelDestination:KYWD	003D5B65:LocLootScaleGiant:KYWD	003DA753:LocTypeMissileSilo:KYWD	004E855F:LocThemeMilitary:KYWD	007BD03F:LocTypeFishingExcluded:KYWD						1	ESSChanceMainRobots	5.000000																																																																																																																																			0	0	35	None	99	0050FDF4:LocMountainsSugarGroveMissileSiloExteriorLocation:Missile Silo Alpha	0.000000	1.000000	
00092213	LocMountainsMonongahMissileSiloInteriorLocation	Missile Silo Bravo	8	00003954:LocTypeInteriorCell:KYWD	0004E16F:SQ_IgnoreDeath:KYWD	001789F7:LocRegionMountain:KYWD	0033FE91:LocTypeFastTravelDestination:KYWD	003D5B65:LocLootScaleGiant:KYWD	003DA753:LocTypeMissileSilo:KYWD	004E855F:LocThemeMilitary:KYWD	007BD03F:LocTypeFishingExcluded:KYWD						1	ESSChanceMainRobots	5.000000																																																																																																																																			0	0	35	None	99	0051B059:LocMountainsMonongahMissileSiloExteriorLocation:Missile Silo Bravo	0.000000	1.000000	
00092214	LocMountainsSpruceKnobMissileSiloInteriorLocation	Missile Silo Charlie	8	00003954:LocTypeInteriorCell:KYWD	0004E16F:SQ_IgnoreDeath:KYWD	001789F7:LocRegionMountain:KYWD	0033FE91:LocTypeFastTravelDestination:KYWD	003D5B65:LocLootScaleGiant:KYWD	003DA753:LocTypeMissileSilo:KYWD	004E855F:LocThemeMilitary:KYWD	007BD03F:LocTypeFishingExcluded:KYWD						1	ESSChanceMainRobots	5.000000																																																																																																																																			0	0	35	None	99	0051B05A:LocMountainsSpruceKnobMissileSiloExteriorLocation:Missile Silo Charlie	0.000000	1.000000	
00092237	LocMountainsMonongahMineLocation	Monongah Mine	4	001789F7:LocRegionMountain:KYWD	0033FE91:LocTypeFastTravelDestination:KYWD	003D5B63:LocLootScaleSmall:KYWD	004E8563:LocThemeMiner:KYWD										1	ESSChanceMainMoleMiner	5.000000																																																																																																																																			0	0	0	None	0	002F70F3:SubRegionMountains07Location:Savage Divide	0.000000	1.000000	
000939D4	LocMountainsRGProcessingServicesLocation	R & G Processing Services	8	00064EDE:LocTypeClearable:KYWD	001789F7:LocRegionMountain:KYWD	0033FE91:LocTypeFastTravelDestination:KYWD	0037FA7F:LocTypeDungeonPOI:KYWD	00396B77:LocTypeDungeon:KYWD	003D5B63:LocLootScaleSmall:KYWD	004E8564:LocThemeRaider:KYWD	0055C6A3:DungeonTypeFactory:KYWD						1	ESSChanceMainGhouls	5.000000																																																																																																																																			0	0	0	None	0	0033873C:SubRegionMountains28Location:Savage Divide	0.000000	1.000000	
00093ADE	LocMountainsMonongahLocation	Monongah	10	00064EDE:LocTypeClearable:KYWD	001789F7:LocRegionMountain:KYWD	0033FE91:LocTypeFastTravelDestination:KYWD	0037FA7F:LocTypeDungeonPOI:KYWD	00396B77:LocTypeDungeon:KYWD	003A5E71:LocEncSupportLarge:KYWD	003D4B10:LocLootScaleMedium:KYWD	004713D5:LocTypeChallenge_NukeCity:KYWD	004E855B:LocThemeGeneral:KYWD	0055C698:DungeonTypeTown:KYWD				1	ESSChanceMainMoleMiner	5.000000																																																																																																																																			0	0	0	None	0	002F70F3:SubRegionMountains07Location:Savage Divide	0.000000	1.000000	
00093BBA	LocMountainsColKelleyMonumentLocation	Colonel Kelley Monument	4	001789F7:LocRegionMountain:KYWD	0033FE91:LocTypeFastTravelDestination:KYWD	003D5B62:LocLootScalePOI:KYWD	004E8569:LocThemeOutdoors:KYWD										0																																																																																																																																					0	0	0	None	0	002F70F0:SubRegionMountains04Location:Savage Divide	0.000000	1.000000	
00093BD1	LocMTRMountBlairLocation	Mount Blair	8	00008CA8:LocTypeMineFire:KYWD	0001CA8B:LocRegionMTR:KYWD	000234F1:LocTypeWorkshop:KYWD	00064EDE:LocTypeClearable:KYWD	0033FE91:LocTypeFastTravelDestination:KYWD	003AEDF7:LocTypeWorkshopPublic:KYWD	003D5B64:LocLootScaleLarge:KYWD	004E855C:LocThemeWorkingClass:KYWD						9	Food	9.000000		Water	8.000000		ESSChanceSubGhoul	5.000000		ESSChanceMainMoleMiner	5.000000		ResourceAV_FertilizerBrahmin	1.000000		ResourceAV_Scavenge	1.000000		WorkshopBudgetLocation	1500.000000		ResourceAV_Ash	1.000000		ResourceAV_Ore_MountBlair	1.000000																																																																																																											0	0	0	Workshop	0	002EE566:SubRegionMountainRemoval02Location:The Ash Heap	0.000000	1.000000	
00093D5F	LocMTRMountBlairTrainyardLocation	Mount Blair Trainyard	11	0001CA8B:LocRegionMTR:KYWD	00064EDE:LocTypeClearable:KYWD	000AC697:LocTypeENs02ExterminationSite:KYWD	0033FE91:LocTypeFastTravelDestination:KYWD	0037FA7F:LocTypeDungeonPOI:KYWD	00396B77:LocTypeDungeon:KYWD	003A5E71:LocEncSupportLarge:KYWD	003D4B10:LocLootScaleMedium:KYWD	004E855C:LocThemeWorkingClass:KYWD	0055C6A5:DungeonTypeTrainyard:KYWD	008A1490:LocTypeHostileTakeover:KYWD			1	ESSChanceMainMoleMiner	5.000000																																																																																																																																			0	0	0	None	0	002EE569:SubRegionMountainRemoval05Location:The Ash Heap	0.000000	1.000000	
0009530E	LocForestAlpineRiverCabinsLocation	Alpine River Cabins	9	0001564F:LocRegionForestFloodlands:KYWD	00064EDE:LocTypeClearable:KYWD	0033FE91:LocTypeFastTravelDestination:KYWD	0037FA7F:LocTypeDungeonPOI:KYWD	00396B77:LocTypeDungeon:KYWD	003D5B63:LocLootScaleSmall:KYWD	004E855E:LocThemeWinter:KYWD	0055C694:DungeonTypeCabin:KYWD	0091A07C:SDOW_LocEncMainSlashers:KYWD					1	ESSChanceMainGhouls	5.000000																																																																																																																																			0	0	0	None	0	002EE52E:SubRegionForestFloodlands12LocationLOW:The Forest	0.000000	1.000000	
00095316	LocMountainsMountainsideBBLocation	Mountainside Bed & Breakfast	4	001789F7:LocRegionMountain:KYWD	0033FE91:LocTypeFastTravelDestination:KYWD	003D5B63:LocLootScaleSmall:KYWD	004E8569:LocThemeOutdoors:KYWD										0																																																																																																																																					0	0	0	None	0	00338738:SubRegionMountains24Location:Savage Divide	0.000000	1.000000	
00095519	LocMountainsNewAppalachianCentralTrainyardLocation	New Appalachian Central Trainyard	11	00022612:LocTypeResponderEyebot:KYWD	00064EDE:LocTypeClearable:KYWD	001789F7:LocRegionMountain:KYWD	0033FE91:LocTypeFastTravelDestination:KYWD	0037FA7F:LocTypeDungeonPOI:KYWD	00396B77:LocTypeDungeon:KYWD	003A5E71:LocEncSupportLarge:KYWD	003D4B10:LocLootScaleMedium:KYWD	004E855C:LocThemeWorkingClass:KYWD	0055C6A5:DungeonTypeTrainyard:KYWD	008A1490:LocTypeHostileTakeover:KYWD			1	ESSChanceMainGhouls	5.000000																																																																																																																																			0	0	0	None	0	002F70FD:SubRegionMountains17Location:Savage Divide	0.000000	1.000000	
000955B5	LocSwampThunderMountainPowerPlantLocation	Thunder Mountain Power Plant	8	00003954:LocTypeInteriorCell:KYWD	0001CA8C:LocRegionSwampForest:KYWD	00064EDE:LocTypeClearable:KYWD	0033FE91:LocTypeFastTravelDestination:KYWD	003D5B64:LocLootScaleLarge:KYWD	003E7F19:PowerPlantLocationKeyword:KYWD	004E855F:LocThemeMilitary:KYWD	007BD03F:LocTypeFishingExcluded:KYWD						4	ESSChanceMainScorched	5.000000		ESSChanceSubGhoul	5.000000		EMSChanceVariantNormal	45.000000		EMSChanceVariantScorched	5.000000																																																																																																																										0	0	0	None	0	002F706C:SubRegionSwamp05Location:Mire	0.000000	1.000000	
00096A00	LocToxicPhilippiBattlefieldCemeteryLocation	Philippi Battlefield Cemetery	4	00088AAB:LocRegionToxicValley:KYWD	0033FE91:LocTypeFastTravelDestination:KYWD	003D5B63:LocLootScaleSmall:KYWD	004E8569:LocThemeOutdoors:KYWD										2	ESSChanceMainYaoGuaiLARGE	5.000000		ESSChanceSubViciousDog	5.000000																																																																																																																																0	0	0	None	0	002F707F:SubRegionToxicValley04Location:Toxic Valley	0.000000	1.000000	
00096A0A	LocForestNewRiverGorgeResortLocation	New River Gorge Resort	9	0001564F:LocRegionForestFloodlands:KYWD	00022612:LocTypeResponderEyebot:KYWD	00064EDE:LocTypeClearable:KYWD	0033FE91:LocTypeFastTravelDestination:KYWD	0037FA7F:LocTypeDungeonPOI:KYWD	00396B77:LocTypeDungeon:KYWD	003D4B10:LocLootScaleMedium:KYWD	004E8569:LocThemeOutdoors:KYWD	0055C69F:DungeonTypeResort:KYWD					2	ESSChanceMainGhouls	5.000000		ESSChanceSubBloatfly	5.000000																																																																																																																																0	0	0	None	0	002EE554:SubRegionForestFloodlands18Location:The Forest	0.000000	1.000000	
00096A12	LocForestNewRiverGorgeBridgeLocation	New River Gorge Bridge	4	0001564F:LocRegionForestFloodlands:KYWD	0033FE91:LocTypeFastTravelDestination:KYWD	003D4B10:LocLootScaleMedium:KYWD	004E8569:LocThemeOutdoors:KYWD										3	ESSChanceMainGhouls	5.000000		ESSChanceSubViciousDog	0.000000		ESSChanceSubBloodbug	5.000000																																																																																																																													0	0	0	None	0	0031AEE0:SubRegionForestFloodlands22Location:The Forest	5000.000000	1.000000	
00096A63	LocMountainsPalaceoftheWindingPathLocation	Palace of the Winding Path	9	00064EDE:LocTypeClearable:KYWD	001789F7:LocRegionMountain:KYWD	0033FE91:LocTypeFastTravelDestination:KYWD	0037FA7F:LocTypeDungeonPOI:KYWD	00396B77:LocTypeDungeon:KYWD	003D4B10:LocLootScaleMedium:KYWD	004E8569:LocThemeOutdoors:KYWD	0055C692:DungeonTypeCompound:KYWD	008A1490:LocTypeHostileTakeover:KYWD					2	ESSChanceMainScorched	5.000000		ESSChanceSubMolerats	5.000000																																																																																																																																0	0	0	None	0	002F7067:SubRegionMountains01Location:Savage Divide	0.000000	1.000000	
00096AA9	LocMountainsObservatoryLocation	Fort Atlas	6	00022611:LocTypeSettlement:KYWD	001789F7:LocRegionMountain:KYWD	0033FE91:LocTypeFastTravelDestination:KYWD	003D5B62:LocLootScalePOI:KYWD	004E856B:LocThemeBoS:KYWD	005B7396:LocEncMainBoS:KYWD								0																																																																																																																																					0	0	0	None	0	002F70F4:SubRegionMountains08Location:Savage Divide	0.000000	1.000000	
00096AAE	LocForestOrwellOrchardsLocation	Orwell Orchards	8	0001564F:LocRegionForestFloodlands:KYWD	00064EDE:LocTypeClearable:KYWD	0033FE91:LocTypeFastTravelDestination:KYWD	0037FA7F:LocTypeDungeonPOI:KYWD	00396B77:LocTypeDungeon:KYWD	003D5B63:LocLootScaleSmall:KYWD	004E8569:LocThemeOutdoors:KYWD	0055C696:DungeonTypeFarm:KYWD						1	ESSChanceMainRobots	5.000000																																																																																																																																			0	0	0	None	0	0031AEE0:SubRegionForestFloodlands22Location:The Forest	4500.000000	1.000000	
00096ABB	LocForestBoltonGreensLocation	Bolton Greens	10	0001564F:LocRegionForestFloodlands:KYWD	00022612:LocTypeResponderEyebot:KYWD	00064EDE:LocTypeClearable:KYWD	0033FE91:LocTypeFastTravelDestination:KYWD	0037FA7F:LocTypeDungeonPOI:KYWD	00396B77:LocTypeDungeon:KYWD	003D4B10:LocLootScaleMedium:KYWD	004E8560:LocThemeWealthy:KYWD	0055C69F:DungeonTypeResort:KYWD	008A1490:LocTypeHostileTakeover:KYWD				1	ESSChanceMainScorched	5.000000																																																																																																																																			0	0	0	None	0	002EE534:SubRegionForestFloodlands15Location:The Forest	0.000000	1.000000	
00096AD0	LocForestPointPleasantLocation	Point Pleasant	9	0001564F:LocRegionForestFloodlands:KYWD	000254BC:LocTypeDungeonMajor:KYWD	00064EDE:LocTypeClearable:KYWD	0033FE91:LocTypeFastTravelDestination:KYWD	00396B77:LocTypeDungeon:KYWD	003D4B10:LocLootScaleMedium:KYWD	004713D5:LocTypeChallenge_NukeCity:KYWD	0051ABD4:LocThemeCultist:KYWD	0055F245:LocEncMainCultist:KYWD					0																																																																																																																																					0	0	0	None	0	002EE52D:SubRegionForestFloodlands11LocationLOW:The Forest	1024.000000	1.000000	
00096B76	LocForestCampMcClintockLocation	Camp McClintock	4	0001564F:LocRegionForestFloodlands:KYWD	0033FE91:LocTypeFastTravelDestination:KYWD	003D4B10:LocLootScaleMedium:KYWD	004E855F:LocThemeMilitary:KYWD										6	ESSChanceMainViciousDog	5.000000		ESSChanceMainMolerats	5.000000		ESSChanceMainRats	5.000000		ESSChanceMainBloodbug	5.000000		ESSChanceMainBloatfly	5.000000		ESSChanceMainTick	5.000000																																																																																																																				0	0	0	None	0	0031AEE1:SubRegionForestFloodlands23Location:The Forest	0.000000	1.000000	
0009860E	LocMountainsRelayTower01Location	Relay Tower EL-B1-02	9	00064EDE:LocTypeClearable:KYWD	001789F7:LocRegionMountain:KYWD	0033FE91:LocTypeFastTravelDestination:KYWD	0037FA7F:LocTypeDungeonPOI:KYWD	00396B77:LocTypeDungeon:KYWD	003D5B63:LocLootScaleSmall:KYWD	00451DF5:ChallengeLocTypeRelayStation:KYWD	004E8569:LocThemeOutdoors:KYWD	0055C699:DungeonTypeCommBuilding:KYWD					1	ESSChanceMainScorched	5.000000																																																																																																																																			0	0	0	None	0	0033873E:SubRegionMountains30Location:Savage Divide	0.000000	1.000000	
0009860F	LocForestRelayTower02Location	Relay Tower HN-B1-12	9	0001564F:LocRegionForestFloodlands:KYWD	00064EDE:LocTypeClearable:KYWD	0033FE91:LocTypeFastTravelDestination:KYWD	0037FA7F:LocTypeDungeonPOI:KYWD	00396B77:LocTypeDungeon:KYWD	003D5B63:LocLootScaleSmall:KYWD	00451DF5:ChallengeLocTypeRelayStation:KYWD	004E8569:LocThemeOutdoors:KYWD	0055C699:DungeonTypeCommBuilding:KYWD					1	ESSChanceMainSuperMutants	5.000000																																																																																																																																			0	0	0	None	0	002EE555:SubRegionForestFloodlands19Location:The Forest	0.000000	1.000000	
00098610	LocMountainsRelayTower03Location	Relay Tower DP-B5-21	9	00064EDE:LocTypeClearable:KYWD	001789F7:LocRegionMountain:KYWD	0033FE91:LocTypeFastTravelDestination:KYWD	0037FA7F:LocTypeDungeonPOI:KYWD	00396B77:LocTypeDungeon:KYWD	003D5B63:LocLootScaleSmall:KYWD	00451DF5:ChallengeLocTypeRelayStation:KYWD	004E8569:LocThemeOutdoors:KYWD	0055C699:DungeonTypeCommBuilding:KYWD					1	ESSChanceMainScorched	5.000000																																																																																																																																			0	0	0	None	0	00338737:SubRegionMountains23Location:Savage Divide	0.000000	1.000000	
00098611	LocMountainsRelayTower04Location	Relay Tower LW-B1-22	9	00064EDE:LocTypeClearable:KYWD	001789F7:LocRegionMountain:KYWD	0033FE91:LocTypeFastTravelDestination:KYWD	0037FA7F:LocTypeDungeonPOI:KYWD	00396B77:LocTypeDungeon:KYWD	003D5B63:LocLootScaleSmall:KYWD	00451DF5:ChallengeLocTypeRelayStation:KYWD	004E8569:LocThemeOutdoors:KYWD	0055C699:DungeonTypeCommBuilding:KYWD					1	ESSChanceMainSuperMutants	5.000000																																																																																																																																			0	0	0	None	0	002F70F4:SubRegionMountains08Location:Savage Divide	0.000000	1.000000	
00098612	LocMTRRelayTower05Location	Relay Tower HG-B7-09	9	0001CA8B:LocRegionMTR:KYWD	00064EDE:LocTypeClearable:KYWD	0033FE91:LocTypeFastTravelDestination:KYWD	0037FA7F:LocTypeDungeonPOI:KYWD	00396B77:LocTypeDungeon:KYWD	003D5B63:LocLootScaleSmall:KYWD	00451DF5:ChallengeLocTypeRelayStation:KYWD	004E8569:LocThemeOutdoors:KYWD	0055C699:DungeonTypeCommBuilding:KYWD					1	ESSChanceMainRobots	5.000000																																																																																																																																			0	0	0	None	0	002EE566:SubRegionMountainRemoval02Location:The Ash Heap	0.000000	1.000000	
00098613	LocForestRelayTower06Location	Relay Tower EM-B1-27	9	0001564F:LocRegionForestFloodlands:KYWD	00064EDE:LocTypeClearable:KYWD	0033FE91:LocTypeFastTravelDestination:KYWD	0037FA7F:LocTypeDungeonPOI:KYWD	00396B77:LocTypeDungeon:KYWD	003D5B63:LocLootScaleSmall:KYWD	00451DF5:ChallengeLocTypeRelayStation:KYWD	004E8569:LocThemeOutdoors:KYWD	0055C699:DungeonTypeCommBuilding:KYWD					1	ESSChanceMainScorched	5.000000																																																																																																																																			0	0	0	None	0	002EE553:SubRegionForestFloodlands17LocationLOW:The Forest	0.000000	1.000000	
000989F5	LocWhitespringTheWhitespringLocation	The Whitespring	5	001789F7:LocRegionMountain:KYWD	0033FE91:LocTypeFastTravelDestination:KYWD	003B3731:LocRegionWhitespring:KYWD	003D5B65:LocLootScaleGiant:KYWD	004E855D:LocThemeWhiteCollar:KYWD									8	ESSChanceMainGhouls	5.000000		ESSChanceSubInsect	5.000000		ESSChanceSubDeathclawGIANTONLY	10.000000		ESSChanceSubHoneyBeastLARGE	5.000000		ESSChanceSubScorpionsLARGE	5.000000		ESSChanceSubYaoGuaiLARGE	5.000000		ESSChanceSubWolf	5.000000		ESSChanceSubGraftonMonsterGIANTONLY	5.000000																																																																																																														0	0	20	None	99	0001558C:AppalachiaLocation:Appalachia	0.000000	1.000000	
0009A018	LocForestOhioRiverAdventuresLocation	Ohio River Adventures	6	0001564F:LocRegionForestFloodlands:KYWD	00064EDE:LocTypeClearable:KYWD	0033FE91:LocTypeFastTravelDestination:KYWD	003D5B63:LocLootScaleSmall:KYWD	004E8569:LocThemeOutdoors:KYWD	0055C6AC:LocEncMainRaider:KYWD								0																																																																																																																																					0	0	0	None	0	0031AEDF:SubRegionForestFloodlands21Location:The Forest	0.000000	1.000000	
0009A026	LocCranberryRangerDistrictOfficeLocation	Ranger District Office	9	000012A1:LocRegionCranberryBog:KYWD	00064EDE:LocTypeClearable:KYWD	0033FE91:LocTypeFastTravelDestination:KYWD	0037FA7F:LocTypeDungeonPOI:KYWD	00396B77:LocTypeDungeon:KYWD	003D5B63:LocLootScaleSmall:KYWD	004E856B:LocThemeBoS:KYWD	0055C6A6:DungeonTypeCivicBuilding:KYWD	008A1490:LocTypeHostileTakeover:KYWD					5	ESSChanceMainScorched	5.000000		ESSChanceSubInsect	5.000000		ESSChanceSubMolerats	5.000000		EMSChanceVariantNormal	45.000000		EMSChanceVariantScorched	5.000000																																																																																																																							0	0	0	None	0	002EE4E5:SubRegionCranberry02Location:Cranberry Bog	0.000000	1.000000	
0009A030	LocMountainsLookoutTower01Location	Whitespring Lookout	8	00064EDE:LocTypeClearable:KYWD	001789F7:LocRegionMountain:KYWD	0033FE91:LocTypeFastTravelDestination:KYWD	0037FA7F:LocTypeDungeonPOI:KYWD	00396B77:LocTypeDungeon:KYWD	003D5B63:LocLootScaleSmall:KYWD	004E855B:LocThemeGeneral:KYWD	0055C6A1:DungeonTypeLookoutTower:KYWD						1	ESSChanceMainGhouls	5.000000																																																																																																																																			0	0	0	None	0	002F70FC:SubRegionMountains16Location:Savage Divide	0.000000	1.000000	
0009A031	LocMountainsRedRocketMegaStopLocation	Red Rocket Mega Stop	8	000234F1:LocTypeWorkshop:KYWD	00064EDE:LocTypeClearable:KYWD	000AC697:LocTypeENs02ExterminationSite:KYWD	001789F7:LocRegionMountain:KYWD	0033FE91:LocTypeFastTravelDestination:KYWD	003AEDF7:LocTypeWorkshopPublic:KYWD	003D4B10:LocLootScaleMedium:KYWD	004E8568:LocThemeRedRocket:KYWD						9	Food	5.000000		Water	8.000000		ESSChanceMainRobots	5.000000		ESSChanceSubLiberators	5.000000		ESSChanceSubMolerats	5.000000		ResourceAV_FertilizerBrahmin	1.000000		ResourceAV_Scavenge	1.000000		WorkshopBudgetLocation	750.000000		ESSChanceSubTick	5.000000																																																																																																											0	0	0	Workshop	0	002F70F2:SubRegionMountains06Location:Savage Divide	0.000000	1.000000	
0009A04F	LocForestGiantTeapotLocation	The Giant Teapot	8	0001564F:LocRegionForestFloodlands:KYWD	00064EDE:LocTypeClearable:KYWD	0033FE91:LocTypeFastTravelDestination:KYWD	0037FA7F:LocTypeDungeonPOI:KYWD	00396B77:LocTypeDungeon:KYWD	003D5B63:LocLootScaleSmall:KYWD	004E8568:LocThemeRedRocket:KYWD	008A1490:LocTypeHostileTakeover:KYWD						6	ESSChanceMainGhouls	5.000000		ESSChanceMainInsects	5.000000		ESSChanceSubInsect	5.000000		ESSChanceSubMolerats	5.000000		ESSChanceSubRats	5.000000		ESSChanceSubRadroach	5.000000																																																																																																																				0	0	0	None	0	0031AEE0:SubRegionForestFloodlands22Location:The Forest	0.000000	1.000000	
0009A050	LocMountainsPumpkinHouseLocation	Pumpkin House	4	001789F7:LocRegionMountain:KYWD	0033FE91:LocTypeFastTravelDestination:KYWD	003D5B63:LocLootScaleSmall:KYWD	004E855B:LocThemeGeneral:KYWD										0																																																																																																																																					0	0	0	None	0	002F70F2:SubRegionMountains06Location:Savage Divide	0.000000	1.000000	
0009A099	LocForestLandviewLighthouseLocation	Landview Lighthouse	5	0001564F:LocRegionForestFloodlands:KYWD	0033FE91:LocTypeFastTravelDestination:KYWD	003A5E71:LocEncSupportLarge:KYWD	003D5B63:LocLootScaleSmall:KYWD	004E855B:LocThemeGeneral:KYWD									2	ESSChanceMainGhouls	5.000000		ESSChanceSubMolerats	5.000000																																																																																																																																0	0	0	None	0	002EE52F:SubRegionForestFloodlands13LocationLOW:The Forest	0.000000	1.000000	
0009A0B6	LocCranberryRobCoResearchCenterLocation	RobCo Research Center	5	000012A1:LocRegionCranberryBog:KYWD	00022612:LocTypeResponderEyebot:KYWD	0033FE91:LocTypeFastTravelDestination:KYWD	003D4B10:LocLootScaleMedium:KYWD	004E8567:LocThemeRobCo:KYWD									4	ESSChanceMainRobots	5.000000		ESSChanceSubGhoul	5.000000		EMSChanceVariantNormal	45.000000		EMSChanceVariantScorched	5.000000																																																																																																																										0	0	0	None	0	002EE4EE:SubRegionCranberry03Location:Cranberry Bog	0.000000	1.000000	
0009A0CD	LocForestKanawhaCountyCemeteryLocation	Kanawha County Cemetery	9	0001564F:LocRegionForestFloodlands:KYWD	00064EDE:LocTypeClearable:KYWD	0033FE91:LocTypeFastTravelDestination:KYWD	0037FA7F:LocTypeDungeonPOI:KYWD	00396B77:LocTypeDungeon:KYWD	003D5B63:LocLootScaleSmall:KYWD	004E8569:LocThemeOutdoors:KYWD	0055C692:DungeonTypeCompound:KYWD	0055F245:LocEncMainCultist:KYWD					0																																																																																																																																					0	0	0	None	0	0031AEDF:SubRegionForestFloodlands21Location:The Forest	0.000000	1.000000	
0009A0D1	LocMountainsSenecaRocksVisitorCenterLocation	Seneca Rocks Visitor Center	13	00022612:LocTypeResponderEyebot:KYWD	00064EDE:LocTypeClearable:KYWD	000AC697:LocTypeENs02ExterminationSite:KYWD	001789F7:LocRegionMountain:KYWD	0033FE91:LocTypeFastTravelDestination:KYWD	0037FA7F:LocTypeDungeonPOI:KYWD	00396B77:LocTypeDungeon:KYWD	003A5E71:LocEncSupportLarge:KYWD	003A5E72:LocEncSupportGiant:KYWD	003D5B63:LocLootScaleSmall:KYWD	004E8564:LocThemeRaider:KYWD	0055C6A6:DungeonTypeCivicBuilding:KYWD	008A1490:LocTypeHostileTakeover:KYWD	3	ESSChanceMainScorched	5.000000		ESSChanceSubHoneyBeastLARGE	5.000000		ESSChanceSubYaoGuaiLARGE	5.000000																																																																																																																													0	0	0	None	0	002F70F6:SubRegionMountains10Location:Savage Divide	0.000000	1.000000	
0009A123	LocForestWhitePowderWinterSportsLocation	White Powder Winter Sports	8	0001564F:LocRegionForestFloodlands:KYWD	00064EDE:LocTypeClearable:KYWD	0033FE91:LocTypeFastTravelDestination:KYWD	0037FA7F:LocTypeDungeonPOI:KYWD	00396B77:LocTypeDungeon:KYWD	003D5B63:LocLootScaleSmall:KYWD	004E855E:LocThemeWinter:KYWD	0055C69E:DungeonTypeStore:KYWD						1	ESSChanceMainScorched	5.000000																																																																																																																																			0	0	0	None	0	002EE556:SubRegionForestFloodlands20Location:The Forest	0.000000	1.000000	
0009A128	LocMountainsFoundationLocation	Foundation	7	00022611:LocTypeSettlement:KYWD	001789F7:LocRegionMountain:KYWD	0033FE91:LocTypeFastTravelDestination:KYWD	003D5B63:LocLootScaleSmall:KYWD	004E8569:LocThemeOutdoors:KYWD	0055F9E1:LocEncMainSettler:KYWD	005618FE:LocSettlementFoundation:KYWD							0																																																																																																																																					0	0	0	Workshop	0	00338739:SubRegionMountains25Location:Savage Divide	0.000000	1.000000	
0009A147	LocMountainsSpruceKnobCampgroundLocation	Spruce Knob Campground	8	00064EDE:LocTypeClearable:KYWD	001789F7:LocRegionMountain:KYWD	0033FE91:LocTypeFastTravelDestination:KYWD	0037FA7F:LocTypeDungeonPOI:KYWD	00396B77:LocTypeDungeon:KYWD	003D5B63:LocLootScaleSmall:KYWD	004E8569:LocThemeOutdoors:KYWD	0055C693:DungeonTypeCamp:KYWD						2	ESSChanceMainInsects	5.000000		ESSChanceSubMirelurks	5.000000																																																																																																																																0	0	0	None	0	00338739:SubRegionMountains25Location:Savage Divide	0.000000	1.000000	
0009A15E	LocMountainsSugarGroveLocation	Sugar Grove	9	00003954:LocTypeInteriorCell:KYWD	000254BC:LocTypeDungeonMajor:KYWD	00064EDE:LocTypeClearable:KYWD	001789F7:LocRegionMountain:KYWD	0033FE91:LocTypeFastTravelDestination:KYWD	00396B77:LocTypeDungeon:KYWD	003D4B10:LocLootScaleMedium:KYWD	004E855F:LocThemeMilitary:KYWD	0055C69B:DungeonTypeResearchFacility:KYWD					4	ESSChanceMainRobots	5.000000		ESSChanceSubMolerats	5.000000		ESSChanceSubRats	5.000000		ESSChanceSubWolf	5.000000																																																																																																																										0	0	0	None	0	002F70FB:SubRegionMountains15Location:Savage Divide	0.000000	1.000000	
0009A18A	LocForestSummersvilleLocation	Summersville	11	0000BA1C:LocTypeENz01DropRegion:KYWD	0000BC69:LocTypeENz01DropSite:KYWD	0001564F:LocRegionForestFloodlands:KYWD	00064EDE:LocTypeClearable:KYWD	0033FE91:LocTypeFastTravelDestination:KYWD	0037FA7F:LocTypeDungeonPOI:KYWD	00396B77:LocTypeDungeon:KYWD	003D4B10:LocLootScaleMedium:KYWD	004713D5:LocTypeChallenge_NukeCity:KYWD	004E855B:LocThemeGeneral:KYWD	0055C698:DungeonTypeTown:KYWD			1	ESSChanceSubMirelurks	5.000000																																																																																																																																			0	0	0	None	0	0031AEE2:SubRegionForestFloodlands24Location:The Forest	0.000000	1.000000	
0009A18D	LocForestSummersvilleDocksLocation	Summersville Docks	9	0001564F:LocRegionForestFloodlands:KYWD	00064EDE:LocTypeClearable:KYWD	0033FE91:LocTypeFastTravelDestination:KYWD	0037FA7F:LocTypeDungeonPOI:KYWD	00396B77:LocTypeDungeon:KYWD	003D5B63:LocLootScaleSmall:KYWD	004E8569:LocThemeOutdoors:KYWD	0055C692:DungeonTypeCompound:KYWD	008A1490:LocTypeHostileTakeover:KYWD					2	ESSChanceMainScorched	5.000000		ESSChanceSubRats	5.000000																																																																																																																																0	0	0	None	0	0031AEEB:SubRegionForestFloodlands27Location:The Forest	0.000000	1.000000	
0009A24F	LocForestNewGadLocation	New Gad	11	0001564F:LocRegionForestFloodlands:KYWD	00022612:LocTypeResponderEyebot:KYWD	00064EDE:LocTypeClearable:KYWD	0012B7E3:LocTypeENz04PatrolArea:KYWD	0033FE91:LocTypeFastTravelDestination:KYWD	0037FA7F:LocTypeDungeonPOI:KYWD	00396B77:LocTypeDungeon:KYWD	003D4B10:LocLootScaleMedium:KYWD	004E8569:LocThemeOutdoors:KYWD	0055C698:DungeonTypeTown:KYWD	008A1490:LocTypeHostileTakeover:KYWD			1	ESSChanceMainSuperMutants	5.000000																																																																																																																																			0	0	0	None	0	0031AEE2:SubRegionForestFloodlands24Location:The Forest	0.000000	1.000000	
0009A35D	LocSwampSurvivalTrainingCenterLocation	Camp Venture	7	00064EDE:LocTypeClearable:KYWD	0033FE91:LocTypeFastTravelDestination:KYWD	0037FA7F:LocTypeDungeonPOI:KYWD	00396B77:LocTypeDungeon:KYWD	003D4B10:LocLootScaleMedium:KYWD	004E8569:LocThemeOutdoors:KYWD	0055C692:DungeonTypeCompound:KYWD							4	ESSChanceMainScorched	5.000000		ESSChanceSubGhoul	5.000000		EMSChanceVariantNormal	45.000000		EMSChanceVariantScorched	5.000000																																																																																																																										0	0	0	None	0	002F7071:SubRegionSwamp10Location:Mire	0.000000	1.000000	
0009A3A9	LocSwampSundayBrothersCabinLocation	Sunday Brothers' Cabin	8	0001CA8C:LocRegionSwampForest:KYWD	00064EDE:LocTypeClearable:KYWD	0033FE91:LocTypeFastTravelDestination:KYWD	0037FA7F:LocTypeDungeonPOI:KYWD	00396B77:LocTypeDungeon:KYWD	003D5B63:LocLootScaleSmall:KYWD	004E8569:LocThemeOutdoors:KYWD	0055C694:DungeonTypeCabin:KYWD						3	ESSChanceMainGhouls	5.000000		EMSChanceVariantNormal	45.000000		EMSChanceVariantScorched	5.000000																																																																																																																													0	0	0	None	0	002F706F:SubRegionSwamp08Location:Mire	0.000000	1.000000	
0009A3AF	LocSwampDaggersDenLocation	Dagger's Den	10	0001CA8C:LocRegionSwampForest:KYWD	00022612:LocTypeResponderEyebot:KYWD	00064EDE:LocTypeClearable:KYWD	0033FE91:LocTypeFastTravelDestination:KYWD	0037FA7F:LocTypeDungeonPOI:KYWD	00396B77:LocTypeDungeon:KYWD	003D5B62:LocLootScalePOI:KYWD	004E8564:LocThemeRaider:KYWD	0055C693:DungeonTypeCamp:KYWD	005723C8:LocEncMainBloodEagles:KYWD				0																																																																																																																																					0	0	0	None	0	002F706F:SubRegionSwamp08Location:Mire	0.000000	1.000000	
0009A3F1	LocForestSuttonLocation	Sutton	8	0001564F:LocRegionForestFloodlands:KYWD	000234F1:LocTypeWorkshop:KYWD	00064EDE:LocTypeClearable:KYWD	0033FE91:LocTypeFastTravelDestination:KYWD	003AEDF7:LocTypeWorkshopPublic:KYWD	003D4B10:LocLootScaleMedium:KYWD	004713D5:LocTypeChallenge_NukeCity:KYWD	004E855B:LocThemeGeneral:KYWD						7	Food	6.000000		Water	2.000000		ESSChanceMainScorched	5.000000		ESSChanceSubMolerats	5.000000		ESSChanceSubRats	5.000000		ResourceAV_FertilizerBrahmin	1.000000		ResourceAV_Scavenge	1.000000																																																																																																																	0	0	0	Workshop	0	002EE554:SubRegionForestFloodlands18Location:The Forest	0.000000	1.000000	
0009A446	LocMTRTheRustyPickLocation	The Rusty Pick	5	00003954:LocTypeInteriorCell:KYWD	0001CA8B:LocRegionMTR:KYWD	0033FE91:LocTypeFastTravelDestination:KYWD	003D5B63:LocLootScaleSmall:KYWD	004E855C:LocThemeWorkingClass:KYWD									1	ESSChanceMainMoleMiner	5.000000																																																																																																																																			0	0	0	None	0	004429B0:SubRegionMountainRemoval08LocationLOW:The Ash Heap	0.000000	1.000000	
0009A6C6	LocToxicPioneerScoutCampLocation	Pioneer Scout Camp	8	00064EDE:LocTypeClearable:KYWD	00088AAB:LocRegionToxicValley:KYWD	0033FE91:LocTypeFastTravelDestination:KYWD	0037FA7F:LocTypeDungeonPOI:KYWD	00396B77:LocTypeDungeon:KYWD	003D4B10:LocLootScaleMedium:KYWD	004E8569:LocThemeOutdoors:KYWD	0091A07C:SDOW_LocEncMainSlashers:KYWD						4	ESSChanceMainGhouls	5.000000		ESSChanceSubInsect	5.000000		ESSChanceSubViciousDog	5.000000		ESSChanceSubRats	5.000000																																																																																																																										0	0	0	None	0	002F7082:SubRegionToxicValley07Location:Toxic Valley	0.000000	1.000000	
0009A6D9	LocSwampTheRetreatLocation	The Retreat	6	0001CA8C:LocRegionSwampForest:KYWD	0033FE91:LocTypeFastTravelDestination:KYWD	003D4B10:LocLootScaleMedium:KYWD	004713D5:LocTypeChallenge_NukeCity:KYWD	004E8569:LocThemeOutdoors:KYWD	0055F9E1:LocEncMainSettler:KYWD								0																																																																																																																																					0	0	0	None	0	002F706D:SubRegionSwamp06Location:Mire	0.000000	1.000000	
000A1B7E	LocForestTylerCountyFairgroundsLocation	Tyler County Fairgrounds	11	0001564F:LocRegionForestFloodlands:KYWD	00064EDE:LocTypeClearable:KYWD	0033FE91:LocTypeFastTravelDestination:KYWD	0037FA7F:LocTypeDungeonPOI:KYWD	00396B77:LocTypeDungeon:KYWD	003A5E71:LocEncSupportLarge:KYWD	003D4B10:LocLootScaleMedium:KYWD	004E8561:LocThemeAmusementPark:KYWD	0055C6A7:DungeonTypePark:KYWD	008A1490:LocTypeHostileTakeover:KYWD	0091A07C:SDOW_LocEncMainSlashers:KYWD			1	ESSChanceMainScorched	5.000000																																																																																																																																			0	0	0	None	0	0004BE65:SubRegionForestFloodlands04Location:The Forest	0.000000	1.000000	
000A1B80	LocForestLookoutTower02Location	North Kanawha Lookout	8	0001564F:LocRegionForestFloodlands:KYWD	00064EDE:LocTypeClearable:KYWD	0033FE91:LocTypeFastTravelDestination:KYWD	0037FA7F:LocTypeDungeonPOI:KYWD	00396B77:LocTypeDungeon:KYWD	003D5B63:LocLootScaleSmall:KYWD	004E855B:LocThemeGeneral:KYWD	0055C6A1:DungeonTypeLookoutTower:KYWD						1	ESSChanceMainSuperMutants	5.000000																																																																																																																																			0	0	0	None	0	002EE527:SubRegionForestFloodlands08LocationLOW:The Forest	0.000000	1.000000	
000A78E6	LocForestGilmanLumberLocation	Gilman Lumber Mill	5	0001564F:LocRegionForestFloodlands:KYWD	00064EDE:LocTypeClearable:KYWD	0033FE91:LocTypeFastTravelDestination:KYWD	003D5B63:LocLootScaleSmall:KYWD	004E855C:LocThemeWorkingClass:KYWD									0																																																																																																																																					0	0	0	None	0	002EE52F:SubRegionForestFloodlands13LocationLOW:The Forest	0.000000	1.000000	
000AF3F7	LocSwampValleyGalleriaInteriorLocation	Valley Galleria	10	00003954:LocTypeInteriorCell:KYWD	0001CA8C:LocRegionSwampForest:KYWD	000254BC:LocTypeDungeonMajor:KYWD	00064EDE:LocTypeClearable:KYWD	00396B77:LocTypeDungeon:KYWD	003D4B10:LocLootScaleMedium:KYWD	004E855B:LocThemeGeneral:KYWD	0055C69E:DungeonTypeStore:KYWD	005ADD9E:LocTypeDailyOps:KYWD	007BD03F:LocTypeFishingExcluded:KYWD				1	ESSChanceMainScorched	5.000000																																																																																																																																			0	0	15	None	99	005C5E09:LocSwampValleyGalleriaLocation:Valley Galleria	0.000000	1.000000	
000AFBA5	Vault94InteriorLocation	Vault 94	3	00003954:LocTypeInteriorCell:KYWD	00417729:LocTypeVaultSystemVault:KYWD	004E8566:LocThemeVaultTec:KYWD											0																																																																																																																																					0	0	75	Raid	75	003F17CE:Vault94ExteriorLocation:Vault 94	0.000000	1.000000	
000B1415	Vault76LocationExterior	Vault 76	5	0001564F:LocRegionForestFloodlands:KYWD	0033FE91:LocTypeFastTravelDestination:KYWD	003D4B10:LocLootScaleMedium:KYWD	003EA4E6:NoCampAllowedLocationKeyword:KYWD	004E8566:LocThemeVaultTec:KYWD									0																																																																																																																																					0	0	0	None	1	002EE526:SubRegionForestFloodlands07LocationLOW:The Forest	0.000000	1.000000	
000B1D42	Vault96ExteriorLocation	Vault 96	2	0033FE91:LocTypeFastTravelDestination:KYWD	004E8566:LocThemeVaultTec:KYWD												0																																																																																																																																					0	0	0	None	0	0033876A:SubRegionMountains34Location:Savage Divide	0.000000	1.000000	
000B23D7	LocToxicWavyWillardsWaterparkLocation	Wavy Willard's Water Park	11	000254BC:LocTypeDungeonMajor:KYWD	00064EDE:LocTypeClearable:KYWD	00088AAB:LocRegionToxicValley:KYWD	0033FE91:LocTypeFastTravelDestination:KYWD	00396B77:LocTypeDungeon:KYWD	003A5E71:LocEncSupportLarge:KYWD	003D4B10:LocLootScaleMedium:KYWD	004E8561:LocThemeAmusementPark:KYWD	0055C6A7:DungeonTypePark:KYWD	00804F7D:LocTypeFishingLocalLegend:KYWD	0091A07C:SDOW_LocEncMainSlashers:KYWD			1	ESSChanceMainScorched	5.000000																																																																																																																																			0	0	0	None	0	002F707D:SubRegionToxicValley02Location:Toxic Valley	0.000000	1.000000	
000B4871	LocMTRWelchLocation	Welch	9	0001CA8B:LocRegionMTR:KYWD	00064EDE:LocTypeClearable:KYWD	0033FE91:LocTypeFastTravelDestination:KYWD	0037FA7F:LocTypeDungeonPOI:KYWD	00396B77:LocTypeDungeon:KYWD	003D4B10:LocLootScaleMedium:KYWD	004E855C:LocThemeWorkingClass:KYWD	0055C698:DungeonTypeTown:KYWD	008A1490:LocTypeHostileTakeover:KYWD					2	ESSChanceMainMoleMiner	5.000000		ESSChanceSubMolerats	5.000000																																																																																																																																0	0	0	None	0	002EE568:SubRegionMountainRemoval04Location:The Ash Heap	0.000000	1.000000	
000B75E1	LocMountainsWendigoCaveInteriorLocation	Wendigo Cave	10	00003954:LocTypeInteriorCell:KYWD	000254BC:LocTypeDungeonMajor:KYWD	0004F21B:LocTypeSubterranean:KYWD	00064EDE:LocTypeClearable:KYWD	001789F7:LocRegionMountain:KYWD	00396B77:LocTypeDungeon:KYWD	003D4B10:LocLootScaleMedium:KYWD	004E8563:LocThemeMiner:KYWD	0055C6A2:DungeonTypeCave:KYWD	007BD03F:LocTypeFishingExcluded:KYWD				2	ESSChanceMainMirelurks	5.000000		ESSChanceSubGhoul	5.000000																																																																																																																																0	0	0	None	0	005FAD0D:LocMountainsWendigoCaveLocationDUPLICATE000:Wendigo Cave	0.000000	1.000000	
00109BAE	LocForestWilsonBrothersAutoRepairLocation	Wilson Brother's Auto Repair	8	0001564F:LocRegionForestFloodlands:KYWD	00064EDE:LocTypeClearable:KYWD	0033FE91:LocTypeFastTravelDestination:KYWD	0037FA7F:LocTypeDungeonPOI:KYWD	00396B77:LocTypeDungeon:KYWD	003D5B63:LocLootScaleSmall:KYWD	004E855C:LocThemeWorkingClass:KYWD	0055C69E:DungeonTypeStore:KYWD						1	ESSChanceMainScorched	5.000000																																																																																																																																			0	0	0	None	0	002EE528:SubRegionForestFloodlands09Location:The Forest	0.000000	1.000000	
001099B5	LocMountainsEmmettDisposalSiteLocation	Emmett Mountain Disposal Site	7	00003954:LocTypeInteriorCell:KYWD	001789F7:LocRegionMountain:KYWD	0033FE91:LocTypeFastTravelDestination:KYWD	003D4B10:LocLootScaleMedium:KYWD	004E855C:LocThemeWorkingClass:KYWD	00583E2D:E05_Radiation_LocationKeyword:KYWD	007BD03F:LocTypeFishingExcluded:KYWD							1	ESSChanceMainGhouls	5.000000																																																																																																																																			0	0	0	None	0	002F70FE:SubRegionMountains18Location:Savage Divide	0.000000	1.000000	
00109D33	LocMountainsFederalDisposalFieldLocation	Federal Disposal Field HZ-21	8	000234F1:LocTypeWorkshop:KYWD	00064EDE:LocTypeClearable:KYWD	001789F7:LocRegionMountain:KYWD	0033FE91:LocTypeFastTravelDestination:KYWD	003A5E72:LocEncSupportGiant:KYWD	003AEDF7:LocTypeWorkshopPublic:KYWD	003D5B63:LocLootScaleSmall:KYWD	004E855C:LocThemeWorkingClass:KYWD						7	Food	9.000000		Water	4.000000		ESSChanceSubSuperMutants	5.000000		ESSChanceMainMutationsLARGE	5.000000		ResourceAV_FertilizerBrahmin	1.000000		ResourceAV_Scavenge	1.000000		WorkshopBudgetLocation	2000.000000																																																																																																																	0	0	0	Workshop	0	0033873C:SubRegionMountains28Location:Savage Divide	0.000000	1.000000	
00109F43	LocSwampDabneyHomesteadLocation	Dabney Homestead	9	0001CA8C:LocRegionSwampForest:KYWD	000234F1:LocTypeWorkshop:KYWD	00064EDE:LocTypeClearable:KYWD	0033FE91:LocTypeFastTravelDestination:KYWD	003A5E71:LocEncSupportLarge:KYWD	003A5E72:LocEncSupportGiant:KYWD	003AEDF7:LocTypeWorkshopPublic:KYWD	003D5B63:LocLootScaleSmall:KYWD	004E8569:LocThemeOutdoors:KYWD					11	Food	6.000000		Water	8.000000		ResourceAV_FertilizerBrahmin	1.000000		ResourceAV_Scavenge	1.000000		EMSChanceVariantNormal	45.000000		EMSChanceVariantScorched	5.000000		ESSChanceSubBloatfly	5.000000		ESSChanceSubBloodbug	5.000000		ESSChanceMainGulperLARGE	5.000000		ESSChanceMainFogCrawlerLARGE	5.000000		ESSChanceMainToadLARGE	5.000000																																																																																																					0	0	0	Workshop	0	002F7072:SubRegionSwamp11Location:Mire	0.000000	1.000000	
0010A0B8	LocMountainSonsOfDaneCompoundLocation	Sons of Dane Compound	9	00064EDE:LocTypeClearable:KYWD	001789F7:LocRegionMountain:KYWD	0033FE91:LocTypeFastTravelDestination:KYWD	0037FA7F:LocTypeDungeonPOI:KYWD	00396B77:LocTypeDungeon:KYWD	003D4B10:LocLootScaleMedium:KYWD	004E8569:LocThemeOutdoors:KYWD	0055C692:DungeonTypeCompound:KYWD	008A1490:LocTypeHostileTakeover:KYWD					1	ESSChanceMainGhouls	5.000000																																																																																																																																			0	0	0	None	0	002F70F4:SubRegionMountains08Location:Savage Divide	0.000000	1.000000	
0000729D	LocSwampCrevasseDamLocation	Crevasse Dam	9	0001CA8C:LocRegionSwampForest:KYWD	00064EDE:LocTypeClearable:KYWD	0033FE91:LocTypeFastTravelDestination:KYWD	0037FA7F:LocTypeDungeonPOI:KYWD	00396B77:LocTypeDungeon:KYWD	003A5E71:LocEncSupportLarge:KYWD	003D5B63:LocLootScaleSmall:KYWD	004E8564:LocThemeRaider:KYWD	0055C6A8:DungeonTypeDam:KYWD					6	ESSChanceMainSuperMutants	5.000000		EMSChanceVariantNormal	45.000000		EMSChanceVariantScorched	5.000000		ESSChanceSubBloatfly	5.000000		ESSChanceSubBloodbug	5.000000		ESSChanceSubRadAnt	5.000000																																																																																																																				0	0	0	None	0	002F706C:SubRegionSwamp05Location:Mire	0.000000	1.000000	
0000729E	LocToxicGraftonDamLocation	Grafton Dam	8	00064EDE:LocTypeClearable:KYWD	00088AAB:LocRegionToxicValley:KYWD	0033FE91:LocTypeFastTravelDestination:KYWD	0037FA7F:LocTypeDungeonPOI:KYWD	00396B77:LocTypeDungeon:KYWD	003D5B63:LocLootScaleSmall:KYWD	004E855C:LocThemeWorkingClass:KYWD	0055C6A8:DungeonTypeDam:KYWD						1	ESSChanceMainSuperMutants	5.000000																																																																																																																																			0	0	0	None	0	002F7082:SubRegionToxicValley07Location:Toxic Valley	0.000000	1.000000	
00007332	LocMountainsSunnytopSkiLanesLocation	Sunnytop Ski Lanes	10	00064EDE:LocTypeClearable:KYWD	001789F7:LocRegionMountain:KYWD	0033FE91:LocTypeFastTravelDestination:KYWD	0037FA7F:LocTypeDungeonPOI:KYWD	00396B77:LocTypeDungeon:KYWD	003D4B10:LocLootScaleMedium:KYWD	004E855E:LocThemeWinter:KYWD	0055C69F:DungeonTypeResort:KYWD	008A1490:LocTypeHostileTakeover:KYWD	0091A07C:SDOW_LocEncMainSlashers:KYWD				7	ESSChanceMainSuperMutants	5.000000		ESSChanceSubMolerats	5.000000		ESSChanceSubRats	5.000000		ESSChanceSubWolf	5.000000		ESSChanceSubBloodbug	5.000000		ESSChanceSubRadAnt	5.000000		ESSChanceSubTick	5.000000																																																																																																																	0	0	0	None	0	002F70F1:SubRegionMountains05Location:Savage Divide	0.000000	1.000000	
00007333	LocCranberryWatogaEmergencyServicesLocation	Watoga Emergency Services	9	000012A1:LocRegionCranberryBog:KYWD	00003954:LocTypeInteriorCell:KYWD	00064EDE:LocTypeClearable:KYWD	0033FE91:LocTypeFastTravelDestination:KYWD	0037FA7F:LocTypeDungeonPOI:KYWD	00396B77:LocTypeDungeon:KYWD	003D4B10:LocLootScaleMedium:KYWD	004E856A:LocThemeMedical:KYWD	0055C6A4:DungeonTypeMedicalFacility:KYWD					4	ESSChanceMainGhouls	5.000000		ESSChanceSubLiberators	5.000000		EMSChanceVariantNormal	45.000000		EMSChanceVariantScorched	5.000000																																																																																																																										0	0	0	None	0	00006D9C:LocCranberryWatogaLocation:Watoga	0.000000	1.000000	
0010C2EB	LocForestMorgantownHighSchoolLocation	Morgantown High School	9	00003954:LocTypeInteriorCell:KYWD	0001564F:LocRegionForestFloodlands:KYWD	000254BC:LocTypeDungeonMajor:KYWD	00064EDE:LocTypeClearable:KYWD	0033FE91:LocTypeFastTravelDestination:KYWD	00396B77:LocTypeDungeon:KYWD	003D4B10:LocLootScaleMedium:KYWD	004E855B:LocThemeGeneral:KYWD	0055C6B0:DungeonTypeSchool:KYWD					1	ESSChanceMainScorched	5.000000																																																																																																																																			0	0	0	None	0	002EE529:SubRegionForestFloodlands10Location:The Forest	0.000000	1.000000	
00044CF6	WarehouseEncounterWaveLocation	Encounter Wave Location	3	00180819:EMSIgnoredLocation:KYWD	00231EA2:LocEncMainMolerats:KYWD	0033FE91:LocTypeFastTravelDestination:KYWD											0																																																																																																																																					0	0	1	None	0	0001558C:AppalachiaLocation:Appalachia	0.000000	1.000000	
0010CCA4	LocForestHornwrightIndustrialHQLocation	Hornwright Industrial Headquarters	7	00003954:LocTypeInteriorCell:KYWD	0000BC69:LocTypeENz01DropSite:KYWD	0001564F:LocRegionForestFloodlands:KYWD	0033FE91:LocTypeFastTravelDestination:KYWD	003D4B10:LocLootScaleMedium:KYWD	004E855D:LocThemeWhiteCollar:KYWD	007BD03F:LocTypeFishingExcluded:KYWD							2	ESSChanceMainScorched	5.000000		ESSChanceSubGhoul	5.000000																																																																																																																																0	0	0	None	0	0010CCEE:LocForestCharlestonCityLocation:Charleston	0.000000	1.000000	
0010CCA6	LocForestCharlestonCapitolInteriorLocation	Charleston Capitol Building	6	00003954:LocTypeInteriorCell:KYWD	0001564F:LocRegionForestFloodlands:KYWD	0009860C:LocTypeWealthy:KYWD	003D4B10:LocLootScaleMedium:KYWD	004E855B:LocThemeGeneral:KYWD	007BD03F:LocTypeFishingExcluded:KYWD								1	ESSChanceMainGhouls	5.000000																																																																																																																																			0	0	30	None	99	0055974A:LocForestCharlestonCapitolLocation:Charleston Capitol Building	0.000000	1.000000	
0010CCE9	LocForestCharlestonTrainyardLocation	Charleston Trainyard	9	0001564F:LocRegionForestFloodlands:KYWD	00064EDE:LocTypeClearable:KYWD	0033FE91:LocTypeFastTravelDestination:KYWD	0037FA7F:LocTypeDungeonPOI:KYWD	00396B77:LocTypeDungeon:KYWD	003D4B10:LocLootScaleMedium:KYWD	004E855F:LocThemeMilitary:KYWD	0055C6A5:DungeonTypeTrainyard:KYWD	008A1490:LocTypeHostileTakeover:KYWD					1	ESSChanceMainLiberators	5.000000																																																																																																																																			0	0	0	None	0	0031AEE4:SubRegionForestFloodlands26Location:The Forest	0.000000	1.000000	
0010CCEA	LocForestCharlestonLandfillLocation	Charleston Landfill	7	0001564F:LocRegionForestFloodlands:KYWD	000234F1:LocTypeWorkshop:KYWD	00064EDE:LocTypeClearable:KYWD	0033FE91:LocTypeFastTravelDestination:KYWD	003AEDF7:LocTypeWorkshopPublic:KYWD	003D5B63:LocLootScaleSmall:KYWD	004E8569:LocThemeOutdoors:KYWD							7	Food	6.000000		Water	8.000000		ESSChanceMainViciousDog	5.000000		ResourceAV_FertilizerBrahmin	1.000000		ResourceAV_Scavenge	1.000000		WorkshopBudgetLocation	750.000000		ResourceAV_Ash	1.000000																																																																																																																	0	0	0	Workshop	0	0031AEE4:SubRegionForestFloodlands26Location:The Forest	0.000000	1.000000	
0010CCEE	LocForestCharlestonCityLocation	Charleston	4	0000BA1C:LocTypeENz01DropRegion:KYWD	0001564F:LocRegionForestFloodlands:KYWD	0033FE91:LocTypeFastTravelDestination:KYWD	004713D5:LocTypeChallenge_NukeCity:KYWD										0																																																																																																																																					0	0	0	None	0	0031AEE4:SubRegionForestFloodlands26Location:The Forest	0.000000	1.000000	
0010CCEF	LocForestWadeAirportLocation	Wade Airport	7	0001564F:LocRegionForestFloodlands:KYWD	000234F1:LocTypeWorkshop:KYWD	000AC697:LocTypeENs02ExterminationSite:KYWD	0033FE91:LocTypeFastTravelDestination:KYWD	003AEDF7:LocTypeWorkshopPublic:KYWD	003D4B10:LocLootScaleMedium:KYWD	004E855B:LocThemeGeneral:KYWD							7	Food	5.000000		Water	5.000000		ESSChanceMainSuperMutants	5.000000		ESSChanceSubSuperMutants	5.000000		ResourceAV_FertilizerBrahmin	1.000000		ResourceAV_Scavenge	1.000000		WorkshopBudgetLocation	2000.000000																																																																																																																	0	0	0	Workshop	0	0031AEE1:SubRegionForestFloodlands23Location:The Forest	0.000000	1.000000	
000041BF	temp_MTN_Blockade01Location	Raider Checkpoint	1	0033FE91:LocTypeFastTravelDestination:KYWD													0																																																																																																																																					0	0	0	None	0	0001558C:AppalachiaLocation:Appalachia	0.000000	1.000000	
000041E6	TestPhilS_Location01	Phil's Test Location	0														0																																																																																																																																					0	0	0	None	0		0.000000	1.000000	
000041F7	temp_MTN_Blockade01_SpawnLocation	Raider Checkpoint	0														0																																																																																																																																					0	0	0	None	0		0.000000	1.000000	
000041FC	LocForestPoseidonEnergyLocation	Poseidon Energy Plant WV-06	9	00003954:LocTypeInteriorCell:KYWD	0001564F:LocRegionForestFloodlands:KYWD	00064EDE:LocTypeClearable:KYWD	0033FE91:LocTypeFastTravelDestination:KYWD	003D5B65:LocLootScaleGiant:KYWD	003E7F19:PowerPlantLocationKeyword:KYWD	004E855C:LocThemeWorkingClass:KYWD	0050DC84:LocNoAutoPlacedScorchedStatues:KYWD	007BD03F:LocTypeFishingExcluded:KYWD					2	ESSChanceMainScorched	5.000000		ESSChanceSubGhoul	5.000000																																																																																																																																0	0	0	None	0	0031AEE4:SubRegionForestFloodlands26Location:The Forest	0.000000	1.000000	
00115402	LocMountainsConvertedMunitionsFactoryLocation	Converted Munitions Factory	6	000234F1:LocTypeWorkshop:KYWD	001789F7:LocRegionMountain:KYWD	0033FE91:LocTypeFastTravelDestination:KYWD	003AEDF7:LocTypeWorkshopPublic:KYWD	003D4B10:LocLootScaleMedium:KYWD	004E855F:LocThemeMilitary:KYWD								17	Food	7.000000		Water	8.000000		ESSChanceMainSuperMutants	5.000000		ResourceAV_FertilizerBrahmin	1.000000		ResourceAV_Scavenge	1.000000		ResourceAV_Ammo44caliber	1.000000		ResourceAV_Ammo45caliber	1.000000		ResourceAV_Ammo50caliber	1.000000		ResourceAV_Ammo556	1.000000		ResourceAV_Ammo5mm	1.000000		ResourceAV_AmmoFusionCell	1.000000		ResourceAV_AmmoGammaCell	1.000000		ResourceAV_AmmoShotgunShell	1.000000		ResourceAV_AmmoPlasmaCartridge	1.000000		ResourceAV_Ammo308caliber	1.000000		ResourceAV_Ammo10mm	1.000000		ResourceAV_Ammo38caliber	1.000000																																																																																			0	0	0	Workshop	0	002F70EE:SubRegionMountains02Location:Savage Divide	0.000000	1.000000	
001157B8	LocForestMorgantownAirportLocation	Morgantown Airport	9	00003954:LocTypeInteriorCell:KYWD	0001564F:LocRegionForestFloodlands:KYWD	000254BC:LocTypeDungeonMajor:KYWD	00064EDE:LocTypeClearable:KYWD	0033FE91:LocTypeFastTravelDestination:KYWD	00396B77:LocTypeDungeon:KYWD	003D5B64:LocLootScaleLarge:KYWD	004E855B:LocThemeGeneral:KYWD	0055C692:DungeonTypeCompound:KYWD					1	ESSChanceMainScorched	5.000000																																																																																																																																			0	0	0	None	0	002EE528:SubRegionForestFloodlands09Location:The Forest	0.000000	1.000000	
0002C075	LocMTRMineFire01Location	Abandoned Mine Shaft 1	4	0001CA8B:LocRegionMTR:KYWD	0033FE91:LocTypeFastTravelDestination:KYWD	003D5B62:LocLootScalePOI:KYWD	004E8563:LocThemeMiner:KYWD										3	ESSChanceMainGhouls	5.000000		ESSChanceMainScorched	5.000000		ESSChanceMainMoleMiner	5.000000																																																																																																																													0	0	0	None	0	002EE569:SubRegionMountainRemoval05Location:The Ash Heap	0.000000	1.000000	
00071A60	VirtualLocation		0														0																																																																																																																																					0	0	0	None	0		0.000000	1.000000	
0007C658	PersistAllLocation		0														0																																																																																																																																					0	0	0	None	0		0.000000	1.000000	
0001BAB0	LocForestLookoutTower03Location	East Kanawha Lookout	8	0001564F:LocRegionForestFloodlands:KYWD	00064EDE:LocTypeClearable:KYWD	0033FE91:LocTypeFastTravelDestination:KYWD	0037FA7F:LocTypeDungeonPOI:KYWD	00396B77:LocTypeDungeon:KYWD	003D5B63:LocLootScaleSmall:KYWD	004E855B:LocThemeGeneral:KYWD	0055C6A1:DungeonTypeLookoutTower:KYWD						1	ESSChanceMainGhouls	5.000000																																																																																																																																			0	0	0	None	0	002EE554:SubRegionForestFloodlands18Location:The Forest	0.000000	1.000000	
0001BAB1	LocMountainsLookoutTower04Location	Central Mountain Lookout	9	00064EDE:LocTypeClearable:KYWD	001789F7:LocRegionMountain:KYWD	0033FE91:LocTypeFastTravelDestination:KYWD	0037FA7F:LocTypeDungeonPOI:KYWD	00396B77:LocTypeDungeon:KYWD	003D5B63:LocLootScaleSmall:KYWD	004E8569:LocThemeOutdoors:KYWD	0055C6A1:DungeonTypeLookoutTower:KYWD	005723C8:LocEncMainBloodEagles:KYWD					0																																																																																																																																					0	0	0	None	0	002F70FA:SubRegionMountains14Location:Savage Divide	0.000000	1.000000	
0001BAB3	LocMountainsLookoutTower05Location	North Mountain Lookout	4	001789F7:LocRegionMountain:KYWD	0033FE91:LocTypeFastTravelDestination:KYWD	003D5B63:LocLootScaleSmall:KYWD	004E855B:LocThemeGeneral:KYWD										0																																																																																																																																					0	0	0	None	0	002F70F1:SubRegionMountains05Location:Savage Divide	0.000000	1.000000	
0001BAB4	LocMountainsLookoutTower06Location	East Mountain Lookout	4	001789F7:LocRegionMountain:KYWD	0033FE91:LocTypeFastTravelDestination:KYWD	003D5B63:LocLootScaleSmall:KYWD	004E855B:LocThemeGeneral:KYWD										0																																																																																																																																					0	0	0	None	0	002F70FF:SubRegionMountains19Location:Savage Divide	0.000000	1.000000	
0001B0C6	CUT_MTN_Giantkiller_01		0														0																																																																																																																																					0	0	0	None	0	0001558C:AppalachiaLocation:Appalachia	0.000000	1.000000	
0008CD53	LocForestMorgantownTrainyardLocation	Morgantown Trainyard	11	0001564F:LocRegionForestFloodlands:KYWD	00022612:LocTypeResponderEyebot:KYWD	00064EDE:LocTypeClearable:KYWD	0033FE91:LocTypeFastTravelDestination:KYWD	0037FA7F:LocTypeDungeonPOI:KYWD	00396B77:LocTypeDungeon:KYWD	003A5E71:LocEncSupportLarge:KYWD	003D4B10:LocLootScaleMedium:KYWD	004E855C:LocThemeWorkingClass:KYWD	0055C6A5:DungeonTypeTrainyard:KYWD	008A1490:LocTypeHostileTakeover:KYWD			1	ESSChanceMainScorched	5.000000																																																																																																																																			0	0	0	None	0	002EE528:SubRegionForestFloodlands09Location:The Forest	0.000000	1.000000	
0008CD56	LocForestMamaDolceProcessingLocation	Mama Dolce's Food Processing	9	00003954:LocTypeInteriorCell:KYWD	0001564F:LocRegionForestFloodlands:KYWD	000254BC:LocTypeDungeonMajor:KYWD	00064EDE:LocTypeClearable:KYWD	0033FE91:LocTypeFastTravelDestination:KYWD	00396B77:LocTypeDungeon:KYWD	003D5B64:LocLootScaleLarge:KYWD	004E855C:LocThemeWorkingClass:KYWD	0055C6A3:DungeonTypeFactory:KYWD					2	ESSChanceMainRobots	5.000000		ESSChanceSubLiberators	5.000000																																																																																																																																0	0	0	None	0	002EE534:SubRegionForestFloodlands15Location:The Forest	0.000000	1.000000	
0012192A	LocVault63Location	Vault 63	5	00003954:LocTypeInteriorCell:KYWD	000581DE:LocEncMainGhouls:KYWD	00064EDE:LocTypeClearable:KYWD	0033FE91:LocTypeFastTravelDestination:KYWD	004E8566:LocThemeVaultTec:KYWD									0																																																																																																																																					0	0	0	None	0	002EE56A:SubRegionMountainRemoval06Location:The Ash Heap	0.000000	1.000000	
00095004	RegionForestFloodlandsLocation	The Forest	3	0001564F:LocRegionForestFloodlands:KYWD	0009B044:LocTypeRegion:KYWD	00180819:EMSIgnoredLocation:KYWD											0																																																																																																																																					0	0	1	None	10	0001558C:AppalachiaLocation:Appalachia	0.000000	1.000000	
0011293A	LocForestArktosPharmaLocation	Arktos Pharma	8	0001564F:LocRegionForestFloodlands:KYWD	00022612:LocTypeResponderEyebot:KYWD	000254BC:LocTypeDungeonMajor:KYWD	00064EDE:LocTypeClearable:KYWD	0033FE91:LocTypeFastTravelDestination:KYWD	00396B77:LocTypeDungeon:KYWD	003D4B10:LocLootScaleMedium:KYWD	004E855D:LocThemeWhiteCollar:KYWD						8	ESSChanceMainGhouls	5.000000		ESSChanceMainScorched	5.000000		ESSChanceSubGhoul	5.000000		ESSChanceSubInsect	5.000000		ESSChanceSubRobots	5.000000		ESSChanceSubLiberators	5.000000		ESSChanceSubViciousDog	5.000000		ESSChanceSubMolerats	5.000000																																																																																																														0	0	0	None	0	002EE533:SubRegionForestFloodlands14Location:The Forest	0.000000	1.000000	
00129906	LocWhitespringTheWhitespringBunkerLocation	The Whitespring Bunker	6	00003954:LocTypeInteriorCell:KYWD	0033FE91:LocTypeFastTravelDestination:KYWD	003B3731:LocRegionWhitespring:KYWD	003D4B10:LocLootScaleMedium:KYWD	004E855F:LocThemeMilitary:KYWD	007BD03F:LocTypeFishingExcluded:KYWD								0																																																																																																																																					0	0	0	None	0	000989F5:LocWhitespringTheWhitespringLocation:The Whitespring	0.000000	1.000000	
0012C45C	TestWorkshopOriginLocation		2	000234F1:LocTypeWorkshop:KYWD	003AEDF7:LocTypeWorkshopPublic:KYWD												25	Food	8.000000		Water	12.000000		ResourceAV_Wood	5.000000		ResourceAV_Oil	5.000000		ResourceAV_Steel	5.000000		ResourceAV_Concrete	5.000000		ResourceAV_FertilizerBrahmin	3.000000		ResourceAV_Nuclear	5.000000		ResourceAV_Acid	5.000000		ResourceAV_Copper	3.000000		ResourceAV_Aluminum	5.000000		ResourceAV_Gold	5.000000		ResourceAV_Lead	5.000000		ResourceAV_Crystal	5.000000		ResourceAV_Scavenge	2.000000		ResourceAV_Silver	5.000000		ResourceAV_Ultracite	5.000000		ResourceAV_Coal	5.000000		ResourceAV_Titanium	5.000000		WorkshopBudgetLocation	1000.000000		ResourceAV_Ash	5.000000		ResourceAV_Ammo308caliber	10.000000		ResourceAV_Ammo10mm	10.000000		ResourceAV_Ammo38caliber	10.000000		ResourceAV_Ore_MountBlair	1.000000																																																											0	0	0	None	0		8000.000000	1.000000	
001789F8	RegionMountainLocation	Savage Divide	3	0009B044:LocTypeRegion:KYWD	001789F7:LocRegionMountain:KYWD	00180819:EMSIgnoredLocation:KYWD											0																																																																																																																																					0	0	15	None	99	0001558C:AppalachiaLocation:Appalachia	0.000000	1.000000	
0017F45D	DQ_TargetName_Animals	Animals	1	00180819:EMSIgnoredLocation:KYWD													0																																																																																																																																					0	0	0	None	0		0.000000	1.000000	
0017F45F	DQ_TargetName_Bugs	giant insects	1	00180819:EMSIgnoredLocation:KYWD													0																																																																																																																																					0	0	0	None	0		0.000000	1.000000	
0017F460	DQ_TargetName_Deathclaws	Deathclaws	1	00180819:EMSIgnoredLocation:KYWD													0																																																																																																																																					0	0	0	None	0		0.000000	1.000000	
0017F492	DQ_TargetName_Dogs	Dogs	1	00180819:EMSIgnoredLocation:KYWD													0																																																																																																																																					0	0	0	None	0		0.000000	1.000000	
0017F494	DQ_TargetName_FeralGhouls	Feral Ghouls	1	00180819:EMSIgnoredLocation:KYWD													0																																																																																																																																					0	0	0	None	0		0.000000	1.000000	
0017F495	DQ_TargetName_Gulpers	Gulpers	1	00180819:EMSIgnoredLocation:KYWD													0																																																																																																																																					0	0	0	None	0		0.000000	1.000000	
0017F496	DQ_TargetName_Mirelurks	Mirelurks	1	00180819:EMSIgnoredLocation:KYWD													0																																																																																																																																					0	0	0	None	0		0.000000	1.000000	
0017F497	DQ_TargetName_Molerats	Molerats	1	00180819:EMSIgnoredLocation:KYWD													0																																																																																																																																					0	0	0	None	0		0.000000	1.000000	
0017F498	DQ_TargetName_Radscorpions	Radscorpions	1	00180819:EMSIgnoredLocation:KYWD													0																																																																																																																																					0	0	0	None	0		0.000000	1.000000	
0017F4AA	DQ_TargetName_Radstags	Radstags	1	00180819:EMSIgnoredLocation:KYWD													0																																																																																																																																					0	0	0	None	0		0.000000	1.000000	
0017F4AB	DQ_TargetName_Robots	Robots	1	00180819:EMSIgnoredLocation:KYWD													0																																																																																																																																					0	0	0	None	0		0.000000	1.000000	
0017F4B9	DQ_TargetName_Supermutants	Supermutants	1	00180819:EMSIgnoredLocation:KYWD													0																																																																																																																																					0	0	0	None	0		0.000000	1.000000	
0017F4BA	DQ_TargetName_Turrets	Turrets	1	00180819:EMSIgnoredLocation:KYWD													0																																																																																																																																					0	0	0	None	0		0.000000	1.000000	
0017F4C0	DQ_TargetName_YaoGuai	Yao Guai	1	00180819:EMSIgnoredLocation:KYWD													0																																																																																																																																					0	0	0	None	0		0.000000	1.000000	
0017F4C1	DQ_ImplementName_Unarmed	an unarmed weapon or your bare hands	1	00180819:EMSIgnoredLocation:KYWD													0																																																																																																																																					0	0	0	None	0		0.000000	1.000000	
0017F4C5	DQ_ImplementName_Pistol	a pistol	1	00180819:EMSIgnoredLocation:KYWD													0																																																																																																																																					0	0	0	None	0		0.000000	1.000000	
0017F4C6	DQ_ImplementName_Rifle	a rifle	1	00180819:EMSIgnoredLocation:KYWD													0																																																																																																																																					0	0	0	None	0		0.000000	1.000000	
0017F4C7	DQ_ImplementName_MeleeOneHanded	a one-handed melee weapon	1	00180819:EMSIgnoredLocation:KYWD													0																																																																																																																																					0	0	0	None	0		0.000000	1.000000	
0017F4C8	DQ_ImplementName_MeleeTwoHanded	a two-handed melee weapon	1	00180819:EMSIgnoredLocation:KYWD													0																																																																																																																																					0	0	0	None	0		0.000000	1.000000	
0017F4C9	DQ_ImplementName_Automatic	an automatic gun	1	00180819:EMSIgnoredLocation:KYWD													0																																																																																																																																					0	0	0	None	0		0.000000	1.000000	
0017F4CA	DQ_ImplementName_Ballistic	bullets	1	00180819:EMSIgnoredLocation:KYWD													0																																																																																																																																					0	0	0	None	0		0.000000	1.000000	
0017F4CB	DQ_ImplementName_Fatman	a Fatman	1	00180819:EMSIgnoredLocation:KYWD													0																																																																																																																																					0	0	0	None	0		0.000000	1.000000	
0017F4CC	DQ_ImplementName_Flamer	a Flamer	1	00180819:EMSIgnoredLocation:KYWD													0																																																																																																																																					0	0	0	None	0		0.000000	1.000000	
0017F4D0	DQ_ImplementName_GatlingLaser	a Gatling Laser gun	1	00180819:EMSIgnoredLocation:KYWD													0																																																																																																																																					0	0	0	None	0		0.000000	1.000000	
0017F4D1	DQ_ImplementName_GaussRile	a Gauss Rifle	1	00180819:EMSIgnoredLocation:KYWD													0																																																																																																																																					0	0	0	None	0		0.000000	1.000000	
0017F4D2	DQ_ImplementName_Grenade	grenades	1	00180819:EMSIgnoredLocation:KYWD													0																																																																																																																																					0	0	0	None	0		0.000000	1.000000	
0017F4D3	DQ_ImplementName_HeavyWeapon	heavy weapon	1	00180819:EMSIgnoredLocation:KYWD													0																																																																																																																																					0	0	0	None	0		0.000000	1.000000	
0017F4D4	DQ_ImplementName_JunkJet	a Junk Jet	1	00180819:EMSIgnoredLocation:KYWD													0																																																																																																																																					0	0	0	None	0		0.000000	1.000000	
0017F4D8	DQ_ImplementName_LaserGun	a lasergun	1	00180819:EMSIgnoredLocation:KYWD													0																																																																																																																																					0	0	0	None	0		0.000000	1.000000	
0017F4D9	DQ_ImplementName_LaserMusket	a Laser Musket	1	00180819:EMSIgnoredLocation:KYWD													0																																																																																																																																					0	0	0	None	0		0.000000	1.000000	
0017F4DA	DQ_ImplementName_Mine	mines	1	00180819:EMSIgnoredLocation:KYWD													0																																																																																																																																					0	0	0	None	0		0.000000	1.000000	
0017F4DB	DQ_ImplementName_Minigun	a Minigun	1	00180819:EMSIgnoredLocation:KYWD													0																																																																																																																																					0	0	0	None	0		0.000000	1.000000	
0017F4DC	DQ_ImplementName_MissileLauncher	a Missile Launcher	1	00180819:EMSIgnoredLocation:KYWD													0																																																																																																																																					0	0	0	None	0		0.000000	1.000000	
0017F4E0	DQ_ImplementName_Molotov	a Molotov Cocktail	1	00180819:EMSIgnoredLocation:KYWD													0																																																																																																																																					0	0	0	None	0		0.000000	1.000000	
0017F4E1	DQ_ImplementName_PlasmaGun	a plasma gun	1	00180819:EMSIgnoredLocation:KYWD													0																																																																																																																																					0	0	0	None	0		0.000000	1.000000	
0017F4E2	DQ_ImplementName_RailwayRifle	a Railway Rifle	1	00180819:EMSIgnoredLocation:KYWD													0																																																																																																																																					0	0	0	None	0		0.000000	1.000000	
0017F4E3	DQ_ImplementName_Shishkebab	a Shishkebab	1	00180819:EMSIgnoredLocation:KYWD													0																																																																																																																																					0	0	0	None	0		0.000000	1.000000	
0017F4E4	DQ_ImplementName_Shotgun	a Shotgun	1	00180819:EMSIgnoredLocation:KYWD													0																																																																																																																																					0	0	0	None	0		0.000000	1.000000	
0017F4E8	DQ_ImplementName_Syringer	a Syringer	1	00180819:EMSIgnoredLocation:KYWD													0																																																																																																																																					0	0	0	None	0		0.000000	1.000000	
0017F4E9	DQ_ImplementName_10mm	a 10mm pistol	1	00180819:EMSIgnoredLocation:KYWD													0																																																																																																																																					0	0	0	None	0		0.000000	1.000000	
0017F4EA	DQ_ImplementName_AssaultRifle	an Assault Rifle	1	00180819:EMSIgnoredLocation:KYWD													0																																																																																																																																					0	0	0	None	0		0.000000	1.000000	
0017F4EB	DQ_ImplementName_BaseballBat	a Baseball Bat	1	00180819:EMSIgnoredLocation:KYWD													0																																																																																																																																					0	0	0	None	0		0.000000	1.000000	
0017F4EC	DQ_ImplementName_Baton	a Baton	1	00180819:EMSIgnoredLocation:KYWD													0																																																																																																																																					0	0	0	None	0		0.000000	1.000000	
0017F4F0	DQ_ImplementName_Board	a Board	1	00180819:EMSIgnoredLocation:KYWD													0																																																																																																																																					0	0	0	None	0		0.000000	1.000000	
0017F4F1	DQ_ImplementName_BoxingGlove	a Boxing Glove	1	00180819:EMSIgnoredLocation:KYWD													0																																																																																																																																					0	0	0	None	0		0.000000	1.000000	
0017F4F2	DQ_ImplementName_Broadsider	a Broadsider	1	00180819:EMSIgnoredLocation:KYWD													0																																																																																																																																					0	0	0	None	0		0.000000	1.000000	
0017F4F4	DQ_ImplementName_Chainsaw	a Chainsaw	1	00180819:EMSIgnoredLocation:KYWD													0																																																																																																																																					0	0	0	None	0		0.000000	1.000000	
0017F4F8	DQ_ImplementName_ChineseOfficerSword	a Chinese Officer Sword	1	00180819:EMSIgnoredLocation:KYWD													0																																																																																																																																					0	0	0	None	0		0.000000	1.000000	
0017F4F9	DQ_ImplementName_CombatRifle	a Combat Rifle	1	00180819:EMSIgnoredLocation:KYWD													0																																																																																																																																					0	0	0	None	0		0.000000	1.000000	
0017F4FA	DQ_ImplementName_CombatShotgun	a Combat Shotgun	1	00180819:EMSIgnoredLocation:KYWD													0																																																																																																																																					0	0	0	None	0		0.000000	1.000000	
0017F4FC	DQ_ImplementName_Bow	a Compound Bow	1	00180819:EMSIgnoredLocation:KYWD													0																																																																																																																																					0	0	0	None	0		0.000000	1.000000	
0017F4FD	DQ_ImplementName_Cryolater	a Cryolater	1	00180819:EMSIgnoredLocation:KYWD													0																																																																																																																																					0	0	0	None	0		0.000000	1.000000	
0017F4FE	DQ_ImplementName_DeathclawGauntlet	a Deathclaw Gauntlet	1	00180819:EMSIgnoredLocation:KYWD													0																																																																																																																																					0	0	0	None	0		0.000000	1.000000	
0017F4FF	DQ_ImplementName_LightningGun	a Lightning Gun	1	00180819:EMSIgnoredLocation:KYWD													0																																																																																																																																					0	0	0	None	0		0.000000	1.000000	
0017F500	DQ_ImplementName_MrHandyBuzzBlade	a Mr. Handy Buzz Blade	1	00180819:EMSIgnoredLocation:KYWD													0																																																																																																																																					0	0	0	None	0		0.000000	1.000000	
0017F501	DQ_ImplementName_HarpoonGun	a Harpoon Gun	1	00180819:EMSIgnoredLocation:KYWD													0																																																																																																																																					0	0	0	None	0		0.000000	1.000000	
0017F502	DQ_ImplementName_LeverGun	a Lever Action Rifle	1	00180819:EMSIgnoredLocation:KYWD													0																																																																																																																																					0	0	0	None	0		0.000000	1.000000	
0017F503	DQ_ImplementName_PoleHook	a Pole Hook	1	00180819:EMSIgnoredLocation:KYWD													0																																																																																																																																					0	0	0	None	0		0.000000	1.000000	
0017F504	DQ_ImplementName_RadiumRifle	a Radium Rifle	1	00180819:EMSIgnoredLocation:KYWD													0																																																																																																																																					0	0	0	None	0		0.000000	1.000000	
0017F505	DQ_ImplementName_HandmadeRifle	a Handmade Rifle	1	00180819:EMSIgnoredLocation:KYWD													0																																																																																																																																					0	0	0	None	0		0.000000	1.000000	
0017F551	DQ_ImplementName_DoubleBarrelShotgun	a Double-Barrel Shotgun	1	00180819:EMSIgnoredLocation:KYWD													0																																																																																																																																					0	0	0	None	0		0.000000	1.000000	
00180C3E	DQ_ImplementName_FlareGun	a Flare Gun	1	00180819:EMSIgnoredLocation:KYWD													0																																																																																																																																					0	0	0	None	0		0.000000	1.000000	
00180C40	DQ_ImplementName_GatlingGun	a Gatling Gun.	1	00180819:EMSIgnoredLocation:KYWD													0																																																																																																																																					0	0	0	None	0		0.000000	1.000000	
00186E93	DQ_ImplementName_GuitarSword	a Guitar Sword	1	00180819:EMSIgnoredLocation:KYWD													0																																																																																																																																					0	0	0	None	0		0.000000	1.000000	
00186E94	DQ_ImplementName_HuntingRifle	a Hunting Rifle	1	00180819:EMSIgnoredLocation:KYWD													0																																																																																																																																					0	0	0	None	0		0.000000	1.000000	
00186E95	DQ_ImplementName_KnifeCombat	a Combat Knife	1	00180819:EMSIgnoredLocation:KYWD													0																																																																																																																																					0	0	0	None	0		0.000000	1.000000	
00186E96	DQ_ImplementName_Knuckles	Knuckles	1	00180819:EMSIgnoredLocation:KYWD													0																																																																																																																																					0	0	0	None	0		0.000000	1.000000	
00186E97	DQ_ImplementName_LeadPipe	a Lead Pipe	1	00180819:EMSIgnoredLocation:KYWD													0																																																																																																																																					0	0	0	None	0		0.000000	1.000000	
00186E98	DQ_ImplementName_Machete	a Machete	1	00180819:EMSIgnoredLocation:KYWD													0																																																																																																																																					0	0	0	None	0		0.000000	1.000000	
00186E9A	DQ_ImplementName_MiningClaw	a Mining Claw	1	00180819:EMSIgnoredLocation:KYWD													0																																																																																																																																					0	0	0	None	0		0.000000	1.000000	
00186E9B	DQ_ImplementName_PipeBoltAction	a Pipe Bolt-Action gun	1	00180819:EMSIgnoredLocation:KYWD													0																																																																																																																																					0	0	0	None	0		0.000000	1.000000	
00186E9C	DQ_ImplementName_PipeGun	a Pipe Gun	1	00180819:EMSIgnoredLocation:KYWD													0																																																																																																																																					0	0	0	None	0		0.000000	1.000000	
00186E9D	DQ_ImplementName_PipeRevolver	a Pipe Revolver	1	00180819:EMSIgnoredLocation:KYWD													0																																																																																																																																					0	0	0	None	0		0.000000	1.000000	
00186E9E	DQ_ImplementName_PipeWrench	a Pipe Wrench	1	00180819:EMSIgnoredLocation:KYWD													0																																																																																																																																					0	0	0	None	0		0.000000	1.000000	
00186E9F	DQ_ImplementName_PoolCue	a Pool Cue	1	00180819:EMSIgnoredLocation:KYWD													0																																																																																																																																					0	0	0	None	0		0.000000	1.000000	
00186EA0	DQ_ImplementName_PowerFist	a Power Fist	1	00180819:EMSIgnoredLocation:KYWD													0																																																																																																																																					0	0	0	None	0		0.000000	1.000000	
00186EA1	DQ_ImplementName_RevolutionarySword	a Revolutionary Sword	1	00180819:EMSIgnoredLocation:KYWD													0																																																																																																																																					0	0	0	None	0		0.000000	1.000000	
00186EA3	DQ_ImplementName_Revolver	a Revolver	1	00180819:EMSIgnoredLocation:KYWD													0																																																																																																																																					0	0	0	None	0		0.000000	1.000000	
00186EA4	DQ_ImplementName_RollingPin	a Rolling Pin	1	00180819:EMSIgnoredLocation:KYWD													0																																																																																																																																					0	0	0	None	0		0.000000	1.000000	
00186EA6	DQ_ImplementName_SingleActionRevolver	a Single Action Revolver	1	00180819:EMSIgnoredLocation:KYWD													0																																																																																																																																					0	0	0	None	0		0.000000	1.000000	
00186EA7	DQ_ImplementName_Sledgehammer	a Sledgehammer	1	00180819:EMSIgnoredLocation:KYWD													0																																																																																																																																					0	0	0	None	0		0.000000	1.000000	
00188B71	DQ_ImplementName_SubmachineGun	a Submachine Gun	1	00180819:EMSIgnoredLocation:KYWD													0																																																																																																																																					0	0	0	None	0		0.000000	1.000000	
00188B79	DQ_ImplementName_SuperSledge	a Super Sledge	1	00180819:EMSIgnoredLocation:KYWD													0																																																																																																																																					0	0	0	None	0		0.000000	1.000000	
00188B7A	DQ_ImplementName_SwitchBlade	a SwitchBlade	1	00180819:EMSIgnoredLocation:KYWD													0																																																																																																																																					0	0	0	None	0		0.000000	1.000000	
00188B7B	DQ_ImplementName_TireIron	a Tire Iron	1	00180819:EMSIgnoredLocation:KYWD													0																																																																																																																																					0	0	0	None	0		0.000000	1.000000	
00188B7C	DQ_ImplementName_WalkingCane	a Walking Cane	1	00180819:EMSIgnoredLocation:KYWD													0																																																																																																																																					0	0	0	None	0		0.000000	1.000000	
00188B81	DQ_ImplementName_WarDrum	a War Drum	1	00180819:EMSIgnoredLocation:KYWD													0																																																																																																																																					0	0	0	None	0		0.000000	1.000000	
000012A2	RegionCranberryBogLocation	Cranberry Bog	3	000012A1:LocRegionCranberryBog:KYWD	0009B044:LocTypeRegion:KYWD	00180819:EMSIgnoredLocation:KYWD											0																																																																																																																																					0	0	35	None	99	0001558C:AppalachiaLocation:Appalachia	0.000000	1.000000	
00052B58	DebugLVCLocation		0														0																																																																																																																																					0	0	0	None	0		0.000000	1.000000	
00088ABA	RegionToxicValleyLocation	Toxic Valley	3	00088AAB:LocRegionToxicValley:KYWD	0009B044:LocTypeRegion:KYWD	00180819:EMSIgnoredLocation:KYWD											0																																																																																																																																					0	0	10	None	25	0001558C:AppalachiaLocation:Appalachia	0.000000	1.000000	
00088ABB	LocToxicPrickettsFortLocation	Prickett's Fort	4	00088AAB:LocRegionToxicValley:KYWD	0033FE91:LocTypeFastTravelDestination:KYWD	003D4B10:LocLootScaleMedium:KYWD	004E855B:LocThemeGeneral:KYWD										0																																																																																																																																					0	0	0	None	0	002F707F:SubRegionToxicValley04Location:Toxic Valley	0.000000	1.000000	
000045D0	RegionMTRLocation	Ash Heap	3	00007440:LocEncMainMoleMiner:KYWD	0001CA8B:LocRegionMTR:KYWD	0009B044:LocTypeRegion:KYWD											1	ESSChanceMainMoleMiner	5.000000																																																																																																																																			0	0	25	None	50	0001558C:AppalachiaLocation:Appalachia	0.000000	1.000000	
000045DD	SubRegionFloodlandsLocation	The Floodlands	2	00180819:EMSIgnoredLocation:KYWD	003CD32C:EMSAllowLoadedReRoll:KYWD												20	ESSChanceCritterABeaver	5.000000		ESSChanceCritterACat	5.000000		ESSChanceCritterAChicken	5.000000		ESSChanceCritterAFirefly	5.000000		ESSChanceCritterAFox	5.000000		ESSChanceCritterAOpposum	5.000000		ESSChanceCritterARabbit	5.000000		ESSChanceCritterARadFrog	5.000000		ESSChanceCritterARadStag	15.000000		ESSChanceCritterASquirrel	5.000000		ESSChanceCritterBBeaver	5.000000		ESSChanceCritterBCat	5.000000		ESSChanceCritterBChicken	5.000000		ESSChanceCritterBFirefly	5.000000		ESSChanceCritterBFox	5.000000		ESSChanceCritterBOpposum	5.000000		ESSChanceCritterBRabbit	5.000000		ESSChanceCritterBRadFrog	5.000000		ESSChanceCritterBRadStag	15.000000		ESSChanceCritterBSquirrel	5.000000																																																																										0	0	0	None	0	002EE554:SubRegionForestFloodlands18Location:The Forest	0.000000	1.000000	
000045E1	RegionSwampForestLocation	The Mire	3	0001CA8C:LocRegionSwampForest:KYWD	0009B044:LocTypeRegion:KYWD	00180819:EMSIgnoredLocation:KYWD											0																																																																																																																																					0	0	30	None	99	0001558C:AppalachiaLocation:Appalachia	0.000000	1.000000	
000045F1	LocMTRMineFire02Location	Abandoned Mine Shaft 2	4	0001CA8B:LocRegionMTR:KYWD	0033FE91:LocTypeFastTravelDestination:KYWD	003D5B63:LocLootScaleSmall:KYWD	004E8563:LocThemeMiner:KYWD										3	ESSChanceMainGhouls	5.000000		ESSChanceMainScorched	5.000000		ESSChanceMainMoleMiner	5.000000																																																																																																																													0	0	0	None	0	002EE56A:SubRegionMountainRemoval06Location:The Ash Heap	0.000000	1.000000	
000045F2	LocMTRMineFire03Location	Abandoned Mine Shaft 3	4	0001CA8B:LocRegionMTR:KYWD	0033FE91:LocTypeFastTravelDestination:KYWD	003D5B63:LocLootScaleSmall:KYWD	004E8563:LocThemeMiner:KYWD										3	ESSChanceMainGhouls	5.000000		ESSChanceMainScorched	5.000000		ESSChanceMainMoleMiner	5.000000																																																																																																																													0	0	0	None	0	002EE56A:SubRegionMountainRemoval06Location:The Ash Heap	0.000000	1.000000	
000045F3	LocMTRMineFire04Location	Abandoned Mine Shaft 4	4	0001CA8B:LocRegionMTR:KYWD	0033FE91:LocTypeFastTravelDestination:KYWD	003D5B63:LocLootScaleSmall:KYWD	004E8563:LocThemeMiner:KYWD										3	ESSChanceMainGhouls	5.000000		ESSChanceMainScorched	5.000000		ESSChanceMainMoleMiner	5.000000																																																																																																																													0	0	0	None	0	002EE568:SubRegionMountainRemoval04Location:The Ash Heap	0.000000	1.000000	
000045F4	LocMTRMineFire05Location	Abandoned Mine Shaft 5	4	0001CA8B:LocRegionMTR:KYWD	0033FE91:LocTypeFastTravelDestination:KYWD	003D5B62:LocLootScalePOI:KYWD	004E8563:LocThemeMiner:KYWD										3	ESSChanceMainGhouls	5.000000		ESSChanceMainScorched	5.000000		ESSChanceMainMoleMiner	5.000000																																																																																																																													0	0	0	None	0	002EE566:SubRegionMountainRemoval02Location:The Ash Heap	0.000000	1.000000	
000045F5	LocMTRMineFire06Location	Abandoned Mine Shaft 6	4	0001CA8B:LocRegionMTR:KYWD	0033FE91:LocTypeFastTravelDestination:KYWD	003D5B63:LocLootScaleSmall:KYWD	004E8563:LocThemeMiner:KYWD										3	ESSChanceMainGhouls	5.000000		ESSChanceMainScorched	5.000000		ESSChanceMainMoleMiner	5.000000																																																																																																																													0	0	0	None	0	002EE569:SubRegionMountainRemoval05Location:The Ash Heap	0.000000	1.000000	
0009A451	LocWhitespringTheWhitespringGolfLocation	The Whitespring Golf Club	9	00064EDE:LocTypeClearable:KYWD	0033FE91:LocTypeFastTravelDestination:KYWD	0037FA7F:LocTypeDungeonPOI:KYWD	00396B77:LocTypeDungeon:KYWD	003B3731:LocRegionWhitespring:KYWD	003D5B63:LocLootScaleSmall:KYWD	004E8560:LocThemeWealthy:KYWD	0055C69F:DungeonTypeResort:KYWD	008A1490:LocTypeHostileTakeover:KYWD					2	ESSChanceMainGhouls	5.000000		ESSChanceSubRadroach	5.000000																																																																																																																																0	0	0	None	0	000989F5:LocWhitespringTheWhitespringLocation:The Whitespring	0.000000	1.000000	
00073757	CharlestonRespondersExamLocation	Charleston Responders Physical Exam	0														0																																																																																																																																					0	0	0	None	0	0010CCEE:LocForestCharlestonCityLocation:Charleston	0.000000	1.000000	
0012B7C3	LocForestENs02POILocation	Enclave Extermination Site Alpha	4	0001564F:LocRegionForestFloodlands:KYWD	000AC697:LocTypeENs02ExterminationSite:KYWD	0033FE91:LocTypeFastTravelDestination:KYWD	003D5B62:LocLootScalePOI:KYWD										1	ESSChanceMainMolerats	5.000000																																																																																																																																			0	0	0	None	0	002EE528:SubRegionForestFloodlands09Location:The Forest	0.000000	1.000000	
0012B7C4	LocCranberryENz04POI01Location	Bot Patrol Location POI 01	1	000012A1:LocRegionCranberryBog:KYWD													3	ESSChanceMainSuperMutants	5.000000		EMSChanceVariantNormal	45.000000		EMSChanceVariantScorched	5.000000																																																																																																																													0	0	0	None	0	002EE524:SubRegionCranberry12Location:Cranberry Bog	0.000000	1.000000	
0008B010	LocToxicBeckerFarmLocation	Becker Farm	8	00064EDE:LocTypeClearable:KYWD	00088AAB:LocRegionToxicValley:KYWD	0033FE91:LocTypeFastTravelDestination:KYWD	0037FA7F:LocTypeDungeonPOI:KYWD	00396B77:LocTypeDungeon:KYWD	003D5B62:LocLootScalePOI:KYWD	004E8569:LocThemeOutdoors:KYWD	0055C696:DungeonTypeFarm:KYWD						1	ESSChanceMainGhouls	5.000000																																																																																																																																			0	0	0	None	0	002F7080:SubRegionToxicValley05LocationLOW:Toxic Valley	0.000000	1.000000	
0008E619	LocToxicSmithFarmLocation	Smith Farm	8	00064EDE:LocTypeClearable:KYWD	00088AAB:LocRegionToxicValley:KYWD	0033FE91:LocTypeFastTravelDestination:KYWD	0037FA7F:LocTypeDungeonPOI:KYWD	00396B77:LocTypeDungeon:KYWD	003D5B62:LocLootScalePOI:KYWD	004E8569:LocThemeOutdoors:KYWD	0055C696:DungeonTypeFarm:KYWD						1	ESSChanceMainScorpionsLARGE	5.000000																																																																																																																																			0	0	0	None	0	002F7081:SubRegionToxicValley06LocationLOW:Toxic Valley	0.000000	1.000000	
0008E622	LocToxicGraningerFarmLocation	Graninger Farm	5	00088AAB:LocRegionToxicValley:KYWD	0033FE91:LocTypeFastTravelDestination:KYWD	003A5E71:LocEncSupportLarge:KYWD	003D5B62:LocLootScalePOI:KYWD	004E8569:LocThemeOutdoors:KYWD									2	ESSChanceMainMutationsLARGE	5.000000		ESSChanceMainScorpionsLARGE	5.000000																																																																																																																																0	0	0	None	0	002F707E:SubRegionToxicValley03Location:Toxic Valley	0.000000	1.000000	
0015FAC2	CUT_Vault94RegionLocation	Vault 94 Environs	1	0033FE91:LocTypeFastTravelDestination:KYWD													10	ESSChanceMainGhouls	5.000000		ESSChanceMainInsects	5.000000		ESSChanceMainMirelurks	5.000000		ESSChanceMainSwampLARGE	5.000000		ESSChanceSubGhoul	5.000000		ESSChanceSubInsect	5.000000		ESSChanceSubMirelurks	5.000000		ESSChanceSubSwampLARGE	5.000000		ESSChanceMainMutationsLARGE	5.000000		ESSChanceSubMutationsLARGE	5.000000																																																																																																								0	0	0	None	0	000045E1:RegionSwampForestLocation:The Mire	0.000000	1.000000	
0000BB5B	CharlestonOrbitalDrop01Location	Charleston Enclave Orbital Drop Site #001	1	0000BC69:LocTypeENz01DropSite:KYWD													0																																																																																																																																					0	0	0	None	0	0010CCEE:LocForestCharlestonCityLocation:Charleston	0.000000	1.000000	
00083EFE	LocMountainsGarrahanHQLocation	Garrahan Mining Headquarters	11	00003954:LocTypeInteriorCell:KYWD	00022612:LocTypeResponderEyebot:KYWD	000254BC:LocTypeDungeonMajor:KYWD	00064EDE:LocTypeClearable:KYWD	001789F7:LocRegionMountain:KYWD	0033FE91:LocTypeFastTravelDestination:KYWD	00396B77:LocTypeDungeon:KYWD	003D5B64:LocLootScaleLarge:KYWD	004E855D:LocThemeWhiteCollar:KYWD	0055C69B:DungeonTypeResearchFacility:KYWD	007BD03F:LocTypeFishingExcluded:KYWD			2	ESSChanceMainRobots	5.000000		ESSChanceSubGhoul	5.000000																																																																																																																																0	0	0	None	0	0033873B:SubRegionMountains27Location:Savage Divide	0.000000	1.000000	
00083F00	LocMountainsHornwrightEstateLocation	Hornwright Estate	6	00022612:LocTypeResponderEyebot:KYWD	0009860C:LocTypeWealthy:KYWD	001789F7:LocRegionMountain:KYWD	0033FE91:LocTypeFastTravelDestination:KYWD	003D4B10:LocLootScaleMedium:KYWD	004E8560:LocThemeWealthy:KYWD								3	ESSChanceMainRobots	5.000000		ESSChanceSubInsect	5.000000		ESSChanceSubRats	5.000000																																																																																																																													0	0	0	None	0	0033873B:SubRegionMountains27Location:Savage Divide	0.000000	1.000000	
000451FF	SFZ03_Queen_BossLocation01	Site Alpha	1	0033FE91:LocTypeFastTravelDestination:KYWD													0																																																																																																																																					0	0	0	None	0	002F7068:SubRegionSwamp01Location:Mire	0.000000	1.000000	
00045208	SFZ03_Queen_BossLocation02	Site Beta	1	0033FE91:LocTypeFastTravelDestination:KYWD													0																																																																																																																																					0	0	0	None	0	002F706A:SubRegionSwamp03Location:Mire	0.000000	1.000000	
0008E6EE	LocMTR08LodeBaring01Location	Abandoned Mine Shaft Elaine	7	00003954:LocTypeInteriorCell:KYWD	0001CA8B:LocRegionMTR:KYWD	0008E6EC:LocTypeMTR08Site:KYWD	0033FE91:LocTypeFastTravelDestination:KYWD	003D5B63:LocLootScaleSmall:KYWD	004E8563:LocThemeMiner:KYWD	007BD03F:LocTypeFishingExcluded:KYWD							1	ESSChanceMainMoleMiner	5.000000																																																																																																																																			0	0	0	None	0	002EE569:SubRegionMountainRemoval05Location:The Ash Heap	0.000000	1.000000	
0000A7D0	TestPVEPlaygroundLocation	PVE Playground	1	000581DE:LocEncMainGhouls:KYWD													1	ESSChanceMainGhouls	5.000000																																																																																																																																			0	0	0	None	0		0.000000	1.000000	
0007894E	TestQuickplayLocation	Riverwood	1	000234F1:LocTypeWorkshop:KYWD													0																																																																																																																																					0	0	0	None	0		8000.000000	1.000000	
0028EBB6	LocForestFlatwoodsTavernLocation	Flatwoods Tavern	3	0001564F:LocRegionForestFloodlands:KYWD	003D5B63:LocLootScaleSmall:KYWD	004E855B:LocThemeGeneral:KYWD											1	ESSChanceMainGhouls	5.000000																																																																																																																																			0	0	0	None	0	002EE553:SubRegionForestFloodlands17LocationLOW:The Forest	2500.000000	1.000000	
00290FDC	LocSwampCarsonFamilyBunkerLocation	Carson Family Bunker	5	00003954:LocTypeInteriorCell:KYWD	0001CA8C:LocRegionSwampForest:KYWD	0033FE91:LocTypeFastTravelDestination:KYWD	003D5B63:LocLootScaleSmall:KYWD	004E8569:LocThemeOutdoors:KYWD									0																																																																																																																																					0	0	0	None	0	002F706D:SubRegionSwamp06Location:Mire	0.000000	1.000000	
0006459F	TestWorkshopTestLocation	PVE Playground	1	000234F1:LocTypeWorkshop:KYWD													0																																																																																																																																					0	0	0	None	0		0.000000	1.000000	
002955D1	LocMountainsMiddleMountainCabinsLocation	Middle Mountain Pitstop	6	00064EDE:LocTypeClearable:KYWD	001789F7:LocRegionMountain:KYWD	0033FE91:LocTypeFastTravelDestination:KYWD	003D5B63:LocLootScaleSmall:KYWD	004E8564:LocThemeRaider:KYWD	0055C694:DungeonTypeCabin:KYWD								3	ESSChanceMainHoneyBeastLARGE	5.000000		ESSChanceMainScorpionsLARGE	5.000000		ESSChanceMainYaoGuaiLARGE	5.000000																																																																																																																													0	0	0	None	0	002F70FD:SubRegionMountains17Location:Savage Divide	0.000000	1.000000	
0023C82A	TWZ11_BarrelSite	Toxic Barrel Site	0														0																																																																																																																																					0	0	0	None	0		0.000000	1.000000	
00090651	LocForestGreenCountryLodgeLocation	Green Country Lodge	6	0001564F:LocRegionForestFloodlands:KYWD	0033FE91:LocTypeFastTravelDestination:KYWD	003A5E71:LocEncSupportLarge:KYWD	003A5E72:LocEncSupportGiant:KYWD	003D5B63:LocLootScaleSmall:KYWD	004E855B:LocThemeGeneral:KYWD								1	ESSChanceMainMolerats	5.000000																																																																																																																																			0	0	0	None	0	002EE553:SubRegionForestFloodlands17LocationLOW:The Forest	2500.000000	1.000000	
000694A5	Test76QASmokeLocation	76 QA Smoke	0														0																																																																																																																																					0	0	0	None	0		0.000000	1.000000	
00134044	LocMTRMotherlode02Location	Hornwright Testing Site #02	4	0001CA8B:LocRegionMTR:KYWD	0033FE91:LocTypeFastTravelDestination:KYWD	003D5B62:LocLootScalePOI:KYWD	004E8569:LocThemeOutdoors:KYWD										2	ESSChanceMainMoleMiner	5.000000		ESSChanceSubMolerats	5.000000																																																																																																																																0	0	0	None	0	002EE568:SubRegionMountainRemoval04Location:The Ash Heap	0.000000	1.000000	
00109B75	LocMTRAshforge04Location	Hornwright Air Purifier Site #04	4	0001CA8B:LocRegionMTR:KYWD	0033FE91:LocTypeFastTravelDestination:KYWD	003D5B63:LocLootScaleSmall:KYWD	004E855C:LocThemeWorkingClass:KYWD										0																																																																																																																																					0	0	0	None	0	002EE568:SubRegionMountainRemoval04Location:The Ash Heap	0.000000	1.000000	
00109B78	LocMTRAshforge03Location	Hornwright Air Purifier Site #03	4	0001CA8B:LocRegionMTR:KYWD	0033FE91:LocTypeFastTravelDestination:KYWD	003D5B63:LocLootScaleSmall:KYWD	004E855C:LocThemeWorkingClass:KYWD										0																																																																																																																																					0	0	0	None	0	002EE568:SubRegionMountainRemoval04Location:The Ash Heap	0.000000	1.000000	
00109B79	LocMTRAshforge02Location	Hornwright Air Purifier Site #02	4	0001CA8B:LocRegionMTR:KYWD	0033FE91:LocTypeFastTravelDestination:KYWD	003D5B63:LocLootScaleSmall:KYWD	004E855C:LocThemeWorkingClass:KYWD										0																																																																																																																																					0	0	0	None	0	002EE567:SubRegionMountainRemoval03Location:The Ash Heap	0.000000	1.000000	
00109B7A	LocMTRAshforge01Location	Hornwright Air Purifier Site #01	4	0001CA8B:LocRegionMTR:KYWD	0033FE91:LocTypeFastTravelDestination:KYWD	003D5B63:LocLootScaleSmall:KYWD	004E855C:LocThemeWorkingClass:KYWD										0																																																																																																																																					0	0	0	None	0	004429B0:SubRegionMountainRemoval08LocationLOW:The Ash Heap	0.000000	1.000000	
00205C5A	LocMountainsBigBendTunnelLocation	Big Bend Tunnel West	9	00003954:LocTypeInteriorCell:KYWD	000254BC:LocTypeDungeonMajor:KYWD	00064EDE:LocTypeClearable:KYWD	001789F7:LocRegionMountain:KYWD	0033FE91:LocTypeFastTravelDestination:KYWD	00396B77:LocTypeDungeon:KYWD	003D5B64:LocLootScaleLarge:KYWD	004E8564:LocThemeRaider:KYWD	0055C6B4:DungeonTypeTunnel:KYWD					1	ESSChanceMainMoleMiner	5.000000																																																																																																																																			0	0	0	None	0	00338737:SubRegionMountains23Location:Savage Divide	0.000000	1.000000	
0011C74E	TestEncounters2Location	Encounter Test Area	3	000067EC:LocEncSubRobots:KYWD	000581D9:LocEncMainInsects:KYWD	00180819:EMSIgnoredLocation:KYWD											0																																																																																																																																					0	0	0	None	0		0.000000	1.000000	
0011B79E	LocMTRMotherlode01Location	Hornwright Testing Site #01	5	0001CA8B:LocRegionMTR:KYWD	00331CA2:LocTypeMTR05MotherlodeBreachSite:KYWD	0033FE91:LocTypeFastTravelDestination:KYWD	003D5B62:LocLootScalePOI:KYWD	004E855C:LocThemeWorkingClass:KYWD									2	ESSChanceMainMoleMiner	5.000000		ESSChanceSubMolerats	5.000000																																																																																																																																0	0	0	None	0	002EE56A:SubRegionMountainRemoval06Location:The Ash Heap	0.000000	1.000000	
0011B7A6	LocMTRMotherlode03Location	Hornwright Testing Site #03	4	0001CA8B:LocRegionMTR:KYWD	0033FE91:LocTypeFastTravelDestination:KYWD	003D5B62:LocLootScalePOI:KYWD	004E8569:LocThemeOutdoors:KYWD										2	ESSChanceMainMoleMiner	5.000000		ESSChanceSubMolerats	5.000000																																																																																																																																0	0	0	None	0	002EE569:SubRegionMountainRemoval05Location:The Ash Heap	0.000000	1.000000	
0011B7A7	LocMTRMotherlode04Location	Hornwright Testing Site #04	4	0001CA8B:LocRegionMTR:KYWD	0033FE91:LocTypeFastTravelDestination:KYWD	003D5B62:LocLootScalePOI:KYWD	004E8569:LocThemeOutdoors:KYWD										2	ESSChanceMainMoleMiner	5.000000		ESSChanceSubMolerats	5.000000																																																																																																																																0	0	0	None	0	002EE565:SubRegionMountainRemoval01Location:The Ash Heap	0.000000	1.000000	
002A1440	76DangerRoomLocation	Danger Room	0														0																																																																																																																																					0	0	0	None	0		0.000000	1.000000	
00058AEE	SFM01_Glow_MirelurkQueenSpawnLocation01		0														0																																																																																																																																					0	0	0	None	0	002F7070:SubRegionSwamp09Location:Mire	0.000000	1.000000	
0005AE2B	SFM01_Glow_MirelurkQueenSpawnLocation02		0														0																																																																																																																																					0	0	0	None	0	002F7067:SubRegionMountains01Location:Savage Divide	0.000000	1.000000	
00006D9C	LocCranberryWatogaLocation	Watoga	7	000012A1:LocRegionCranberryBog:KYWD	0000BA1C:LocTypeENz01DropRegion:KYWD	0000BC69:LocTypeENz01DropSite:KYWD	0009860C:LocTypeWealthy:KYWD	0033FE91:LocTypeFastTravelDestination:KYWD	003D4B10:LocLootScaleMedium:KYWD	004E855D:LocThemeWhiteCollar:KYWD							6	ESSChanceMainRobots	5.000000		ESSChanceSubGhoul	5.000000		ESSChanceSubScorched	5.000000		ESSChanceSubSuperMutants	5.000000		EMSChanceVariantNormal	45.000000		EMSChanceVariantScorched	5.000000																																																																																																																				0	0	0	None	0	002F7092:SubRegionCranberry15Location:Cranberry Bog	0.000000	1.000000	
002AF1FF	76CharGen01Location	Vault 76	1	005912D5:76CharGenLocationKeyword:KYWD													0																																																																																																																																					0	0	0	None	1		0.000000	1.000000	
002AF200	76CharGen02Location	Vault 76	1	005912D5:76CharGenLocationKeyword:KYWD													0																																																																																																																																					0	0	0	None	1		0.000000	1.000000	
002AF201	76CharGen03Location	Vault 76	1	005912D5:76CharGenLocationKeyword:KYWD													0																																																																																																																																					0	0	0	None	1		0.000000	1.000000	
002AF202	76CharGen04Location	Vault 76	1	005912D5:76CharGenLocationKeyword:KYWD													0																																																																																																																																					0	0	0	None	1		0.000000	1.000000	
000E04A0	TextReplacement_Pencil_Plural	Pencils	0														0																																																																																																																																					0	0	0	None	0		0.000000	1.000000	
000E04A1	TextReplacement_Plunger_Plural	Plungers	0														0																																																																																																																																					0	0	0	None	0		0.000000	1.000000	
000E04A2	TextReplacement_Weapon_Plural	Weapons	0														0																																																																																																																																					0	0	0	None	0		0.000000	1.000000	
000E06F7	TextReplacement_Chem_Plural	Chems	0														0																																																																																																																																					0	0	0	None	0		0.000000	1.000000	
000E0762	TextReplacement_FusionCore_Plural	Fusion Cores	0														0																																																																																																																																					0	0	0	None	0		0.000000	1.000000	
000E136A	TextReplacement_FatManMiniNuke_Plural	Mini Nukes	0														0																																																																																																																																					0	0	0	None	0		0.000000	1.000000	
002BA4E1	TestEncounterSetupLocation		1	000581E1:LocEncMainSuperMutants:KYWD													1	ESSChanceMainSuperMutants	5.000000																																																																																																																																			0	0	0	None	0		0.000000	1.000000	
0003BD69	SFZ03_Queen_BossLocation03	Site Gamma	1	0033FE91:LocTypeFastTravelDestination:KYWD													0																																																																																																																																					0	0	0	None	0	002F706C:SubRegionSwamp05Location:Mire	0.000000	1.000000	
002B5634	SFZ03_Queen_BossLocation04	Site Delta	1	0033FE91:LocTypeFastTravelDestination:KYWD													0																																																																																																																																					0	0	0	None	0	002F706C:SubRegionSwamp05Location:Mire	0.000000	1.000000	
002B5639	SFZ03_Queen_BossLocation05	Site Epsilon	1	0033FE91:LocTypeFastTravelDestination:KYWD													0																																																																																																																																					0	0	0	None	0	002F706B:SubRegionSwamp04Location:Mire	0.000000	1.000000	
002065D3	TestDemoStartLocation	Test Demo Start	1	000234F1:LocTypeWorkshop:KYWD													0																																																																																																																																					0	0	0	None	0		8000.000000	1.000000	
002B47D1	76HoldingCellEnclaveLocation	Aaronholt Homestead	0														0																																																																																																																																					0	0	0	None	0	0001558C:AppalachiaLocation:Appalachia	0.000000	1.000000	
0012C666	LocForestSilvaHomesteadLocation	Silva Homestead	8	0001564F:LocRegionForestFloodlands:KYWD	00064EDE:LocTypeClearable:KYWD	0033FE91:LocTypeFastTravelDestination:KYWD	0037FA7F:LocTypeDungeonPOI:KYWD	00396B77:LocTypeDungeon:KYWD	003D5B63:LocLootScaleSmall:KYWD	004E8569:LocThemeOutdoors:KYWD	0055C696:DungeonTypeFarm:KYWD						1	ESSChanceMainGhouls	5.000000																																																																																																																																			0	0	0	None	0	0031AEDF:SubRegionForestFloodlands21Location:The Forest	0.000000	1.000000	
0012C69E	LocMountainsInvestigatorsCabinLocation	Investigator's Cabin	8	00064EDE:LocTypeClearable:KYWD	001789F7:LocRegionMountain:KYWD	0033FE91:LocTypeFastTravelDestination:KYWD	0037FA7F:LocTypeDungeonPOI:KYWD	00396B77:LocTypeDungeon:KYWD	003D5B62:LocLootScalePOI:KYWD	004E8569:LocThemeOutdoors:KYWD	0055C694:DungeonTypeCabin:KYWD						1	ESSChanceMainWolf	5.000000																																																																																																																																			0	0	0	None	0	00338735:SubRegionMountains21Location:Savage Divide	0.000000	1.000000	
0009906A	LocMTR08LodeBaring02Location	Abandoned Mine Site Kittery	6	00003954:LocTypeInteriorCell:KYWD	0001CA8B:LocRegionMTR:KYWD	0008E6EC:LocTypeMTR08Site:KYWD	0033FE91:LocTypeFastTravelDestination:KYWD	003D4B10:LocLootScaleMedium:KYWD	004E8563:LocThemeMiner:KYWD								1	ESSChanceMainMoleMiner	5.000000																																																																																																																																			0	0	0	None	0	002EE566:SubRegionMountainRemoval02Location:The Ash Heap	0.000000	1.000000	
002C0F7E	TestEncountersTurret	Turret Test Location	3	000067E1:LocEncSubGhouls:KYWD	000581E1:LocEncMainSuperMutants:KYWD	00180819:EMSIgnoredLocation:KYWD											0																																																																																																																																					0	0	0	None	0		0.000000	1.000000	
000FE25F	LocForestOverlookCabinLocation	Overlook Cabin	9	0001564F:LocRegionForestFloodlands:KYWD	00064EDE:LocTypeClearable:KYWD	0009860C:LocTypeWealthy:KYWD	0033FE91:LocTypeFastTravelDestination:KYWD	0037FA7F:LocTypeDungeonPOI:KYWD	00396B77:LocTypeDungeon:KYWD	003D5B63:LocLootScaleSmall:KYWD	004E8569:LocThemeOutdoors:KYWD	0055C694:DungeonTypeCabin:KYWD					1	ESSChanceMainScorched	5.000000																																																																																																																																			0	0	0	None	0	0031AEEC:SubRegionForestFloodlands28Location:The Forest	0.000000	1.000000	
002C7633	LocMountainsMonongahOverlookLocation	Monongah Overlook	4	001789F7:LocRegionMountain:KYWD	0033FE91:LocTypeFastTravelDestination:KYWD	003D5B62:LocLootScalePOI:KYWD	004E8564:LocThemeRaider:KYWD										1	ESSChanceMainYaoGuaiLARGE	5.000000																																																																																																																																			0	0	0	None	0	002F70F3:SubRegionMountains07Location:Savage Divide	0.000000	1.000000	
002C769C	LocToxicLookoutTower07Location	Pioneer Scout Lookout	4	00088AAB:LocRegionToxicValley:KYWD	0033FE91:LocTypeFastTravelDestination:KYWD	003D5B63:LocLootScaleSmall:KYWD	004E855B:LocThemeGeneral:KYWD										1	ESSChanceMainGhouls	5.000000																																																																																																																																			0	0	0	None	0	002F7082:SubRegionToxicValley07Location:Toxic Valley	0.000000	1.000000	
002C76A8	LocForestMorgantownTrainStationLocation	Morgantown Station	5	0001564F:LocRegionForestFloodlands:KYWD	00180819:EMSIgnoredLocation:KYWD	0033FE91:LocTypeFastTravelDestination:KYWD	003D5B62:LocLootScalePOI:KYWD	004E855C:LocThemeWorkingClass:KYWD									0																																																																																																																																					0	0	0	None	0	001157B8:LocForestMorgantownAirportLocation:Morgantown Airport	0.000000	1.000000	
002C76A9	LocForestSuttonTrainStationLocation	Sutton Station	5	0001564F:LocRegionForestFloodlands:KYWD	00180819:EMSIgnoredLocation:KYWD	0033FE91:LocTypeFastTravelDestination:KYWD	003D5B62:LocLootScalePOI:KYWD	004E855C:LocThemeWorkingClass:KYWD									0																																																																																																																																					0	0	0	None	0	002EE554:SubRegionForestFloodlands18Location:The Forest	0.000000	1.000000	
002C76AA	LocForestCharlestonTrainStationLocation	Charleston Station	5	0001564F:LocRegionForestFloodlands:KYWD	00180819:EMSIgnoredLocation:KYWD	0033FE91:LocTypeFastTravelDestination:KYWD	003D5B62:LocLootScalePOI:KYWD	004E855B:LocThemeGeneral:KYWD									0																																																																																																																																					0	0	0	None	0	0010CCEE:LocForestCharlestonCityLocation:Charleston	0.000000	1.000000	
002C76AD	LocMTRWelchTrainStationLocation	Welch Station	5	0001CA8B:LocRegionMTR:KYWD	00180819:EMSIgnoredLocation:KYWD	0033FE91:LocTypeFastTravelDestination:KYWD	003D5B62:LocLootScalePOI:KYWD	004E855C:LocThemeWorkingClass:KYWD									0																																																																																																																																					0	0	0	None	0	000B4871:LocMTRWelchLocation:Welch	0.000000	1.000000	
002C76AE	LocMTRLewisburgTrainStationLocation	Lewisburg Station	5	0001CA8B:LocRegionMTR:KYWD	00180819:EMSIgnoredLocation:KYWD	0033FE91:LocTypeFastTravelDestination:KYWD	003D5B62:LocLootScalePOI:KYWD	004E855B:LocThemeGeneral:KYWD									0																																																																																																																																					0	0	0	None	0	0009056E:LocMTRLewisburgLocation:Lewisburg	0.000000	1.000000	
002C76B0	LocCranberryWatogaTrainStationLocation	Watoga Station	5	000012A1:LocRegionCranberryBog:KYWD	00180819:EMSIgnoredLocation:KYWD	0033FE91:LocTypeFastTravelDestination:KYWD	003D5B62:LocLootScalePOI:KYWD	004E855D:LocThemeWhiteCollar:KYWD									0																																																																																																																																					0	0	0	None	0	00006D9C:LocCranberryWatogaLocation:Watoga	0.000000	1.000000	
002C76B2	LocMountainsSunnytopTrainStationLocation	Sunnytop Station	5	001789F7:LocRegionMountain:KYWD	00180819:EMSIgnoredLocation:KYWD	0033FE91:LocTypeFastTravelDestination:KYWD	003D5B62:LocLootScalePOI:KYWD	004E855E:LocThemeWinter:KYWD									0																																																																																																																																					0	0	0	None	0	00007332:LocMountainsSunnytopSkiLanesLocation:Sunnytop Ski Lanes	0.000000	1.000000	
002C76B3	LocMountainsPleasantValleyTrainStationLocation	Pleasant Valley Station	5	001789F7:LocRegionMountain:KYWD	00180819:EMSIgnoredLocation:KYWD	0033FE91:LocTypeFastTravelDestination:KYWD	003D5B62:LocLootScalePOI:KYWD	004E8564:LocThemeRaider:KYWD									0																																																																																																																																					0	0	0	None	0	000193A7:LocMountainsPleasantValleySkiResortLocation:Pleasant Valley Ski Resort	0.000000	1.000000	
002C76B5	LocMountainsTheWhitespringTrainStationLocation	The Whitespring Station	5	001789F7:LocRegionMountain:KYWD	00180819:EMSIgnoredLocation:KYWD	0033FE91:LocTypeFastTravelDestination:KYWD	003D5B62:LocLootScalePOI:KYWD	004E8560:LocThemeWealthy:KYWD									0																																																																																																																																					0	0	0	None	0	002F70FD:SubRegionMountains17Location:Savage Divide	0.000000	1.000000	
002C76B9	LocMountainsRNGTrainStationLocation	R&G Station	5	001789F7:LocRegionMountain:KYWD	00180819:EMSIgnoredLocation:KYWD	0033FE91:LocTypeFastTravelDestination:KYWD	003D5B62:LocLootScalePOI:KYWD	004E855C:LocThemeWorkingClass:KYWD									0																																																																																																																																					0	0	0	None	0	0033873C:SubRegionMountains28Location:Savage Divide	0.000000	1.000000	
002C76BB	LocToxicGraftonTrainStationLocation	Grafton Station	5	00088AAB:LocRegionToxicValley:KYWD	00180819:EMSIgnoredLocation:KYWD	0033FE91:LocTypeFastTravelDestination:KYWD	003D5B62:LocLootScalePOI:KYWD	004E855C:LocThemeWorkingClass:KYWD									0																																																																																																																																					0	0	0	None	0	0006DE2D:LocToxicGraftonLocation:Grafton	0.000000	1.000000	
0004BDFC	SubRegionForestFloodlands01Location	The Forest	3	0001564F:LocRegionForestFloodlands:KYWD	003A404E:LocTypeSubRegion:KYWD	003CD32C:EMSAllowLoadedReRoll:KYWD											34	ESSChanceMainGhouls	5.000000		ESSChanceMainScorched	5.000000		ESSChanceMainRobots	5.000000		ESSChanceSubGhoul	5.000000		ESSChanceSubRobots	5.000000		ESSChanceSubScorched	5.000000		ESSChanceMainSuperMutants	5.000000		ESSChanceSubSuperMutants	5.000000		ESSChanceMainLiberators	5.000000		ESSChanceMainViciousDog	5.000000		ESSChanceMainMolerats	5.000000		ESSChanceSubLiberators	5.000000		ESSChanceSubViciousDog	5.000000		ESSChanceSubMolerats	5.000000		ESSChanceCritterABeaver	5.000000		ESSChanceCritterACat	5.000000		ESSChanceCritterAChicken	5.000000		ESSChanceCritterAFirefly	5.000000		ESSChanceCritterAFox	5.000000		ESSChanceCritterAOpposum	5.000000		ESSChanceCritterARabbit	5.000000		ESSChanceCritterARadFrog	5.000000		ESSChanceCritterARadStag	15.000000		ESSChanceCritterASquirrel	5.000000		ESSChanceCritterBBeaver	5.000000		ESSChanceCritterBCat	5.000000		ESSChanceCritterBChicken	5.000000		ESSChanceCritterBFirefly	5.000000		ESSChanceCritterBFox	5.000000		ESSChanceCritterBOpposum	5.000000		ESSChanceCritterBRabbit	5.000000		ESSChanceCritterBRadFrog	5.000000		ESSChanceCritterBRadStag	15.000000		ESSChanceCritterBSquirrel	5.000000																																0	0	0	None	0	00095004:RegionForestFloodlandsLocation:The Forest	0.000000	1.000000	
0004BDFD	SubRegionForestFloodlands02Location	The Forest	3	0001564F:LocRegionForestFloodlands:KYWD	003A404E:LocTypeSubRegion:KYWD	003CD32C:EMSAllowLoadedReRoll:KYWD											34	ESSChanceMainGhouls	5.000000		ESSChanceMainScorched	5.000000		ESSChanceMainRobots	5.000000		ESSChanceSubGhoul	5.000000		ESSChanceSubRobots	5.000000		ESSChanceSubScorched	5.000000		ESSChanceMainSuperMutants	5.000000		ESSChanceSubSuperMutants	5.000000		ESSChanceMainLiberators	5.000000		ESSChanceMainViciousDog	5.000000		ESSChanceMainMolerats	5.000000		ESSChanceSubLiberators	5.000000		ESSChanceSubViciousDog	5.000000		ESSChanceSubMolerats	5.000000		ESSChanceCritterABeaver	5.000000		ESSChanceCritterACat	5.000000		ESSChanceCritterAChicken	5.000000		ESSChanceCritterAFirefly	5.000000		ESSChanceCritterAFox	5.000000		ESSChanceCritterAOpposum	5.000000		ESSChanceCritterARabbit	5.000000		ESSChanceCritterARadFrog	5.000000		ESSChanceCritterARadStag	15.000000		ESSChanceCritterASquirrel	5.000000		ESSChanceCritterBBeaver	5.000000		ESSChanceCritterBCat	5.000000		ESSChanceCritterBChicken	5.000000		ESSChanceCritterBFirefly	5.000000		ESSChanceCritterBFox	5.000000		ESSChanceCritterBOpposum	5.000000		ESSChanceCritterBRabbit	5.000000		ESSChanceCritterBRadFrog	5.000000		ESSChanceCritterBRadStag	15.000000		ESSChanceCritterBSquirrel	5.000000																																0	0	0	None	0	00095004:RegionForestFloodlandsLocation:The Forest	0.000000	1.000000	
0004BE5A	SubRegionForestFloodlands03Location	The Forest	3	0001564F:LocRegionForestFloodlands:KYWD	003A404E:LocTypeSubRegion:KYWD	003CD32C:EMSAllowLoadedReRoll:KYWD											34	ESSChanceMainGhouls	5.000000		ESSChanceMainScorched	5.000000		ESSChanceMainRobots	5.000000		ESSChanceSubGhoul	5.000000		ESSChanceSubRobots	5.000000		ESSChanceSubScorched	5.000000		ESSChanceMainSuperMutants	5.000000		ESSChanceSubSuperMutants	5.000000		ESSChanceMainLiberators	5.000000		ESSChanceMainViciousDog	5.000000		ESSChanceMainMolerats	5.000000		ESSChanceSubLiberators	5.000000		ESSChanceSubViciousDog	5.000000		ESSChanceSubMolerats	5.000000		ESSChanceCritterABeaver	5.000000		ESSChanceCritterACat	5.000000		ESSChanceCritterAChicken	5.000000		ESSChanceCritterAFirefly	5.000000		ESSChanceCritterAFox	5.000000		ESSChanceCritterAOpposum	5.000000		ESSChanceCritterARabbit	5.000000		ESSChanceCritterARadFrog	5.000000		ESSChanceCritterARadStag	15.000000		ESSChanceCritterASquirrel	5.000000		ESSChanceCritterBBeaver	5.000000		ESSChanceCritterBCat	5.000000		ESSChanceCritterBChicken	5.000000		ESSChanceCritterBFirefly	5.000000		ESSChanceCritterBFox	5.000000		ESSChanceCritterBOpposum	5.000000		ESSChanceCritterBRabbit	5.000000		ESSChanceCritterBRadFrog	5.000000		ESSChanceCritterBRadStag	15.000000		ESSChanceCritterBSquirrel	5.000000																																0	0	0	None	0	00095004:RegionForestFloodlandsLocation:The Forest	0.000000	1.000000	
0004BE65	SubRegionForestFloodlands04Location	The Forest	3	0001564F:LocRegionForestFloodlands:KYWD	003A404E:LocTypeSubRegion:KYWD	003CD32C:EMSAllowLoadedReRoll:KYWD											34	ESSChanceMainGhouls	5.000000		ESSChanceMainScorched	5.000000		ESSChanceMainRobots	5.000000		ESSChanceSubGhoul	5.000000		ESSChanceSubRobots	5.000000		ESSChanceSubScorched	5.000000		ESSChanceMainSuperMutants	5.000000		ESSChanceSubSuperMutants	5.000000		ESSChanceMainLiberators	5.000000		ESSChanceMainViciousDog	5.000000		ESSChanceMainMolerats	5.000000		ESSChanceSubLiberators	5.000000		ESSChanceSubViciousDog	5.000000		ESSChanceSubMolerats	5.000000		ESSChanceCritterABeaver	5.000000		ESSChanceCritterACat	5.000000		ESSChanceCritterAChicken	5.000000		ESSChanceCritterAFirefly	5.000000		ESSChanceCritterAFox	5.000000		ESSChanceCritterAOpposum	5.000000		ESSChanceCritterARabbit	5.000000		ESSChanceCritterARadFrog	5.000000		ESSChanceCritterARadStag	15.000000		ESSChanceCritterASquirrel	5.000000		ESSChanceCritterBBeaver	5.000000		ESSChanceCritterBCat	5.000000		ESSChanceCritterBChicken	5.000000		ESSChanceCritterBFirefly	5.000000		ESSChanceCritterBFox	5.000000		ESSChanceCritterBOpposum	5.000000		ESSChanceCritterBRabbit	5.000000		ESSChanceCritterBRadFrog	5.000000		ESSChanceCritterBRadStag	15.000000		ESSChanceCritterBSquirrel	5.000000																																0	0	0	None	0	00095004:RegionForestFloodlandsLocation:The Forest	0.000000	1.000000	
0004BE74	SubRegionForestFloodlands05Location	The Forest	3	0001564F:LocRegionForestFloodlands:KYWD	003A404E:LocTypeSubRegion:KYWD	003CD32C:EMSAllowLoadedReRoll:KYWD											34	ESSChanceMainGhouls	5.000000		ESSChanceMainScorched	5.000000		ESSChanceMainRobots	5.000000		ESSChanceSubGhoul	5.000000		ESSChanceSubRobots	5.000000		ESSChanceSubScorched	5.000000		ESSChanceMainSuperMutants	5.000000		ESSChanceSubSuperMutants	5.000000		ESSChanceMainLiberators	5.000000		ESSChanceMainViciousDog	5.000000		ESSChanceMainMolerats	5.000000		ESSChanceSubLiberators	5.000000		ESSChanceSubViciousDog	5.000000		ESSChanceSubMolerats	5.000000		ESSChanceCritterABeaver	5.000000		ESSChanceCritterACat	5.000000		ESSChanceCritterAChicken	5.000000		ESSChanceCritterAFirefly	5.000000		ESSChanceCritterAFox	5.000000		ESSChanceCritterAOpposum	5.000000		ESSChanceCritterARabbit	5.000000		ESSChanceCritterARadFrog	5.000000		ESSChanceCritterARadStag	15.000000		ESSChanceCritterASquirrel	5.000000		ESSChanceCritterBBeaver	5.000000		ESSChanceCritterBCat	5.000000		ESSChanceCritterBChicken	5.000000		ESSChanceCritterBFirefly	5.000000		ESSChanceCritterBFox	5.000000		ESSChanceCritterBOpposum	5.000000		ESSChanceCritterBRabbit	5.000000		ESSChanceCritterBRadFrog	5.000000		ESSChanceCritterBRadStag	15.000000		ESSChanceCritterBSquirrel	5.000000																																0	0	0	None	0	00095004:RegionForestFloodlandsLocation:The Forest	0.000000	1.000000	
002CC2CB	LocSwampSubstationThunderMtTM01Location	Thunder Mountain Substation TM-01	10	0001CA8C:LocRegionSwampForest:KYWD	00064EDE:LocTypeClearable:KYWD	0033FE91:LocTypeFastTravelDestination:KYWD	0037FA7F:LocTypeDungeonPOI:KYWD	00396B77:LocTypeDungeon:KYWD	003A5E71:LocEncSupportLarge:KYWD	003A5E72:LocEncSupportGiant:KYWD	003D5B62:LocLootScalePOI:KYWD	004E8569:LocThemeOutdoors:KYWD	0055C69D:DungeonTypePowerSubstation:KYWD				4	ESSChanceMainSwampLARGE	5.000000		ESSChanceSubInsect	5.000000		EMSChanceVariantNormal	45.000000		EMSChanceVariantScorched	5.000000																																																																																																																										0	0	0	None	0	002F706F:SubRegionSwamp08Location:Mire	0.000000	1.000000	
002CC2CC	LocCranberrySubstationThunderMtTM02Location	Thunder Mountain Substation TM-02	10	000012A1:LocRegionCranberryBog:KYWD	00064EDE:LocTypeClearable:KYWD	0033FE91:LocTypeFastTravelDestination:KYWD	0037FA7F:LocTypeDungeonPOI:KYWD	00396B77:LocTypeDungeon:KYWD	003A5E71:LocEncSupportLarge:KYWD	003A5E72:LocEncSupportGiant:KYWD	003D5B62:LocLootScalePOI:KYWD	004E8569:LocThemeOutdoors:KYWD	0055C69D:DungeonTypePowerSubstation:KYWD				6	ESSChanceMainDeathclawGIANTONLY	5.000000		EMSChanceVariantNormal	45.000000		EMSChanceVariantScorched	5.000000		ESSChanceSubBloatfly	5.000000		ESSChanceSubBloodbug	5.000000		ESSChanceSubRadAnt	5.000000																																																																																																																				0	0	0	None	0	002F7090:SubRegionCranberry13Location:Cranberry Bog	0.000000	1.000000	
002CD2E1	LocMountainsSubstationMonongahMZ01Location	Monongah Power Substation MZ-01	10	00064EDE:LocTypeClearable:KYWD	001789F7:LocRegionMountain:KYWD	0033FE91:LocTypeFastTravelDestination:KYWD	0037FA7F:LocTypeDungeonPOI:KYWD	00396B77:LocTypeDungeon:KYWD	003A5E71:LocEncSupportLarge:KYWD	003A5E72:LocEncSupportGiant:KYWD	003D5B62:LocLootScalePOI:KYWD	004E855C:LocThemeWorkingClass:KYWD	0055C69D:DungeonTypePowerSubstation:KYWD				1	ESSChanceMainScorched	5.000000																																																																																																																																			0	0	0	None	0	002F70F1:SubRegionMountains05Location:Savage Divide	0.000000	1.000000	
002CD2E2	LocMountainsSubstationMonongahMZ02Location	Monongah Power Substation MZ-02	10	00064EDE:LocTypeClearable:KYWD	001789F7:LocRegionMountain:KYWD	0033FE91:LocTypeFastTravelDestination:KYWD	0037FA7F:LocTypeDungeonPOI:KYWD	00396B77:LocTypeDungeon:KYWD	003A5E71:LocEncSupportLarge:KYWD	003A5E72:LocEncSupportGiant:KYWD	003D5B62:LocLootScalePOI:KYWD	004E855C:LocThemeWorkingClass:KYWD	0055C69D:DungeonTypePowerSubstation:KYWD				1	ESSChanceMainGhouls	5.000000																																																																																																																																			0	0	0	None	0	002F7100:SubRegionMountains20Location:Savage Divide	0.000000	1.000000	
002CD2E3	LocMountainsSubstationMonongahMZ03Location	Monongah Power Substation MZ-03	10	00064EDE:LocTypeClearable:KYWD	001789F7:LocRegionMountain:KYWD	0033FE91:LocTypeFastTravelDestination:KYWD	0037FA7F:LocTypeDungeonPOI:KYWD	00396B77:LocTypeDungeon:KYWD	003A5E71:LocEncSupportLarge:KYWD	003A5E72:LocEncSupportGiant:KYWD	003D5B62:LocLootScalePOI:KYWD	004E855C:LocThemeWorkingClass:KYWD	0055C69D:DungeonTypePowerSubstation:KYWD				2	ESSChanceMainScorched	5.000000		ESSChanceSubRadAnt	5.000000																																																																																																																																0	0	0	None	0	0033873B:SubRegionMountains27Location:Savage Divide	0.000000	1.000000	
002CE30D	LocMountainsSubstationPoseidonPX03Location	Poseidon Power Substation PX-03	10	00064EDE:LocTypeClearable:KYWD	001789F7:LocRegionMountain:KYWD	0033FE91:LocTypeFastTravelDestination:KYWD	0037FA7F:LocTypeDungeonPOI:KYWD	00396B77:LocTypeDungeon:KYWD	003A5E71:LocEncSupportLarge:KYWD	003A5E72:LocEncSupportGiant:KYWD	003D5B62:LocLootScalePOI:KYWD	004E8569:LocThemeOutdoors:KYWD	0055C69D:DungeonTypePowerSubstation:KYWD				1	ESSChanceMainScorched	5.000000																																																																																																																																			0	0	0	None	0	002F70F0:SubRegionMountains04Location:Savage Divide	0.000000	1.000000	
002CE30E	LocForestSubstationPoseidonPX02Location	Poseidon Power Substation PX-02	10	0001564F:LocRegionForestFloodlands:KYWD	00064EDE:LocTypeClearable:KYWD	0033FE91:LocTypeFastTravelDestination:KYWD	0037FA7F:LocTypeDungeonPOI:KYWD	00396B77:LocTypeDungeon:KYWD	003A5E71:LocEncSupportLarge:KYWD	003A5E72:LocEncSupportGiant:KYWD	003D5B62:LocLootScalePOI:KYWD	004E8569:LocThemeOutdoors:KYWD	0055C69D:DungeonTypePowerSubstation:KYWD				1	ESSChanceMainMolerats	5.000000																																																																																																																																			0	0	0	None	0	0031AEE2:SubRegionForestFloodlands24Location:The Forest	0.000000	1.000000	
002CE30F	LocForestSubstationPoseidonPX01Location	Poseidon Power Substation PX-01	10	0001564F:LocRegionForestFloodlands:KYWD	00064EDE:LocTypeClearable:KYWD	0033FE91:LocTypeFastTravelDestination:KYWD	0037FA7F:LocTypeDungeonPOI:KYWD	00396B77:LocTypeDungeon:KYWD	003A5E71:LocEncSupportLarge:KYWD	003A5E72:LocEncSupportGiant:KYWD	003D5B62:LocLootScalePOI:KYWD	004E8569:LocThemeOutdoors:KYWD	0055C69D:DungeonTypePowerSubstation:KYWD				1	ESSChanceMainScorched	5.000000																																																																																																																																			0	0	0	None	0	002EE535:SubRegionForestFloodlands16LocationLOW:The Forest	0.000000	1.000000	
002D110F	LocCranberryFissureSiteAlphaLocation	Fissure Site	5	000012A1:LocRegionCranberryBog:KYWD	0033FE91:LocTypeFastTravelDestination:KYWD	004713C3:ChallengeFissureAlpha:KYWD	004713D6:LocTypeFissure_Challenges:KYWD	004E8569:LocThemeOutdoors:KYWD									2	EMSChanceVariantNormal	45.000000		EMSChanceVariantScorched	5.000000																																																																																																																																0	0	0	None	0	002F7093:SubRegionCranberry16Location:Cranberry Bog	0.000000	1.000000	
002D1110	LocMountainsFissureSiteBetaLocation	Fissure Site	5	001789F7:LocRegionMountain:KYWD	0033FE91:LocTypeFastTravelDestination:KYWD	004713C4:ChallengeFissureBeta:KYWD	004713D6:LocTypeFissure_Challenges:KYWD	004E8564:LocThemeRaider:KYWD									0																																																																																																																																					0	0	0	None	0	002F70EF:SubRegionMountains03Location:Savage Divide	0.000000	1.000000	
002D112A	EN07LimoPOI01Location	Limousine Crash	1	0001564F:LocRegionForestFloodlands:KYWD													0																																																																																																																																					0	0	0	None	0	0004BE74:SubRegionForestFloodlands05Location:The Forest	0.000000	1.000000	
00127926	LocWhitespringTheWhitespringResortLocation	The Whitespring Resort	5	00003954:LocTypeInteriorCell:KYWD	0033FE91:LocTypeFastTravelDestination:KYWD	003B3731:LocRegionWhitespring:KYWD	003D5B63:LocLootScaleSmall:KYWD	004E8560:LocThemeWealthy:KYWD									1	ESSChanceMainRobots	5.000000																																																																																																																																			0	0	0	None	0	000989F5:LocWhitespringTheWhitespringLocation:The Whitespring	0.000000	1.000000	
002C089E	SFM04_Organic_NestLocation01		0														0																																																																																																																																					0	0	0	None	0	002F706C:SubRegionSwamp05Location:Mire	0.000000	1.000000	
002C089F	SFM04_Organic_NestLocation02		0														0																																																																																																																																					0	0	0	None	0	002F706C:SubRegionSwamp05Location:Mire	0.000000	1.000000	
002D653E	LocSwampSamBlackwellBunkerLocation	Sam Blackwell's Bunker	5	00003954:LocTypeInteriorCell:KYWD	0001CA8C:LocRegionSwampForest:KYWD	0033FE91:LocTypeFastTravelDestination:KYWD	003D4B10:LocLootScaleMedium:KYWD	004E8569:LocThemeOutdoors:KYWD									2	EMSChanceVariantNormal	45.000000		EMSChanceVariantScorched	5.000000																																																																																																																																0	0	0	None	0	002F7070:SubRegionSwamp09Location:Mire	0.000000	1.000000	
002DB0CC	TargetName_Angler	Angler	1	00180819:EMSIgnoredLocation:KYWD													0																																																																																																																																					0	0	0	None	0		0.000000	1.000000	
002DB0CD	TargetName_Brahmin	Brahmin	1	00180819:EMSIgnoredLocation:KYWD													0																																																																																																																																					0	0	0	None	0		0.000000	1.000000	
002DB0CE	TargetName_Deathclaw	Deathclaw	1	00180819:EMSIgnoredLocation:KYWD													0																																																																																																																																					0	0	0	None	0		0.000000	1.000000	
002DB0CF	TargetName_Dog	Dog	1	00180819:EMSIgnoredLocation:KYWD													0																																																																																																																																					0	0	0	None	0		0.000000	1.000000	
002DB0D0	TargetName_Gulper	Gulper	1	00180819:EMSIgnoredLocation:KYWD													0																																																																																																																																					0	0	0	None	0		0.000000	1.000000	
002DB0D1	TargetName_Molerat	Mole Rat	1	00180819:EMSIgnoredLocation:KYWD													0																																																																																																																																					0	0	0	None	0		0.000000	1.000000	
002DB0D2	TargetName_Rabbit	Rabbit	1	00180819:EMSIgnoredLocation:KYWD													0																																																																																																																																					0	0	0	None	0		0.000000	1.000000	
002DB0D3	TargetName_RadRat	Radrat	1	00180819:EMSIgnoredLocation:KYWD													0																																																																																																																																					0	0	0	None	0		0.000000	1.000000	
002DB0D4	TargetName_Radstag	Radstag	1	00180819:EMSIgnoredLocation:KYWD													0																																																																																																																																					0	0	0	None	0		0.000000	1.000000	
002DB0D5	TargetName_Wolf	Wolf	1	00180819:EMSIgnoredLocation:KYWD													0																																																																																																																																					0	0	0	None	0		0.000000	1.000000	
002DB0D6	TargetName_YaoGuai	Yao Guai	1	00180819:EMSIgnoredLocation:KYWD													0																																																																																																																																					0	0	0	None	0		0.000000	1.000000	
002DB4CF	LocToxicWoodsEstateLocation	Woods Estate	4	00088AAB:LocRegionToxicValley:KYWD	0033FE91:LocTypeFastTravelDestination:KYWD	003D5B62:LocLootScalePOI:KYWD	004E8569:LocThemeOutdoors:KYWD										0																																																																																																																																					0	0	0	None	0	002F707D:SubRegionToxicValley02Location:Toxic Valley	0.000000	1.000000	
00044F4D	LocSwampAbbiesBunkerLocation	Abbie's Bunker	5	00003954:LocTypeInteriorCell:KYWD	0001CA8C:LocRegionSwampForest:KYWD	0033FE91:LocTypeFastTravelDestination:KYWD	003D5B63:LocLootScaleSmall:KYWD	004E8569:LocThemeOutdoors:KYWD									0																																																																																																																																					0	0	0	None	0	002F706A:SubRegionSwamp03Location:Mire	0.000000	1.000000	
0009E0E6	LocSwampRaleighsBunkerLocation	Raleigh Clay's Bunker	5	00003954:LocTypeInteriorCell:KYWD	0001CA8C:LocRegionSwampForest:KYWD	0033FE91:LocTypeFastTravelDestination:KYWD	003D5B63:LocLootScaleSmall:KYWD	004E8569:LocThemeOutdoors:KYWD									2	EMSChanceVariantNormal	45.000000		EMSChanceVariantScorched	5.000000																																																																																																																																0	0	0	None	0	002F706E:SubRegionSwamp07Location:Mire	0.000000	1.000000	
002DE581	LocSwampDollySodsCampgroundLocation	Dolly Sods Campground	9	0001CA8C:LocRegionSwampForest:KYWD	000234F1:LocTypeWorkshop:KYWD	00064EDE:LocTypeClearable:KYWD	0033FE91:LocTypeFastTravelDestination:KYWD	003A5E71:LocEncSupportLarge:KYWD	003A5E72:LocEncSupportGiant:KYWD	003AEDF7:LocTypeWorkshopPublic:KYWD	003D5B63:LocLootScaleSmall:KYWD	004E8569:LocThemeOutdoors:KYWD					9	Food	9.000000		Water	7.000000		ESSChanceMainSwampLARGE	5.000000		ResourceAV_FertilizerBrahmin	1.000000		ResourceAV_Scavenge	1.000000		ESSChanceMainGulperLARGE	5.000000		ESSChanceMainAnglerLARGE	5.000000		ESSChanceMainFogCrawlerLARGE	5.000000		ESSChanceMainToadLARGE	5.000000																																																																																																											0	0	0	Workshop	0	002F706B:SubRegionSwamp04Location:Mire	0.000000	1.000000	
002DE57D	LocForestTylerCountyTrackLocation	Tyler County Dirt Track	10	0001564F:LocRegionForestFloodlands:KYWD	000234F1:LocTypeWorkshop:KYWD	00064EDE:LocTypeClearable:KYWD	0033FE91:LocTypeFastTravelDestination:KYWD	003A5E71:LocEncSupportLarge:KYWD	003A5E72:LocEncSupportGiant:KYWD	003AEDF7:LocTypeWorkshopPublic:KYWD	003D5B63:LocLootScaleSmall:KYWD	004E8561:LocThemeAmusementPark:KYWD	0091A07C:SDOW_LocEncMainSlashers:KYWD				5	Food	1.000000		Water	3.000000		ESSChanceMainGhouls	5.000000		ResourceAV_FertilizerBrahmin	1.000000		ResourceAV_Scavenge	1.000000																																																																																																																							0	0	0	Workshop	0	0004BE65:SubRegionForestFloodlands04Location:The Forest	0.000000	1.000000	
002DE582	LocMountainsSunnytopSkiLanesBaseLodgeLocation	Sunnytop Ski Lanes Base Lodge	9	00064EDE:LocTypeClearable:KYWD	001789F7:LocRegionMountain:KYWD	0033FE91:LocTypeFastTravelDestination:KYWD	0037FA7F:LocTypeDungeonPOI:KYWD	00396B77:LocTypeDungeon:KYWD	003D5B63:LocLootScaleSmall:KYWD	004E855E:LocThemeWinter:KYWD	0055C69F:DungeonTypeResort:KYWD	0091A07C:SDOW_LocEncMainSlashers:KYWD					1	ESSChanceMainSuperMutants	5.000000																																																																																																																																			0	0	0	None	0	002F70F1:SubRegionMountains05Location:Savage Divide	0.000000	1.000000	
002E4F7C	WarehouseTrapsLocation		3	000067D1:LocEncMainScorched:KYWD	000234F1:LocTypeWorkshop:KYWD	00180819:EMSIgnoredLocation:KYWD											0																																																																																																																																					0	0	0	None	0		0.000000	1.000000	
002E5A60	LocForestCharlestonCityEastLocation	Charleston	4	0001564F:LocRegionForestFloodlands:KYWD	0033FE91:LocTypeFastTravelDestination:KYWD	003D5B63:LocLootScaleSmall:KYWD	004E855B:LocThemeGeneral:KYWD										3	ESSChanceMainGhouls	5.000000		ESSChanceMainScorched	5.000000		ESSChanceMainSuperMutants	5.000000																																																																																																																													0	0	0	None	0	0010CCEE:LocForestCharlestonCityLocation:Charleston	0.000000	1.000000	
002E5A61	LocForestCharlestonCityWestLocation	Charleston	5	0001564F:LocRegionForestFloodlands:KYWD	0033FE91:LocTypeFastTravelDestination:KYWD	003A5E71:LocEncSupportLarge:KYWD	003D5B63:LocLootScaleSmall:KYWD	004E855B:LocThemeGeneral:KYWD									3	ESSChanceMainGhouls	5.000000		ESSChanceMainScorched	5.000000		ESSChanceMainSuperMutants	5.000000																																																																																																																													0	0	0	None	0	0010CCEE:LocForestCharlestonCityLocation:Charleston	0.000000	1.000000	
002E5A6F	LocForestCharlestonCityNorthLocation	Charleston	4	0001564F:LocRegionForestFloodlands:KYWD	0033FE91:LocTypeFastTravelDestination:KYWD	003D4B10:LocLootScaleMedium:KYWD	004E855B:LocThemeGeneral:KYWD										3	ESSChanceMainGhouls	5.000000		ESSChanceMainScorched	5.000000		ESSChanceMainSuperMutants	5.000000																																																																																																																													0	0	0	None	0	0010CCEE:LocForestCharlestonCityLocation:Charleston	0.000000	1.000000	
002E5A70	LocForestCharlestonCitySouthLocation	Charleston	6	0001564F:LocRegionForestFloodlands:KYWD	0033FE91:LocTypeFastTravelDestination:KYWD	003A5E71:LocEncSupportLarge:KYWD	003A5E72:LocEncSupportGiant:KYWD	003D5B63:LocLootScaleSmall:KYWD	004E855B:LocThemeGeneral:KYWD								2	ESSChanceMainScorched	5.000000		ESSChanceMainSuperMutants	5.000000																																																																																																																																0	0	0	None	0	0010CCEE:LocForestCharlestonCityLocation:Charleston	0.000000	1.000000	
002E5C42	LocSwampCrashedPlaneLocation	Crashed Plane	5	0001CA8C:LocRegionSwampForest:KYWD	00022612:LocTypeResponderEyebot:KYWD	0033FE91:LocTypeFastTravelDestination:KYWD	003D5B63:LocLootScaleSmall:KYWD	004E855B:LocThemeGeneral:KYWD									3	ESSChanceMainScorched	5.000000		EMSChanceVariantNormal	45.000000		EMSChanceVariantScorched	5.000000																																																																																																																													0	0	0	None	0	002F706D:SubRegionSwamp06Location:Mire	0.000000	1.000000	
00048318	LocForestMorgantownLocation	Morgantown	9	00003954:LocTypeInteriorCell:KYWD	0001564F:LocRegionForestFloodlands:KYWD	0033FE91:LocTypeFastTravelDestination:KYWD	003A5E71:LocEncSupportLarge:KYWD	003A5E72:LocEncSupportGiant:KYWD	003D5B64:LocLootScaleLarge:KYWD	004713D5:LocTypeChallenge_NukeCity:KYWD	004E855B:LocThemeGeneral:KYWD	008A1490:LocTypeHostileTakeover:KYWD					1	ESSChanceMainGhouls	5.000000																																																																																																																																			0	0	0	None	0	002EE529:SubRegionForestFloodlands10Location:The Forest	0.000000	1.000000	
002E8048	LocForestSummersvilleDamLocation	Summersville Dam	8	0001564F:LocRegionForestFloodlands:KYWD	00064EDE:LocTypeClearable:KYWD	0033FE91:LocTypeFastTravelDestination:KYWD	0037FA7F:LocTypeDungeonPOI:KYWD	00396B77:LocTypeDungeon:KYWD	003D5B63:LocLootScaleSmall:KYWD	004E855B:LocThemeGeneral:KYWD	008A1490:LocTypeHostileTakeover:KYWD						1	ESSChanceMainScorched	5.000000																																																																																																																																			0	0	0	None	0	0031AEEB:SubRegionForestFloodlands27Location:The Forest	0.000000	1.000000	
0000BC25	TestDLocation	Test Area	3	000067D1:LocEncMainScorched:KYWD	000067E6:LocEncSubMirelurks:KYWD	00180819:EMSIgnoredLocation:KYWD											0																																																																																																																																					0	0	0	None	0		0.000000	1.000000	
00299948	LocSwampBerkeleySpringsWorkshopLocation	Berkeley Springs	7	0001CA8C:LocRegionSwampForest:KYWD	000234F1:LocTypeWorkshop:KYWD	00064EDE:LocTypeClearable:KYWD	0033FE91:LocTypeFastTravelDestination:KYWD	003AEDF7:LocTypeWorkshopPublic:KYWD	003D5B63:LocLootScaleSmall:KYWD	004E855B:LocThemeGeneral:KYWD							8	Food	1.000000		Water	10.000000		ESSChanceMainScorched	5.000000		ResourceAV_FertilizerBrahmin	1.000000		ResourceAV_Scavenge	1.000000		EMSChanceVariantNormal	45.000000		EMSChanceVariantScorched	5.000000		WorkshopBudgetLocation	1500.000000																																																																																																														0	0	0	Workshop	0	002F706F:SubRegionSwamp08Location:Mire	0.000000	1.000000	
000A0078	EN07NukeMeshDepotLocation	Nuke Mesh Depot	0														0																																																																																																																																					0	0	0	None	0	0001558C:AppalachiaLocation:Appalachia	0.000000	1.000000	
001C74CB	MTNM02SignalLocation		0														0																																																																																																																																					0	0	0	None	0	0001558C:AppalachiaLocation:Appalachia	0.000000	1.000000	
001704B4	TestWorkshopPrimitiveLocation		1	000234F1:LocTypeWorkshop:KYWD													7	Food	8.000000		Water	12.000000		ResourceAV_Steel	5.000000		ResourceAV_FertilizerBrahmin	3.000000		ResourceAV_Copper	3.000000		ResourceAV_Scavenge	2.000000		WorkshopBudgetLocation	100.000000																																																																																																																	0	0	0	None	0		8000.000000	1.000000	
00053672	Test76QuestSmokeTest	76 Quest Smoke Test	0														0																																																																																																																																					0	0	0	None	0		0.000000	1.000000	
002B0764	EWS_DangerRoom_Name_Canines	Canines	1	00180819:EMSIgnoredLocation:KYWD													0																																																																																																																																					0	0	0	None	0		0.000000	1.000000	
002B0769	EWS_DangerRoom_DifficultyE	Easy	1	00180819:EMSIgnoredLocation:KYWD													0																																																																																																																																					0	0	0	None	0		0.000000	1.000000	
002B076A	EWS_DangerRoom_DifficultyM	Medium	1	00180819:EMSIgnoredLocation:KYWD													0																																																																																																																																					0	0	0	None	0		0.000000	1.000000	
002B076B	EWS_DangerRoom_DifficultyVE	Very Easy	1	00180819:EMSIgnoredLocation:KYWD													0																																																																																																																																					0	0	0	None	0		0.000000	1.000000	
002B076C	EWS_DangerRoom_DifficultyVH	Very Hard	1	00180819:EMSIgnoredLocation:KYWD													0																																																																																																																																					0	0	0	None	0		0.000000	1.000000	
002B076D	EWS_DangerRoom_DifficultyH	Hard	1	00180819:EMSIgnoredLocation:KYWD													0																																																																																																																																					0	0	0	None	0		0.000000	1.000000	
002B076E	EWS_DangerRoom_Name_Deathclaws	Deathclaws	1	00180819:EMSIgnoredLocation:KYWD													0																																																																																																																																					0	0	0	None	0		0.000000	1.000000	
002B076F	EWS_DangerRoom_Name_Ghouls	Ghouls	1	00180819:EMSIgnoredLocation:KYWD													0																																																																																																																																					0	0	0	None	0		0.000000	1.000000	
002B0770	EWS_DangerRoom_Name_HoneyBeasts	Honey Beasts	1	00180819:EMSIgnoredLocation:KYWD													0																																																																																																																																					0	0	0	None	0		0.000000	1.000000	
002B0771	EWS_DangerRoom_Name_Insects	Insects	1	00180819:EMSIgnoredLocation:KYWD													0																																																																																																																																					0	0	0	None	0		0.000000	1.000000	
002B0772	EWS_DangerRoom_Name_Liberators	Liberators	1	00180819:EMSIgnoredLocation:KYWD													0																																																																																																																																					0	0	0	None	0		0.000000	1.000000	
002B0773	EWS_DangerRoom_Name_Megasloths	Megasloths	1	00180819:EMSIgnoredLocation:KYWD													0																																																																																																																																					0	0	0	None	0		0.000000	1.000000	
002B0774	EWS_DangerRoom_Name_Mirelurks	Mirelurks	1	00180819:EMSIgnoredLocation:KYWD													0																																																																																																																																					0	0	0	None	0		0.000000	1.000000	
002B0775	EWS_DangerRoom_Name_Moleminers	Moleminers	1	00180819:EMSIgnoredLocation:KYWD													0																																																																																																																																					0	0	0	None	0		0.000000	1.000000	
002B0776	EWS_DangerRoom_Name_Molerats	Molerats	1	00180819:EMSIgnoredLocation:KYWD													0																																																																																																																																					0	0	0	None	0		0.000000	1.000000	
002B0777	EWS_DangerRoom_Name_Mothman	Mothman	1	00180819:EMSIgnoredLocation:KYWD													0																																																																																																																																					0	0	0	None	0		0.000000	1.000000	
002B0778	EWS_DangerRoom_Name_Mutations	Mutations	1	00180819:EMSIgnoredLocation:KYWD													0																																																																																																																																					0	0	0	None	0		0.000000	1.000000	
002B0779	EWS_DangerRoom_Name_Radrats	Rad Rats	1	00180819:EMSIgnoredLocation:KYWD													0																																																																																																																																					0	0	0	None	0		0.000000	1.000000	
002B077A	EWS_DangerRoom_Name_Scorched	Scorched	1	00180819:EMSIgnoredLocation:KYWD													0																																																																																																																																					0	0	0	None	0		0.000000	1.000000	
002B077B	EWS_DangerRoom_Name_Scorpions	Rad Scorpions	1	00180819:EMSIgnoredLocation:KYWD													0																																																																																																																																					0	0	0	None	0		0.000000	1.000000	
002B077C	EWS_DangerRoom_Name_SuperMutants	Super Mutants	1	00180819:EMSIgnoredLocation:KYWD													0																																																																																																																																					0	0	0	None	0		0.000000	1.000000	
002B077D	EWS_DangerRoom_Name_Swamp	Swamp Creatures	1	00180819:EMSIgnoredLocation:KYWD													0																																																																																																																																					0	0	0	None	0		0.000000	1.000000	
002B077E	EWS_DangerRoom_Name_YaoGuai	Yao Guai	1	00180819:EMSIgnoredLocation:KYWD													0																																																																																																																																					0	0	0	None	0		0.000000	1.000000	
002B077F	EWS_DangerRoom_Type_Duration	Duration	1	00180819:EMSIgnoredLocation:KYWD													0																																																																																																																																					0	0	0	None	0		0.000000	1.000000	
002B0780	EWS_DangerRoom_Type_Endless	Endless	1	00180819:EMSIgnoredLocation:KYWD													0																																																																																																																																					0	0	0	None	0		0.000000	1.000000	
002B0781	EWS_DangerRoom_Type_Timed	Timed	1	00180819:EMSIgnoredLocation:KYWD													0																																																																																																																																					0	0	0	None	0		0.000000	1.000000	
002B0782	EWS_DangerRoom_Bool_True	True	1	00180819:EMSIgnoredLocation:KYWD													0																																																																																																																																					0	0	0	None	0		0.000000	1.000000	
002B0783	EWS_DangerRoom_Bool_False	False	1	00180819:EMSIgnoredLocation:KYWD													0																																																																																																																																					0	0	0	None	0		0.000000	1.000000	
002B0784	EWS_DangerRoom_Number_01	1	1	00180819:EMSIgnoredLocation:KYWD													0																																																																																																																																					0	0	0	None	0		0.000000	1.000000	
002B0785	EWS_DangerRoom_Number_02	2	1	00180819:EMSIgnoredLocation:KYWD													0																																																																																																																																					0	0	0	None	0		0.000000	1.000000	
002B0786	EWS_DangerRoom_Number_03	3	1	00180819:EMSIgnoredLocation:KYWD													0																																																																																																																																					0	0	0	None	0		0.000000	1.000000	
002B0787	EWS_DangerRoom_Number_04	4	1	00180819:EMSIgnoredLocation:KYWD													0																																																																																																																																					0	0	0	None	0		0.000000	1.000000	
002B0788	EWS_DangerRoom_Number_05	5	1	00180819:EMSIgnoredLocation:KYWD													0																																																																																																																																					0	0	0	None	0		0.000000	1.000000	
002B0789	EWS_DangerRoom_Number_06	6	1	00180819:EMSIgnoredLocation:KYWD													0																																																																																																																																					0	0	0	None	0		0.000000	1.000000	
002B078A	EWS_DangerRoom_Number_07	7	1	00180819:EMSIgnoredLocation:KYWD													0																																																																																																																																					0	0	0	None	0		0.000000	1.000000	
002B078B	EWS_DangerRoom_Number_08	8	1	00180819:EMSIgnoredLocation:KYWD													0																																																																																																																																					0	0	0	None	0		0.000000	1.000000	
002B078C	EWS_DangerRoom_Number_09	9	1	00180819:EMSIgnoredLocation:KYWD													0																																																																																																																																					0	0	0	None	0		0.000000	1.000000	
002B078D	EWS_DangerRoom_Number_10	10	1	00180819:EMSIgnoredLocation:KYWD													0																																																																																																																																					0	0	0	None	0		0.000000	1.000000	
002B078E	EWS_DangerRoom_Number_00	0	1	00180819:EMSIgnoredLocation:KYWD													0																																																																																																																																					0	0	0	None	0		0.000000	1.000000	
00188B78	LocMTRENz04POI02Location	Bot Patrol Location POI 02	2	0001CA8B:LocRegionMTR:KYWD	0012B7E3:LocTypeENz04PatrolArea:KYWD												0																																																																																																																																					0	0	0	None	0	002EE56A:SubRegionMountainRemoval06Location:The Ash Heap	0.000000	1.000000	
002EF00B	SF_BloodbugSwarmLocation01		0														1	ESSChanceMainBloodbug	5.000000																																																																																																																																			0	0	0	None	0	002F7070:SubRegionSwamp09Location:Mire	0.000000	1.000000	
002EF00C	SF_BloodbugSwarmLocation02		0														1	ESSChanceMainBloodbug	5.000000																																																																																																																																			0	0	0	None	0	002F706E:SubRegionSwamp07Location:Mire	0.000000	1.000000	
002EF00D	SF_BloodbugSwarmLocation03		0														1	ESSChanceMainBloodbug	5.000000																																																																																																																																			0	0	0	None	0	002F706C:SubRegionSwamp05Location:Mire	0.000000	1.000000	
002EF00E	SF_BloodbugSwarmLocation04		0														1	ESSChanceMainBloodbug	5.000000																																																																																																																																			0	0	0	None	0	002F706C:SubRegionSwamp05Location:Mire	0.000000	1.000000	
002EF013	SFZ08_HoneyLocation01		0														0																																																																																																																																					0	0	0	None	0	002F7070:SubRegionSwamp09Location:Mire	0.000000	1.000000	
0015E2CA	LocSwampENz04POI03Location	Bot Patrol Location POI 03	1	0001CA8C:LocRegionSwampForest:KYWD													3	ESSChanceMainScorched	5.000000		EMSChanceVariantNormal	45.000000		EMSChanceVariantScorched	5.000000																																																																																																																													0	0	0	None	0	002F706F:SubRegionSwamp08Location:Mire	0.000000	1.000000	
00012F6B	SubMTRENz04POI04Location	Bot Patrol Location POI 04	1	0001CA8B:LocRegionMTR:KYWD													2	ESSChanceMainScorched	5.000000		ESSChanceMainMoleMiner	5.000000																																																																																																																																0	0	0	None	0	002EE56A:SubRegionMountainRemoval06Location:The Ash Heap	0.000000	1.000000	
000A2675	SFS08_Heart_VineHeartLocation01		0														0																																																																																																																																					0	0	0	None	0	002F706D:SubRegionSwamp06Location:Mire	0.000000	1.000000	
000A2676	SFS08_Heart_VineHeartLocation03		0														0																																																																																																																																					0	0	0	None	0	002F7070:SubRegionSwamp09Location:Mire	0.000000	1.000000	
000A285D	SFS08_Heart_VineHeartLocation02		0														0																																																																																																																																					0	0	0	None	0	002F706B:SubRegionSwamp04Location:Mire	0.000000	1.000000	
00254444	LocForestENz04POI05Location	Bot Patrol Location POI 05	1	0001564F:LocRegionForestFloodlands:KYWD													1	ESSChanceMainScorched	5.000000																																																																																																																																			0	0	0	None	0	0031AEE0:SubRegionForestFloodlands22Location:The Forest	0.000000	1.000000	
002EA098	SubRegionCranberry01Location	Cranberry Bog	3	000012A1:LocRegionCranberryBog:KYWD	003A404E:LocTypeSubRegion:KYWD	003CD32C:EMSAllowLoadedReRoll:KYWD											44	ESSChanceMainGhouls	5.000000		ESSChanceMainScorched	5.000000		ESSChanceMainRobots	5.000000		ESSChanceMainMirelurks	5.000000		ESSChanceSubGhoul	5.000000		ESSChanceSubMirelurks	5.000000		ESSChanceSubRobots	5.000000		ESSChanceSubScorched	5.000000		ESSChanceMainSuperMutants	5.000000		ESSChanceSubSuperMutants	5.000000		ESSChanceMainViciousDog	5.000000		ESSChanceMainMolerats	5.000000		ESSChanceMainRats	5.000000		ESSChanceMainYaoGuaiLARGE	5.000000		ESSChanceSubViciousDog	5.000000		ESSChanceSubDeathclawGIANTONLY	5.000000		ESSChanceSubMegaslothGIANTONLY	5.000000		ESSChanceSubMolerats	5.000000		ESSChanceSubRats	5.000000		ESSChanceSubYaoGuaiLARGE	5.000000		EMSChanceVariantNormal	45.000000		EMSChanceVariantScorched	5.000000		ESSChanceCritterABeaver	15.000000		ESSChanceCritterAFirefly	10.000000		ESSChanceCritterAFox	5.000000		ESSChanceCritterAOpposum	5.000000		ESSChanceCritterARabbit	5.000000		ESSChanceCritterARadFrog	10.000000		ESSChanceCritterARadStag	5.000000		ESSChanceCritterASquirrel	5.000000		ESSChanceCritterBBeaver	15.000000		ESSChanceCritterBFirefly	10.000000		ESSChanceCritterBFox	5.000000		ESSChanceCritterBOpposum	5.000000		ESSChanceCritterBRabbit	5.000000		ESSChanceCritterBRadFrog	10.000000		ESSChanceCritterBRadStag	5.000000		ESSChanceCritterBSquirrel	5.000000		ESSChanceMainGulperLARGE	5.000000		ESSChanceMainAnglerLARGE	5.000000		ESSChanceMainFogCrawlerLARGE	5.000000		ESSChanceSubGulperLARGE	5.000000		ESSChanceMainCaveCricket	5.000000		ESSChanceSubCaveCricket	5.000000		0	0	0	None	0	000012A2:RegionCranberryBogLocation:Cranberry Bog	0.000000	1.000000	
002EE4E5	SubRegionCranberry02Location	Cranberry Bog	3	000012A1:LocRegionCranberryBog:KYWD	003A404E:LocTypeSubRegion:KYWD	003CD32C:EMSAllowLoadedReRoll:KYWD											44	ESSChanceMainGhouls	5.000000		ESSChanceMainScorched	5.000000		ESSChanceMainRobots	5.000000		ESSChanceMainMirelurks	5.000000		ESSChanceSubGhoul	5.000000		ESSChanceSubMirelurks	5.000000		ESSChanceSubRobots	5.000000		ESSChanceSubScorched	5.000000		ESSChanceMainSuperMutants	5.000000		ESSChanceSubSuperMutants	5.000000		ESSChanceMainViciousDog	5.000000		ESSChanceMainMolerats	5.000000		ESSChanceMainRats	5.000000		ESSChanceMainYaoGuaiLARGE	5.000000		ESSChanceSubViciousDog	5.000000		ESSChanceSubDeathclawGIANTONLY	5.000000		ESSChanceSubMegaslothGIANTONLY	5.000000		ESSChanceSubMolerats	5.000000		ESSChanceSubRats	5.000000		ESSChanceSubYaoGuaiLARGE	5.000000		EMSChanceVariantNormal	45.000000		EMSChanceVariantScorched	5.000000		ESSChanceCritterABeaver	15.000000		ESSChanceCritterAFirefly	10.000000		ESSChanceCritterAFox	5.000000		ESSChanceCritterAOpposum	5.000000		ESSChanceCritterARabbit	5.000000		ESSChanceCritterARadFrog	10.000000		ESSChanceCritterARadStag	5.000000		ESSChanceCritterASquirrel	5.000000		ESSChanceCritterBBeaver	15.000000		ESSChanceCritterBFirefly	10.000000		ESSChanceCritterBFox	5.000000		ESSChanceCritterBOpposum	5.000000		ESSChanceCritterBRabbit	5.000000		ESSChanceCritterBRadFrog	10.000000		ESSChanceCritterBRadStag	5.000000		ESSChanceCritterBSquirrel	5.000000		ESSChanceMainGulperLARGE	5.000000		ESSChanceMainAnglerLARGE	5.000000		ESSChanceMainFogCrawlerLARGE	5.000000		ESSChanceSubGulperLARGE	5.000000		ESSChanceMainCaveCricket	5.000000		ESSChanceSubCaveCricket	5.000000		0	0	0	None	0	000012A2:RegionCranberryBogLocation:Cranberry Bog	0.000000	1.000000	
002EE4EE	SubRegionCranberry03Location	Cranberry Bog	3	000012A1:LocRegionCranberryBog:KYWD	003A404E:LocTypeSubRegion:KYWD	003CD32C:EMSAllowLoadedReRoll:KYWD											44	ESSChanceMainGhouls	5.000000		ESSChanceMainScorched	5.000000		ESSChanceMainRobots	5.000000		ESSChanceMainMirelurks	5.000000		ESSChanceSubGhoul	5.000000		ESSChanceSubMirelurks	5.000000		ESSChanceSubRobots	5.000000		ESSChanceSubScorched	5.000000		ESSChanceMainSuperMutants	5.000000		ESSChanceSubSuperMutants	5.000000		ESSChanceMainViciousDog	5.000000		ESSChanceMainMolerats	5.000000		ESSChanceMainRats	5.000000		ESSChanceMainYaoGuaiLARGE	5.000000		ESSChanceSubViciousDog	5.000000		ESSChanceSubDeathclawGIANTONLY	5.000000		ESSChanceSubMegaslothGIANTONLY	5.000000		ESSChanceSubMolerats	5.000000		ESSChanceSubRats	5.000000		ESSChanceSubYaoGuaiLARGE	5.000000		EMSChanceVariantNormal	45.000000		EMSChanceVariantScorched	5.000000		ESSChanceCritterABeaver	15.000000		ESSChanceCritterAFirefly	10.000000		ESSChanceCritterAFox	5.000000		ESSChanceCritterAOpposum	5.000000		ESSChanceCritterARabbit	5.000000		ESSChanceCritterARadFrog	10.000000		ESSChanceCritterARadStag	5.000000		ESSChanceCritterASquirrel	5.000000		ESSChanceCritterBBeaver	15.000000		ESSChanceCritterBFirefly	10.000000		ESSChanceCritterBFox	5.000000		ESSChanceCritterBOpposum	5.000000		ESSChanceCritterBRabbit	5.000000		ESSChanceCritterBRadFrog	10.000000		ESSChanceCritterBRadStag	5.000000		ESSChanceCritterBSquirrel	5.000000		ESSChanceMainGulperLARGE	5.000000		ESSChanceMainAnglerLARGE	5.000000		ESSChanceMainFogCrawlerLARGE	5.000000		ESSChanceSubGulperLARGE	5.000000		ESSChanceMainCaveCricket	5.000000		ESSChanceSubCaveCricket	5.000000		0	0	0	None	0	000012A2:RegionCranberryBogLocation:Cranberry Bog	0.000000	1.000000	
002EE524	SubRegionCranberry12Location	Cranberry Bog	3	000012A1:LocRegionCranberryBog:KYWD	003A404E:LocTypeSubRegion:KYWD	003CD32C:EMSAllowLoadedReRoll:KYWD											44	ESSChanceMainGhouls	5.000000		ESSChanceMainScorched	5.000000		ESSChanceMainRobots	5.000000		ESSChanceMainMirelurks	5.000000		ESSChanceSubGhoul	5.000000		ESSChanceSubMirelurks	5.000000		ESSChanceSubRobots	5.000000		ESSChanceSubScorched	5.000000		ESSChanceMainSuperMutants	5.000000		ESSChanceSubSuperMutants	5.000000		ESSChanceMainViciousDog	5.000000		ESSChanceMainMolerats	5.000000		ESSChanceMainRats	5.000000		ESSChanceMainYaoGuaiLARGE	5.000000		ESSChanceSubViciousDog	5.000000		ESSChanceSubDeathclawGIANTONLY	5.000000		ESSChanceSubMegaslothGIANTONLY	5.000000		ESSChanceSubMolerats	5.000000		ESSChanceSubRats	5.000000		ESSChanceSubYaoGuaiLARGE	5.000000		EMSChanceVariantNormal	45.000000		EMSChanceVariantScorched	5.000000		ESSChanceCritterABeaver	15.000000		ESSChanceCritterAFirefly	10.000000		ESSChanceCritterAFox	5.000000		ESSChanceCritterAOpposum	5.000000		ESSChanceCritterARabbit	5.000000		ESSChanceCritterARadFrog	10.000000		ESSChanceCritterARadStag	5.000000		ESSChanceCritterASquirrel	5.000000		ESSChanceCritterBBeaver	15.000000		ESSChanceCritterBFirefly	10.000000		ESSChanceCritterBFox	5.000000		ESSChanceCritterBOpposum	5.000000		ESSChanceCritterBRabbit	5.000000		ESSChanceCritterBRadFrog	10.000000		ESSChanceCritterBRadStag	5.000000		ESSChanceCritterBSquirrel	5.000000		ESSChanceMainGulperLARGE	5.000000		ESSChanceMainAnglerLARGE	5.000000		ESSChanceMainFogCrawlerLARGE	5.000000		ESSChanceSubGulperLARGE	5.000000		ESSChanceMainCaveCricket	5.000000		ESSChanceSubCaveCricket	5.000000		0	0	0	None	0	000012A2:RegionCranberryBogLocation:Cranberry Bog	0.000000	1.000000	
002EE525	SubRegionForestFloodlands06LocationLOW	The Forest	4	0001564F:LocRegionForestFloodlands:KYWD	0004E16F:SQ_IgnoreDeath:KYWD	003A404E:LocTypeSubRegion:KYWD	003CD32C:EMSAllowLoadedReRoll:KYWD										32	ESSChanceMainGhouls	5.000000		ESSChanceMainScorched	5.000000		ESSChanceMainRobots	5.000000		ESSChanceSubGhoul	5.000000		ESSChanceSubRobots	5.000000		ESSChanceSubScorched	5.000000		ESSChanceMainLiberators	5.000000		ESSChanceMainViciousDog	5.000000		ESSChanceMainMolerats	5.000000		ESSChanceSubLiberators	5.000000		ESSChanceSubViciousDog	5.000000		ESSChanceSubMolerats	5.000000		ESSChanceCritterABeaver	5.000000		ESSChanceCritterACat	5.000000		ESSChanceCritterAChicken	5.000000		ESSChanceCritterAFirefly	5.000000		ESSChanceCritterAFox	5.000000		ESSChanceCritterAOpposum	5.000000		ESSChanceCritterARabbit	5.000000		ESSChanceCritterARadFrog	5.000000		ESSChanceCritterARadStag	15.000000		ESSChanceCritterASquirrel	5.000000		ESSChanceCritterBBeaver	5.000000		ESSChanceCritterBCat	5.000000		ESSChanceCritterBChicken	5.000000		ESSChanceCritterBFirefly	5.000000		ESSChanceCritterBFox	5.000000		ESSChanceCritterBOpposum	5.000000		ESSChanceCritterBRabbit	5.000000		ESSChanceCritterBRadFrog	5.000000		ESSChanceCritterBRadStag	15.000000		ESSChanceCritterBSquirrel	5.000000																																						0	0	1	None	5	00095004:RegionForestFloodlandsLocation:The Forest	0.000000	1.000000	
002EE526	SubRegionForestFloodlands07LocationLOW	The Forest	4	0001564F:LocRegionForestFloodlands:KYWD	0004E16F:SQ_IgnoreDeath:KYWD	003A404E:LocTypeSubRegion:KYWD	003CD32C:EMSAllowLoadedReRoll:KYWD										32	ESSChanceMainGhouls	5.000000		ESSChanceMainScorched	5.000000		ESSChanceMainRobots	5.000000		ESSChanceSubGhoul	5.000000		ESSChanceSubRobots	5.000000		ESSChanceSubScorched	5.000000		ESSChanceMainLiberators	5.000000		ESSChanceMainViciousDog	5.000000		ESSChanceMainMolerats	5.000000		ESSChanceSubLiberators	5.000000		ESSChanceSubViciousDog	5.000000		ESSChanceSubMolerats	5.000000		ESSChanceCritterABeaver	5.000000		ESSChanceCritterACat	5.000000		ESSChanceCritterAChicken	5.000000		ESSChanceCritterAFirefly	5.000000		ESSChanceCritterAFox	5.000000		ESSChanceCritterAOpposum	5.000000		ESSChanceCritterARabbit	5.000000		ESSChanceCritterARadFrog	5.000000		ESSChanceCritterARadStag	15.000000		ESSChanceCritterASquirrel	5.000000		ESSChanceCritterBBeaver	5.000000		ESSChanceCritterBCat	5.000000		ESSChanceCritterBChicken	5.000000		ESSChanceCritterBFirefly	5.000000		ESSChanceCritterBFox	5.000000		ESSChanceCritterBOpposum	5.000000		ESSChanceCritterBRabbit	5.000000		ESSChanceCritterBRadFrog	5.000000		ESSChanceCritterBRadStag	15.000000		ESSChanceCritterBSquirrel	5.000000																																						0	0	1	None	5	00095004:RegionForestFloodlandsLocation:The Forest	0.000000	1.000000	
002EE527	SubRegionForestFloodlands08LocationLOW	The Forest	4	0001564F:LocRegionForestFloodlands:KYWD	0004E16F:SQ_IgnoreDeath:KYWD	003A404E:LocTypeSubRegion:KYWD	003CD32C:EMSAllowLoadedReRoll:KYWD										32	ESSChanceMainGhouls	5.000000		ESSChanceMainScorched	5.000000		ESSChanceMainRobots	5.000000		ESSChanceSubGhoul	5.000000		ESSChanceSubRobots	5.000000		ESSChanceSubScorched	5.000000		ESSChanceMainLiberators	5.000000		ESSChanceMainViciousDog	5.000000		ESSChanceMainMolerats	5.000000		ESSChanceSubLiberators	5.000000		ESSChanceSubViciousDog	5.000000		ESSChanceSubMolerats	5.000000		ESSChanceCritterABeaver	5.000000		ESSChanceCritterACat	5.000000		ESSChanceCritterAChicken	5.000000		ESSChanceCritterAFirefly	5.000000		ESSChanceCritterAFox	5.000000		ESSChanceCritterAOpposum	5.000000		ESSChanceCritterARabbit	5.000000		ESSChanceCritterARadFrog	5.000000		ESSChanceCritterARadStag	15.000000		ESSChanceCritterASquirrel	5.000000		ESSChanceCritterBBeaver	5.000000		ESSChanceCritterBCat	5.000000		ESSChanceCritterBChicken	5.000000		ESSChanceCritterBFirefly	5.000000		ESSChanceCritterBFox	5.000000		ESSChanceCritterBOpposum	5.000000		ESSChanceCritterBRabbit	5.000000		ESSChanceCritterBRadFrog	5.000000		ESSChanceCritterBRadStag	15.000000		ESSChanceCritterBSquirrel	5.000000																																						0	0	1	None	5	00095004:RegionForestFloodlandsLocation:The Forest	0.000000	1.000000	
002EE528	SubRegionForestFloodlands09Location	The Forest	3	0001564F:LocRegionForestFloodlands:KYWD	003A404E:LocTypeSubRegion:KYWD	003CD32C:EMSAllowLoadedReRoll:KYWD											34	ESSChanceMainGhouls	5.000000		ESSChanceMainScorched	5.000000		ESSChanceMainRobots	5.000000		ESSChanceSubGhoul	5.000000		ESSChanceSubRobots	5.000000		ESSChanceSubScorched	5.000000		ESSChanceMainSuperMutants	5.000000		ESSChanceSubSuperMutants	5.000000		ESSChanceMainLiberators	5.000000		ESSChanceMainViciousDog	5.000000		ESSChanceMainMolerats	5.000000		ESSChanceSubLiberators	5.000000		ESSChanceSubViciousDog	5.000000		ESSChanceSubMolerats	5.000000		ESSChanceCritterABeaver	5.000000		ESSChanceCritterACat	5.000000		ESSChanceCritterAChicken	5.000000		ESSChanceCritterAFirefly	5.000000		ESSChanceCritterAFox	5.000000		ESSChanceCritterAOpposum	5.000000		ESSChanceCritterARabbit	5.000000		ESSChanceCritterARadFrog	5.000000		ESSChanceCritterARadStag	15.000000		ESSChanceCritterASquirrel	5.000000		ESSChanceCritterBBeaver	5.000000		ESSChanceCritterBCat	5.000000		ESSChanceCritterBChicken	5.000000		ESSChanceCritterBFirefly	5.000000		ESSChanceCritterBFox	5.000000		ESSChanceCritterBOpposum	5.000000		ESSChanceCritterBRabbit	5.000000		ESSChanceCritterBRadFrog	5.000000		ESSChanceCritterBRadStag	15.000000		ESSChanceCritterBSquirrel	5.000000																																0	0	0	None	0	00095004:RegionForestFloodlandsLocation:The Forest	0.000000	1.000000	
002EE529	SubRegionForestFloodlands10Location	The Forest	3	0001564F:LocRegionForestFloodlands:KYWD	003A404E:LocTypeSubRegion:KYWD	003CD32C:EMSAllowLoadedReRoll:KYWD											34	ESSChanceMainGhouls	5.000000		ESSChanceMainScorched	5.000000		ESSChanceMainRobots	5.000000		ESSChanceSubGhoul	5.000000		ESSChanceSubRobots	5.000000		ESSChanceSubScorched	5.000000		ESSChanceMainSuperMutants	5.000000		ESSChanceSubSuperMutants	5.000000		ESSChanceMainLiberators	5.000000		ESSChanceMainViciousDog	5.000000		ESSChanceMainMolerats	5.000000		ESSChanceSubLiberators	5.000000		ESSChanceSubViciousDog	5.000000		ESSChanceSubMolerats	5.000000		ESSChanceCritterABeaver	5.000000		ESSChanceCritterACat	5.000000		ESSChanceCritterAChicken	5.000000		ESSChanceCritterAFirefly	5.000000		ESSChanceCritterAFox	5.000000		ESSChanceCritterAOpposum	5.000000		ESSChanceCritterARabbit	5.000000		ESSChanceCritterARadFrog	5.000000		ESSChanceCritterARadStag	15.000000		ESSChanceCritterASquirrel	5.000000		ESSChanceCritterBBeaver	5.000000		ESSChanceCritterBCat	5.000000		ESSChanceCritterBChicken	5.000000		ESSChanceCritterBFirefly	5.000000		ESSChanceCritterBFox	5.000000		ESSChanceCritterBOpposum	5.000000		ESSChanceCritterBRabbit	5.000000		ESSChanceCritterBRadFrog	5.000000		ESSChanceCritterBRadStag	15.000000		ESSChanceCritterBSquirrel	5.000000																																0	0	0	None	0	00095004:RegionForestFloodlandsLocation:The Forest	0.000000	1.000000	
002EE52D	SubRegionForestFloodlands11LocationLOW	The Forest	4	0001564F:LocRegionForestFloodlands:KYWD	0004E16F:SQ_IgnoreDeath:KYWD	003A404E:LocTypeSubRegion:KYWD	003CD32C:EMSAllowLoadedReRoll:KYWD										32	ESSChanceMainGhouls	5.000000		ESSChanceMainScorched	5.000000		ESSChanceMainRobots	5.000000		ESSChanceSubGhoul	5.000000		ESSChanceSubRobots	5.000000		ESSChanceSubScorched	5.000000		ESSChanceMainLiberators	5.000000		ESSChanceMainViciousDog	5.000000		ESSChanceMainMolerats	5.000000		ESSChanceSubLiberators	5.000000		ESSChanceSubViciousDog	5.000000		ESSChanceSubMolerats	5.000000		ESSChanceCritterABeaver	5.000000		ESSChanceCritterACat	5.000000		ESSChanceCritterAChicken	5.000000		ESSChanceCritterAFirefly	5.000000		ESSChanceCritterAFox	5.000000		ESSChanceCritterAOpposum	5.000000		ESSChanceCritterARabbit	5.000000		ESSChanceCritterARadFrog	5.000000		ESSChanceCritterARadStag	15.000000		ESSChanceCritterASquirrel	5.000000		ESSChanceCritterBBeaver	5.000000		ESSChanceCritterBCat	5.000000		ESSChanceCritterBChicken	5.000000		ESSChanceCritterBFirefly	5.000000		ESSChanceCritterBFox	5.000000		ESSChanceCritterBOpposum	5.000000		ESSChanceCritterBRabbit	5.000000		ESSChanceCritterBRadFrog	5.000000		ESSChanceCritterBRadStag	15.000000		ESSChanceCritterBSquirrel	5.000000																																						0	0	1	None	5	00095004:RegionForestFloodlandsLocation:The Forest	0.000000	1.000000	
002EE52E	SubRegionForestFloodlands12LocationLOW	The Forest	4	0001564F:LocRegionForestFloodlands:KYWD	0004E16F:SQ_IgnoreDeath:KYWD	003A404E:LocTypeSubRegion:KYWD	003CD32C:EMSAllowLoadedReRoll:KYWD										32	ESSChanceMainGhouls	5.000000		ESSChanceMainScorched	5.000000		ESSChanceMainRobots	5.000000		ESSChanceSubGhoul	5.000000		ESSChanceSubRobots	5.000000		ESSChanceSubScorched	5.000000		ESSChanceMainLiberators	5.000000		ESSChanceMainViciousDog	5.000000		ESSChanceMainMolerats	5.000000		ESSChanceSubLiberators	5.000000		ESSChanceSubViciousDog	5.000000		ESSChanceSubMolerats	5.000000		ESSChanceCritterABeaver	5.000000		ESSChanceCritterACat	5.000000		ESSChanceCritterAChicken	5.000000		ESSChanceCritterAFirefly	5.000000		ESSChanceCritterAFox	5.000000		ESSChanceCritterAOpposum	5.000000		ESSChanceCritterARabbit	5.000000		ESSChanceCritterARadFrog	5.000000		ESSChanceCritterARadStag	15.000000		ESSChanceCritterASquirrel	5.000000		ESSChanceCritterBBeaver	5.000000		ESSChanceCritterBCat	5.000000		ESSChanceCritterBChicken	5.000000		ESSChanceCritterBFirefly	5.000000		ESSChanceCritterBFox	5.000000		ESSChanceCritterBOpposum	5.000000		ESSChanceCritterBRabbit	5.000000		ESSChanceCritterBRadFrog	5.000000		ESSChanceCritterBRadStag	15.000000		ESSChanceCritterBSquirrel	5.000000																																						0	0	1	None	5	00095004:RegionForestFloodlandsLocation:The Forest	0.000000	1.000000	
002EE52F	SubRegionForestFloodlands13LocationLOW	The Forest	4	0001564F:LocRegionForestFloodlands:KYWD	0004E16F:SQ_IgnoreDeath:KYWD	003A404E:LocTypeSubRegion:KYWD	003CD32C:EMSAllowLoadedReRoll:KYWD										32	ESSChanceMainGhouls	5.000000		ESSChanceMainScorched	5.000000		ESSChanceMainRobots	5.000000		ESSChanceSubGhoul	5.000000		ESSChanceSubRobots	5.000000		ESSChanceSubScorched	5.000000		ESSChanceMainLiberators	5.000000		ESSChanceMainViciousDog	5.000000		ESSChanceMainMolerats	5.000000		ESSChanceSubLiberators	5.000000		ESSChanceSubViciousDog	5.000000		ESSChanceSubMolerats	5.000000		ESSChanceCritterABeaver	5.000000		ESSChanceCritterACat	5.000000		ESSChanceCritterAChicken	5.000000		ESSChanceCritterAFirefly	5.000000		ESSChanceCritterAFox	5.000000		ESSChanceCritterAOpposum	5.000000		ESSChanceCritterARabbit	5.000000		ESSChanceCritterARadFrog	5.000000		ESSChanceCritterARadStag	15.000000		ESSChanceCritterASquirrel	5.000000		ESSChanceCritterBBeaver	5.000000		ESSChanceCritterBCat	5.000000		ESSChanceCritterBChicken	5.000000		ESSChanceCritterBFirefly	5.000000		ESSChanceCritterBFox	5.000000		ESSChanceCritterBOpposum	5.000000		ESSChanceCritterBRabbit	5.000000		ESSChanceCritterBRadFrog	5.000000		ESSChanceCritterBRadStag	15.000000		ESSChanceCritterBSquirrel	5.000000																																						0	0	1	None	5	00095004:RegionForestFloodlandsLocation:The Forest	0.000000	1.000000	
002EE533	SubRegionForestFloodlands14Location	The Forest	3	0001564F:LocRegionForestFloodlands:KYWD	003A404E:LocTypeSubRegion:KYWD	003CD32C:EMSAllowLoadedReRoll:KYWD											34	ESSChanceMainGhouls	5.000000		ESSChanceMainScorched	5.000000		ESSChanceMainRobots	5.000000		ESSChanceSubGhoul	5.000000		ESSChanceSubRobots	5.000000		ESSChanceSubScorched	5.000000		ESSChanceMainSuperMutants	5.000000		ESSChanceSubSuperMutants	5.000000		ESSChanceMainLiberators	5.000000		ESSChanceMainViciousDog	5.000000		ESSChanceMainMolerats	5.000000		ESSChanceSubLiberators	5.000000		ESSChanceSubViciousDog	5.000000		ESSChanceSubMolerats	5.000000		ESSChanceCritterABeaver	5.000000		ESSChanceCritterACat	5.000000		ESSChanceCritterAChicken	5.000000		ESSChanceCritterAFirefly	5.000000		ESSChanceCritterAFox	5.000000		ESSChanceCritterAOpposum	5.000000		ESSChanceCritterARabbit	5.000000		ESSChanceCritterARadFrog	5.000000		ESSChanceCritterARadStag	15.000000		ESSChanceCritterASquirrel	5.000000		ESSChanceCritterBBeaver	5.000000		ESSChanceCritterBCat	5.000000		ESSChanceCritterBChicken	5.000000		ESSChanceCritterBFirefly	5.000000		ESSChanceCritterBFox	5.000000		ESSChanceCritterBOpposum	5.000000		ESSChanceCritterBRabbit	5.000000		ESSChanceCritterBRadFrog	5.000000		ESSChanceCritterBRadStag	15.000000		ESSChanceCritterBSquirrel	5.000000																																0	0	0	None	0	00095004:RegionForestFloodlandsLocation:The Forest	0.000000	1.000000	
002EE534	SubRegionForestFloodlands15Location	The Forest	3	0001564F:LocRegionForestFloodlands:KYWD	003A404E:LocTypeSubRegion:KYWD	003CD32C:EMSAllowLoadedReRoll:KYWD											34	ESSChanceMainGhouls	5.000000		ESSChanceMainScorched	5.000000		ESSChanceMainRobots	5.000000		ESSChanceSubGhoul	5.000000		ESSChanceSubRobots	5.000000		ESSChanceSubScorched	5.000000		ESSChanceMainSuperMutants	5.000000		ESSChanceSubSuperMutants	5.000000		ESSChanceMainLiberators	5.000000		ESSChanceMainViciousDog	5.000000		ESSChanceMainMolerats	5.000000		ESSChanceSubLiberators	5.000000		ESSChanceSubViciousDog	5.000000		ESSChanceSubMolerats	5.000000		ESSChanceCritterABeaver	5.000000		ESSChanceCritterACat	5.000000		ESSChanceCritterAChicken	5.000000		ESSChanceCritterAFirefly	5.000000		ESSChanceCritterAFox	5.000000		ESSChanceCritterAOpposum	5.000000		ESSChanceCritterARabbit	5.000000		ESSChanceCritterARadFrog	5.000000		ESSChanceCritterARadStag	15.000000		ESSChanceCritterASquirrel	5.000000		ESSChanceCritterBBeaver	5.000000		ESSChanceCritterBCat	5.000000		ESSChanceCritterBChicken	5.000000		ESSChanceCritterBFirefly	5.000000		ESSChanceCritterBFox	5.000000		ESSChanceCritterBOpposum	5.000000		ESSChanceCritterBRabbit	5.000000		ESSChanceCritterBRadFrog	5.000000		ESSChanceCritterBRadStag	15.000000		ESSChanceCritterBSquirrel	5.000000																																0	0	0	None	0	00095004:RegionForestFloodlandsLocation:The Forest	0.000000	1.000000	
002EE535	SubRegionForestFloodlands16LocationLOW	The Forest	4	0001564F:LocRegionForestFloodlands:KYWD	0004E16F:SQ_IgnoreDeath:KYWD	003A404E:LocTypeSubRegion:KYWD	003CD32C:EMSAllowLoadedReRoll:KYWD										32	ESSChanceMainGhouls	5.000000		ESSChanceMainScorched	5.000000		ESSChanceMainRobots	5.000000		ESSChanceSubGhoul	5.000000		ESSChanceSubRobots	5.000000		ESSChanceSubScorched	5.000000		ESSChanceMainLiberators	5.000000		ESSChanceMainViciousDog	5.000000		ESSChanceMainMolerats	5.000000		ESSChanceSubLiberators	5.000000		ESSChanceSubViciousDog	5.000000		ESSChanceSubMolerats	5.000000		ESSChanceCritterABeaver	5.000000		ESSChanceCritterACat	5.000000		ESSChanceCritterAChicken	5.000000		ESSChanceCritterAFirefly	5.000000		ESSChanceCritterAFox	5.000000		ESSChanceCritterAOpposum	5.000000		ESSChanceCritterARabbit	5.000000		ESSChanceCritterARadFrog	5.000000		ESSChanceCritterARadStag	15.000000		ESSChanceCritterASquirrel	5.000000		ESSChanceCritterBBeaver	5.000000		ESSChanceCritterBCat	5.000000		ESSChanceCritterBChicken	5.000000		ESSChanceCritterBFirefly	5.000000		ESSChanceCritterBFox	5.000000		ESSChanceCritterBOpposum	5.000000		ESSChanceCritterBRabbit	5.000000		ESSChanceCritterBRadFrog	5.000000		ESSChanceCritterBRadStag	15.000000		ESSChanceCritterBSquirrel	5.000000																																						0	0	1	None	5	00095004:RegionForestFloodlandsLocation:The Forest	0.000000	1.000000	
002EE553	SubRegionForestFloodlands17LocationLOW	The Forest	4	0001564F:LocRegionForestFloodlands:KYWD	0004E16F:SQ_IgnoreDeath:KYWD	003A404E:LocTypeSubRegion:KYWD	003CD32C:EMSAllowLoadedReRoll:KYWD										32	ESSChanceMainGhouls	5.000000		ESSChanceMainScorched	5.000000		ESSChanceMainRobots	5.000000		ESSChanceSubGhoul	5.000000		ESSChanceSubRobots	5.000000		ESSChanceSubScorched	5.000000		ESSChanceMainLiberators	5.000000		ESSChanceMainViciousDog	5.000000		ESSChanceMainMolerats	5.000000		ESSChanceSubLiberators	5.000000		ESSChanceSubViciousDog	5.000000		ESSChanceSubMolerats	5.000000		ESSChanceCritterABeaver	5.000000		ESSChanceCritterACat	5.000000		ESSChanceCritterAChicken	5.000000		ESSChanceCritterAFirefly	5.000000		ESSChanceCritterAFox	5.000000		ESSChanceCritterAOpposum	5.000000		ESSChanceCritterARabbit	5.000000		ESSChanceCritterARadFrog	5.000000		ESSChanceCritterARadStag	15.000000		ESSChanceCritterASquirrel	5.000000		ESSChanceCritterBBeaver	5.000000		ESSChanceCritterBCat	5.000000		ESSChanceCritterBChicken	5.000000		ESSChanceCritterBFirefly	5.000000		ESSChanceCritterBFox	5.000000		ESSChanceCritterBOpposum	5.000000		ESSChanceCritterBRabbit	5.000000		ESSChanceCritterBRadFrog	5.000000		ESSChanceCritterBRadStag	15.000000		ESSChanceCritterBSquirrel	5.000000																																						0	0	1	None	5	00095004:RegionForestFloodlandsLocation:The Forest	0.000000	1.000000	
002EE554	SubRegionForestFloodlands18Location	The Forest	3	0001564F:LocRegionForestFloodlands:KYWD	003A404E:LocTypeSubRegion:KYWD	003CD32C:EMSAllowLoadedReRoll:KYWD											34	ESSChanceMainGhouls	5.000000		ESSChanceMainScorched	5.000000		ESSChanceMainRobots	5.000000		ESSChanceSubGhoul	5.000000		ESSChanceSubRobots	5.000000		ESSChanceSubScorched	5.000000		ESSChanceMainSuperMutants	5.000000		ESSChanceSubSuperMutants	5.000000		ESSChanceMainLiberators	5.000000		ESSChanceMainViciousDog	5.000000		ESSChanceMainMolerats	5.000000		ESSChanceSubLiberators	5.000000		ESSChanceSubViciousDog	5.000000		ESSChanceSubMolerats	5.000000		ESSChanceCritterABeaver	5.000000		ESSChanceCritterACat	5.000000		ESSChanceCritterAChicken	5.000000		ESSChanceCritterAFirefly	5.000000		ESSChanceCritterAFox	5.000000		ESSChanceCritterAOpposum	5.000000		ESSChanceCritterARabbit	5.000000		ESSChanceCritterARadFrog	5.000000		ESSChanceCritterARadStag	15.000000		ESSChanceCritterASquirrel	5.000000		ESSChanceCritterBBeaver	5.000000		ESSChanceCritterBCat	5.000000		ESSChanceCritterBChicken	5.000000		ESSChanceCritterBFirefly	5.000000		ESSChanceCritterBFox	5.000000		ESSChanceCritterBOpposum	5.000000		ESSChanceCritterBRabbit	5.000000		ESSChanceCritterBRadFrog	5.000000		ESSChanceCritterBRadStag	15.000000		ESSChanceCritterBSquirrel	5.000000																																0	0	0	None	0	00095004:RegionForestFloodlandsLocation:The Forest	0.000000	1.000000	
002EE555	SubRegionForestFloodlands19Location	The Forest	3	0001564F:LocRegionForestFloodlands:KYWD	003A404E:LocTypeSubRegion:KYWD	003CD32C:EMSAllowLoadedReRoll:KYWD											34	ESSChanceMainGhouls	5.000000		ESSChanceMainScorched	5.000000		ESSChanceMainRobots	5.000000		ESSChanceSubGhoul	5.000000		ESSChanceSubRobots	5.000000		ESSChanceSubScorched	5.000000		ESSChanceMainSuperMutants	5.000000		ESSChanceSubSuperMutants	5.000000		ESSChanceMainLiberators	5.000000		ESSChanceMainViciousDog	5.000000		ESSChanceMainMolerats	5.000000		ESSChanceSubLiberators	5.000000		ESSChanceSubViciousDog	5.000000		ESSChanceSubMolerats	5.000000		ESSChanceCritterABeaver	5.000000		ESSChanceCritterACat	5.000000		ESSChanceCritterAChicken	5.000000		ESSChanceCritterAFirefly	5.000000		ESSChanceCritterAFox	5.000000		ESSChanceCritterAOpposum	5.000000		ESSChanceCritterARabbit	5.000000		ESSChanceCritterARadFrog	5.000000		ESSChanceCritterARadStag	15.000000		ESSChanceCritterASquirrel	5.000000		ESSChanceCritterBBeaver	5.000000		ESSChanceCritterBCat	5.000000		ESSChanceCritterBChicken	5.000000		ESSChanceCritterBFirefly	5.000000		ESSChanceCritterBFox	5.000000		ESSChanceCritterBOpposum	5.000000		ESSChanceCritterBRabbit	5.000000		ESSChanceCritterBRadFrog	5.000000		ESSChanceCritterBRadStag	15.000000		ESSChanceCritterBSquirrel	5.000000																																0	0	0	None	0	00095004:RegionForestFloodlandsLocation:The Forest	0.000000	1.000000	
002EE556	SubRegionForestFloodlands20Location	The Forest	3	0001564F:LocRegionForestFloodlands:KYWD	003A404E:LocTypeSubRegion:KYWD	003CD32C:EMSAllowLoadedReRoll:KYWD											34	ESSChanceMainGhouls	5.000000		ESSChanceMainScorched	5.000000		ESSChanceMainRobots	5.000000		ESSChanceSubGhoul	5.000000		ESSChanceSubRobots	5.000000		ESSChanceSubScorched	5.000000		ESSChanceMainSuperMutants	5.000000		ESSChanceSubSuperMutants	5.000000		ESSChanceMainLiberators	5.000000		ESSChanceMainViciousDog	5.000000		ESSChanceMainMolerats	5.000000		ESSChanceSubLiberators	5.000000		ESSChanceSubViciousDog	5.000000		ESSChanceSubMolerats	5.000000		ESSChanceCritterABeaver	5.000000		ESSChanceCritterACat	5.000000		ESSChanceCritterAChicken	5.000000		ESSChanceCritterAFirefly	5.000000		ESSChanceCritterAFox	5.000000		ESSChanceCritterAOpposum	5.000000		ESSChanceCritterARabbit	5.000000		ESSChanceCritterARadFrog	5.000000		ESSChanceCritterARadStag	15.000000		ESSChanceCritterASquirrel	5.000000		ESSChanceCritterBBeaver	5.000000		ESSChanceCritterBCat	5.000000		ESSChanceCritterBChicken	5.000000		ESSChanceCritterBFirefly	5.000000		ESSChanceCritterBFox	5.000000		ESSChanceCritterBOpposum	5.000000		ESSChanceCritterBRabbit	5.000000		ESSChanceCritterBRadFrog	5.000000		ESSChanceCritterBRadStag	15.000000		ESSChanceCritterBSquirrel	5.000000																																0	0	0	None	0	00095004:RegionForestFloodlandsLocation:The Forest	0.000000	1.000000	
002EE565	SubRegionMountainRemoval01Location	The Ash Heap	3	0001CA8B:LocRegionMTR:KYWD	003A404E:LocTypeSubRegion:KYWD	003CD32C:EMSAllowLoadedReRoll:KYWD											28	ESSChanceMainGhouls	5.000000		ESSChanceMainScorched	10.000000		ESSChanceMainRobots	5.000000		ESSChanceSubGhoul	5.000000		ESSChanceSubRobots	5.000000		ESSChanceSubScorched	10.000000		ESSChanceMainSuperMutants	5.000000		ESSChanceSubSuperMutants	5.000000		ESSChanceMainLiberators	5.000000		ESSChanceMainViciousDog	5.000000		ESSChanceMainMolerats	10.000000		ESSChanceMainRats	5.000000		ESSChanceSubLiberators	5.000000		ESSChanceMainMoleMiner	15.000000		ESSChanceSubViciousDog	5.000000		ESSChanceSubDeathclawGIANTONLY	0.000000		ESSChanceSubMolerats	10.000000		ESSChanceSubRats	5.000000		ESSChanceSubScorpionsLARGE	5.000000		ESSChanceSubMoleMiners	15.000000		ESSChanceCritterAFirefly	5.000000		ESSChanceCritterAOpposum	5.000000		ESSChanceCritterBFirefly	5.000000		ESSChanceCritterBOpposum	5.000000		ESSChanceMainBloatfly	5.000000		ESSChanceSubBloatfly	5.000000		ESSChanceMainCaveCricket	5.000000		ESSChanceSubCaveCricket	5.000000																																																		0	0	0	None	0	000045D0:RegionMTRLocation:Ash Heap	0.000000	1.000000	
002EE566	SubRegionMountainRemoval02Location	The Ash Heap	3	0001CA8B:LocRegionMTR:KYWD	003A404E:LocTypeSubRegion:KYWD	003CD32C:EMSAllowLoadedReRoll:KYWD											30	ESSChanceMainGhouls	5.000000		ESSChanceMainScorched	10.000000		ESSChanceMainRobots	5.000000		ESSChanceSubGhoul	5.000000		ESSChanceSubRobots	5.000000		ESSChanceSubScorched	10.000000		ESSChanceMainSuperMutants	5.000000		ESSChanceSubSuperMutants	5.000000		ESSChanceMainLiberators	5.000000		ESSChanceMainViciousDog	5.000000		ESSChanceMainMolerats	10.000000		ESSChanceMainRats	5.000000		ESSChanceMainYaoGuaiLARGE	5.000000		ESSChanceSubLiberators	5.000000		ESSChanceMainMoleMiner	15.000000		ESSChanceSubViciousDog	5.000000		ESSChanceSubDeathclawGIANTONLY	0.000000		ESSChanceSubMolerats	10.000000		ESSChanceSubRats	5.000000		ESSChanceSubScorpionsLARGE	5.000000		ESSChanceSubYaoGuaiLARGE	5.000000		ESSChanceSubMoleMiners	15.000000		ESSChanceCritterAFirefly	5.000000		ESSChanceCritterAOpposum	5.000000		ESSChanceCritterBFirefly	5.000000		ESSChanceCritterBOpposum	5.000000		ESSChanceMainBloatfly	5.000000		ESSChanceSubBloatfly	5.000000		ESSChanceMainCaveCricket	5.000000		ESSChanceSubCaveCricket	5.000000																																												0	0	0	None	0	000045D0:RegionMTRLocation:Ash Heap	0.000000	1.000000	
002EE567	SubRegionMountainRemoval03Location	The Ash Heap	3	0001CA8B:LocRegionMTR:KYWD	003A404E:LocTypeSubRegion:KYWD	003CD32C:EMSAllowLoadedReRoll:KYWD											30	ESSChanceMainGhouls	5.000000		ESSChanceMainScorched	10.000000		ESSChanceMainRobots	5.000000		ESSChanceSubGhoul	5.000000		ESSChanceSubRobots	5.000000		ESSChanceSubScorched	10.000000		ESSChanceMainSuperMutants	5.000000		ESSChanceSubSuperMutants	5.000000		ESSChanceMainLiberators	5.000000		ESSChanceMainViciousDog	5.000000		ESSChanceMainMolerats	10.000000		ESSChanceMainRats	5.000000		ESSChanceMainYaoGuaiLARGE	5.000000		ESSChanceSubLiberators	5.000000		ESSChanceMainMoleMiner	15.000000		ESSChanceSubViciousDog	5.000000		ESSChanceSubDeathclawGIANTONLY	0.000000		ESSChanceSubMolerats	10.000000		ESSChanceSubRats	5.000000		ESSChanceSubScorpionsLARGE	5.000000		ESSChanceSubYaoGuaiLARGE	5.000000		ESSChanceSubMoleMiners	15.000000		ESSChanceCritterAFirefly	5.000000		ESSChanceCritterAOpposum	5.000000		ESSChanceCritterBFirefly	5.000000		ESSChanceCritterBOpposum	5.000000		ESSChanceMainBloatfly	5.000000		ESSChanceSubBloatfly	5.000000		ESSChanceMainCaveCricket	5.000000		ESSChanceSubCaveCricket	5.000000																																												0	0	0	None	0	000045D0:RegionMTRLocation:Ash Heap	0.000000	1.000000	
002EE568	SubRegionMountainRemoval04Location	The Ash Heap	3	0001CA8B:LocRegionMTR:KYWD	003A404E:LocTypeSubRegion:KYWD	003CD32C:EMSAllowLoadedReRoll:KYWD											28	ESSChanceMainGhouls	5.000000		ESSChanceMainScorched	10.000000		ESSChanceMainRobots	5.000000		ESSChanceSubGhoul	5.000000		ESSChanceSubRobots	5.000000		ESSChanceSubScorched	10.000000		ESSChanceMainSuperMutants	5.000000		ESSChanceSubSuperMutants	5.000000		ESSChanceMainLiberators	5.000000		ESSChanceMainViciousDog	5.000000		ESSChanceMainMolerats	10.000000		ESSChanceMainRats	5.000000		ESSChanceSubLiberators	5.000000		ESSChanceMainMoleMiner	15.000000		ESSChanceSubViciousDog	5.000000		ESSChanceSubDeathclawGIANTONLY	0.000000		ESSChanceSubMolerats	10.000000		ESSChanceSubRats	5.000000		ESSChanceSubScorpionsLARGE	5.000000		ESSChanceSubMoleMiners	15.000000		ESSChanceCritterAFirefly	5.000000		ESSChanceCritterAOpposum	5.000000		ESSChanceCritterBFirefly	5.000000		ESSChanceCritterBOpposum	5.000000		ESSChanceMainBloatfly	5.000000		ESSChanceSubBloatfly	5.000000		ESSChanceMainCaveCricket	5.000000		ESSChanceSubCaveCricket	5.000000																																																		0	0	0	None	0	000045D0:RegionMTRLocation:Ash Heap	0.000000	1.000000	
002EE569	SubRegionMountainRemoval05Location	The Ash Heap	3	0001CA8B:LocRegionMTR:KYWD	003A404E:LocTypeSubRegion:KYWD	003CD32C:EMSAllowLoadedReRoll:KYWD											28	ESSChanceMainGhouls	5.000000		ESSChanceMainScorched	10.000000		ESSChanceMainRobots	5.000000		ESSChanceSubGhoul	5.000000		ESSChanceSubRobots	5.000000		ESSChanceSubScorched	10.000000		ESSChanceMainSuperMutants	5.000000		ESSChanceSubSuperMutants	5.000000		ESSChanceMainLiberators	5.000000		ESSChanceMainViciousDog	5.000000		ESSChanceMainMolerats	10.000000		ESSChanceMainRats	5.000000		ESSChanceSubLiberators	5.000000		ESSChanceMainMoleMiner	15.000000		ESSChanceSubViciousDog	5.000000		ESSChanceSubDeathclawGIANTONLY	0.000000		ESSChanceSubMolerats	10.000000		ESSChanceSubRats	5.000000		ESSChanceSubScorpionsLARGE	5.000000		ESSChanceSubMoleMiners	15.000000		ESSChanceCritterAFirefly	5.000000		ESSChanceCritterAOpposum	5.000000		ESSChanceCritterBFirefly	5.000000		ESSChanceCritterBOpposum	5.000000		ESSChanceMainBloatfly	5.000000		ESSChanceSubBloatfly	5.000000		ESSChanceMainCaveCricket	5.000000		ESSChanceSubCaveCricket	5.000000																																																		0	0	0	None	0	000045D0:RegionMTRLocation:Ash Heap	0.000000	1.000000	
002EE56A	SubRegionMountainRemoval06Location	The Ash Heap	3	0001CA8B:LocRegionMTR:KYWD	003A404E:LocTypeSubRegion:KYWD	003CD32C:EMSAllowLoadedReRoll:KYWD											28	ESSChanceMainGhouls	5.000000		ESSChanceMainScorched	10.000000		ESSChanceMainRobots	5.000000		ESSChanceSubGhoul	5.000000		ESSChanceSubRobots	5.000000		ESSChanceSubScorched	10.000000		ESSChanceMainSuperMutants	5.000000		ESSChanceSubSuperMutants	5.000000		ESSChanceMainLiberators	5.000000		ESSChanceMainViciousDog	5.000000		ESSChanceMainMolerats	10.000000		ESSChanceMainRats	5.000000		ESSChanceSubLiberators	5.000000		ESSChanceMainMoleMiner	15.000000		ESSChanceSubViciousDog	5.000000		ESSChanceSubDeathclawGIANTONLY	0.000000		ESSChanceSubMolerats	10.000000		ESSChanceSubRats	5.000000		ESSChanceSubScorpionsLARGE	5.000000		ESSChanceSubMoleMiners	15.000000		ESSChanceCritterAFirefly	5.000000		ESSChanceCritterAOpposum	5.000000		ESSChanceCritterBFirefly	5.000000		ESSChanceCritterBOpposum	5.000000		ESSChanceMainBloatfly	5.000000		ESSChanceSubBloatfly	5.000000		ESSChanceMainCaveCricket	5.000000		ESSChanceSubCaveCricket	5.000000																																																		0	0	0	None	0	000045D0:RegionMTRLocation:Ash Heap	0.000000	1.000000	
002EE56B	SubRegionMountainRemoval07Location	The Ash Heap	3	0001CA8B:LocRegionMTR:KYWD	003A404E:LocTypeSubRegion:KYWD	003CD32C:EMSAllowLoadedReRoll:KYWD											30	ESSChanceMainGhouls	5.000000		ESSChanceMainScorched	10.000000		ESSChanceMainRobots	5.000000		ESSChanceSubGhoul	5.000000		ESSChanceSubRobots	5.000000		ESSChanceSubScorched	10.000000		ESSChanceMainSuperMutants	5.000000		ESSChanceSubSuperMutants	5.000000		ESSChanceMainLiberators	5.000000		ESSChanceMainViciousDog	5.000000		ESSChanceMainMolerats	10.000000		ESSChanceMainRats	5.000000		ESSChanceMainYaoGuaiLARGE	5.000000		ESSChanceSubLiberators	5.000000		ESSChanceMainMoleMiner	15.000000		ESSChanceSubViciousDog	5.000000		ESSChanceSubDeathclawGIANTONLY	0.000000		ESSChanceSubMolerats	10.000000		ESSChanceSubRats	5.000000		ESSChanceSubScorpionsLARGE	5.000000		ESSChanceSubYaoGuaiLARGE	5.000000		ESSChanceSubMoleMiners	15.000000		ESSChanceCritterAFirefly	5.000000		ESSChanceCritterAOpposum	5.000000		ESSChanceCritterBFirefly	5.000000		ESSChanceCritterBOpposum	5.000000		ESSChanceMainBloatfly	5.000000		ESSChanceSubBloatfly	5.000000		ESSChanceMainCaveCricket	5.000000		ESSChanceSubCaveCricket	5.000000																																												0	0	0	None	0	000045D0:RegionMTRLocation:Ash Heap	0.000000	1.000000	
002F7067	SubRegionMountains01Location	Savage Divide	3	001789F7:LocRegionMountain:KYWD	003A404E:LocTypeSubRegion:KYWD	003CD32C:EMSAllowLoadedReRoll:KYWD											41	ESSChanceMainGhouls	5.000000		ESSChanceMainInsects	5.000000		ESSChanceMainScorched	5.000000		ESSChanceSubGhoul	5.000000		ESSChanceSubInsect	5.000000		ESSChanceSubScorched	5.000000		ESSChanceMainSuperMutants	15.000000		ESSChanceSubSuperMutants	10.000000		ESSChanceMainLiberators	5.000000		ESSChanceMainViciousDog	5.000000		ESSChanceMainMolerats	5.000000		ESSChanceMainRats	5.000000		ESSChanceMainScorpionsLARGE	5.000000		ESSChanceMainYaoGuaiLARGE	5.000000		ESSChanceSubLiberators	5.000000		ESSChanceSubViciousDog	5.000000		ESSChanceSubDeathclawGIANTONLY	5.000000		ESSChanceSubMolerats	5.000000		ESSChanceSubRats	5.000000		ESSChanceSubScorpionsLARGE	5.000000		ESSChanceSubYaoGuaiLARGE	5.000000		ESSChanceMainWolf	10.000000		ESSChanceSubWolf	10.000000		ESSChanceCritterABeaver	5.000000		ESSChanceCritterAChicken	5.000000		ESSChanceCritterAFirefly	5.000000		ESSChanceCritterAFox	5.000000		ESSChanceCritterAOpposum	5.000000		ESSChanceCritterARabbit	5.000000		ESSChanceCritterARadFrog	5.000000		ESSChanceCritterARadStag	15.000000		ESSChanceCritterASquirrel	5.000000		ESSChanceCritterBBeaver	5.000000		ESSChanceCritterBChicken	5.000000		ESSChanceCritterBFirefly	5.000000		ESSChanceCritterBFox	5.000000		ESSChanceCritterBOpposum	5.000000		ESSChanceCritterBRabbit	5.000000		ESSChanceCritterBRadFrog	5.000000		ESSChanceCritterBRadStag	15.000000		ESSChanceCritterBSquirrel	5.000000											0	0	0	None	0	001789F8:RegionMountainLocation:Savage Divide	0.000000	1.000000	
002F7068	SubRegionSwamp01Location	Mire	3	0001CA8C:LocRegionSwampForest:KYWD	003A404E:LocTypeSubRegion:KYWD	003CD32C:EMSAllowLoadedReRoll:KYWD											44	ESSChanceMainGhouls	5.000000		ESSChanceMainScorched	5.000000		ESSChanceMainMirelurks	5.000000		ESSChanceSubGhoul	5.000000		ESSChanceSubMirelurks	5.000000		ESSChanceSubScorched	5.000000		ESSChanceMainSuperMutants	5.000000		ESSChanceSubSuperMutants	5.000000		ESSChanceMainLiberators	5.000000		ESSChanceMainYaoGuaiLARGE	5.000000		ESSChanceSubLiberators	5.000000		ESSChanceSubMegaslothGIANTONLY	5.000000		ESSChanceSubYaoGuaiLARGE	5.000000		EMSChanceVariantNormal	45.000000		EMSChanceVariantScorched	5.000000		ESSChanceCritterABeaver	5.000000		ESSChanceCritterAChicken	5.000000		ESSChanceCritterAFirefly	15.000000		ESSChanceCritterAFox	5.000000		ESSChanceCritterAOpposum	5.000000		ESSChanceCritterARadFrog	10.000000		ESSChanceCritterARadStag	10.000000		ESSChanceCritterASquirrel	5.000000		ESSChanceCritterBBeaver	5.000000		ESSChanceCritterBChicken	5.000000		ESSChanceCritterBFirefly	15.000000		ESSChanceCritterBFox	5.000000		ESSChanceCritterBOpposum	5.000000		ESSChanceCritterBRadFrog	10.000000		ESSChanceCritterBRadStag	10.000000		ESSChanceCritterBSquirrel	5.000000		ESSChanceMainBloodbug	5.000000		ESSChanceSubBloodbug	5.000000		ESSChanceSubStingwingLARGE	5.000000		ESSChanceMainGulperLARGE	5.000000		ESSChanceMainAnglerLARGE	5.000000		ESSChanceMainFogCrawlerLARGE	5.000000		ESSChanceMainToadLARGE	5.000000		ESSChanceSubAnglerLARGE	5.000000		ESSChanceSubFogCrawlerLARGE	5.000000		ESSChanceSubGulperLARGE	5.000000		ESSChanceSubToadLARGE	5.000000		ESSChanceMainCaveCricket	5.000000		ESSChanceSubCaveCricket	5.000000		0	0	0	None	0	000045E1:RegionSwampForestLocation:The Mire	0.000000	1.000000	
002F7069	SubRegionSwamp02Location	Mire	2	0001CA8C:LocRegionSwampForest:KYWD	003A404E:LocTypeSubRegion:KYWD												44	ESSChanceMainGhouls	5.000000		ESSChanceMainScorched	5.000000		ESSChanceMainMirelurks	5.000000		ESSChanceSubGhoul	5.000000		ESSChanceSubMirelurks	5.000000		ESSChanceSubScorched	5.000000		ESSChanceMainSuperMutants	5.000000		ESSChanceSubSuperMutants	5.000000		ESSChanceMainLiberators	5.000000		ESSChanceMainYaoGuaiLARGE	5.000000		ESSChanceSubLiberators	5.000000		ESSChanceSubMegaslothGIANTONLY	5.000000		ESSChanceSubYaoGuaiLARGE	5.000000		EMSChanceVariantNormal	45.000000		EMSChanceVariantScorched	5.000000		ESSChanceCritterABeaver	5.000000		ESSChanceCritterAChicken	5.000000		ESSChanceCritterAFirefly	15.000000		ESSChanceCritterAFox	5.000000		ESSChanceCritterAOpposum	5.000000		ESSChanceCritterARadFrog	10.000000		ESSChanceCritterARadStag	10.000000		ESSChanceCritterASquirrel	5.000000		ESSChanceCritterBBeaver	5.000000		ESSChanceCritterBChicken	5.000000		ESSChanceCritterBFirefly	15.000000		ESSChanceCritterBFox	5.000000		ESSChanceCritterBOpposum	5.000000		ESSChanceCritterBRadFrog	10.000000		ESSChanceCritterBRadStag	10.000000		ESSChanceCritterBSquirrel	5.000000		ESSChanceMainBloodbug	5.000000		ESSChanceSubBloodbug	5.000000		ESSChanceSubStingwingLARGE	5.000000		ESSChanceMainGulperLARGE	5.000000		ESSChanceMainAnglerLARGE	5.000000		ESSChanceMainFogCrawlerLARGE	5.000000		ESSChanceMainToadLARGE	5.000000		ESSChanceSubAnglerLARGE	5.000000		ESSChanceSubFogCrawlerLARGE	5.000000		ESSChanceSubGulperLARGE	5.000000		ESSChanceSubToadLARGE	5.000000		ESSChanceMainCaveCricket	5.000000		ESSChanceSubCaveCricket	5.000000		0	0	0	None	0	000045E1:RegionSwampForestLocation:The Mire	0.000000	1.000000	
002F706A	SubRegionSwamp03Location	Mire	3	0001CA8C:LocRegionSwampForest:KYWD	003A404E:LocTypeSubRegion:KYWD	003CD32C:EMSAllowLoadedReRoll:KYWD											44	ESSChanceMainGhouls	5.000000		ESSChanceMainScorched	5.000000		ESSChanceMainMirelurks	5.000000		ESSChanceSubGhoul	5.000000		ESSChanceSubMirelurks	5.000000		ESSChanceSubScorched	5.000000		ESSChanceMainSuperMutants	5.000000		ESSChanceSubSuperMutants	5.000000		ESSChanceMainLiberators	5.000000		ESSChanceMainYaoGuaiLARGE	5.000000		ESSChanceSubLiberators	5.000000		ESSChanceSubMegaslothGIANTONLY	5.000000		ESSChanceSubYaoGuaiLARGE	5.000000		EMSChanceVariantNormal	45.000000		EMSChanceVariantScorched	5.000000		ESSChanceCritterABeaver	5.000000		ESSChanceCritterAChicken	5.000000		ESSChanceCritterAFirefly	15.000000		ESSChanceCritterAFox	5.000000		ESSChanceCritterAOpposum	5.000000		ESSChanceCritterARadFrog	10.000000		ESSChanceCritterARadStag	10.000000		ESSChanceCritterASquirrel	5.000000		ESSChanceCritterBBeaver	5.000000		ESSChanceCritterBChicken	5.000000		ESSChanceCritterBFirefly	15.000000		ESSChanceCritterBFox	5.000000		ESSChanceCritterBOpposum	5.000000		ESSChanceCritterBRadFrog	10.000000		ESSChanceCritterBRadStag	10.000000		ESSChanceCritterBSquirrel	5.000000		ESSChanceMainBloodbug	5.000000		ESSChanceSubBloodbug	5.000000		ESSChanceSubStingwingLARGE	5.000000		ESSChanceMainGulperLARGE	5.000000		ESSChanceMainAnglerLARGE	5.000000		ESSChanceMainFogCrawlerLARGE	5.000000		ESSChanceMainToadLARGE	5.000000		ESSChanceSubAnglerLARGE	5.000000		ESSChanceSubFogCrawlerLARGE	5.000000		ESSChanceSubGulperLARGE	5.000000		ESSChanceSubToadLARGE	5.000000		ESSChanceMainCaveCricket	5.000000		ESSChanceSubCaveCricket	5.000000		0	0	0	None	0	000045E1:RegionSwampForestLocation:The Mire	0.000000	1.000000	
002F706B	SubRegionSwamp04Location	Mire	3	0001CA8C:LocRegionSwampForest:KYWD	003A404E:LocTypeSubRegion:KYWD	003CD32C:EMSAllowLoadedReRoll:KYWD											44	ESSChanceMainGhouls	5.000000		ESSChanceMainScorched	5.000000		ESSChanceMainMirelurks	5.000000		ESSChanceSubGhoul	5.000000		ESSChanceSubMirelurks	5.000000		ESSChanceSubScorched	5.000000		ESSChanceMainSuperMutants	5.000000		ESSChanceSubSuperMutants	5.000000		ESSChanceMainLiberators	5.000000		ESSChanceMainYaoGuaiLARGE	5.000000		ESSChanceSubLiberators	5.000000		ESSChanceSubMegaslothGIANTONLY	5.000000		ESSChanceSubYaoGuaiLARGE	5.000000		EMSChanceVariantNormal	45.000000		EMSChanceVariantScorched	5.000000		ESSChanceCritterABeaver	5.000000		ESSChanceCritterAChicken	5.000000		ESSChanceCritterAFirefly	15.000000		ESSChanceCritterAFox	5.000000		ESSChanceCritterAOpposum	5.000000		ESSChanceCritterARadFrog	10.000000		ESSChanceCritterARadStag	10.000000		ESSChanceCritterASquirrel	5.000000		ESSChanceCritterBBeaver	5.000000		ESSChanceCritterBChicken	5.000000		ESSChanceCritterBFirefly	15.000000		ESSChanceCritterBFox	5.000000		ESSChanceCritterBOpposum	5.000000		ESSChanceCritterBRadFrog	10.000000		ESSChanceCritterBRadStag	10.000000		ESSChanceCritterBSquirrel	5.000000		ESSChanceMainBloodbug	5.000000		ESSChanceSubBloodbug	5.000000		ESSChanceSubStingwingLARGE	5.000000		ESSChanceMainGulperLARGE	5.000000		ESSChanceMainAnglerLARGE	5.000000		ESSChanceMainFogCrawlerLARGE	5.000000		ESSChanceMainToadLARGE	5.000000		ESSChanceSubAnglerLARGE	5.000000		ESSChanceSubFogCrawlerLARGE	5.000000		ESSChanceSubGulperLARGE	5.000000		ESSChanceSubToadLARGE	5.000000		ESSChanceMainCaveCricket	5.000000		ESSChanceSubCaveCricket	5.000000		0	0	0	None	0	000045E1:RegionSwampForestLocation:The Mire	0.000000	1.000000	
002F706C	SubRegionSwamp05Location	Mire	2	0001CA8C:LocRegionSwampForest:KYWD	003A404E:LocTypeSubRegion:KYWD												44	ESSChanceMainGhouls	5.000000		ESSChanceMainScorched	5.000000		ESSChanceMainMirelurks	5.000000		ESSChanceSubGhoul	5.000000		ESSChanceSubMirelurks	5.000000		ESSChanceSubScorched	5.000000		ESSChanceMainSuperMutants	5.000000		ESSChanceSubSuperMutants	5.000000		ESSChanceMainLiberators	5.000000		ESSChanceMainYaoGuaiLARGE	5.000000		ESSChanceSubLiberators	5.000000		ESSChanceSubMegaslothGIANTONLY	5.000000		ESSChanceSubYaoGuaiLARGE	5.000000		EMSChanceVariantNormal	45.000000		EMSChanceVariantScorched	5.000000		ESSChanceCritterABeaver	5.000000		ESSChanceCritterAChicken	5.000000		ESSChanceCritterAFirefly	15.000000		ESSChanceCritterAFox	5.000000		ESSChanceCritterAOpposum	5.000000		ESSChanceCritterARadFrog	10.000000		ESSChanceCritterARadStag	10.000000		ESSChanceCritterASquirrel	5.000000		ESSChanceCritterBBeaver	5.000000		ESSChanceCritterBChicken	5.000000		ESSChanceCritterBFirefly	15.000000		ESSChanceCritterBFox	5.000000		ESSChanceCritterBOpposum	5.000000		ESSChanceCritterBRadFrog	10.000000		ESSChanceCritterBRadStag	10.000000		ESSChanceCritterBSquirrel	5.000000		ESSChanceMainBloodbug	5.000000		ESSChanceSubBloodbug	5.000000		ESSChanceSubStingwingLARGE	5.000000		ESSChanceMainGulperLARGE	5.000000		ESSChanceMainAnglerLARGE	5.000000		ESSChanceMainFogCrawlerLARGE	5.000000		ESSChanceMainToadLARGE	5.000000		ESSChanceSubAnglerLARGE	5.000000		ESSChanceSubFogCrawlerLARGE	5.000000		ESSChanceSubGulperLARGE	5.000000		ESSChanceSubToadLARGE	5.000000		ESSChanceMainCaveCricket	5.000000		ESSChanceSubCaveCricket	5.000000		0	0	0	None	0	000045E1:RegionSwampForestLocation:The Mire	0.000000	1.000000	
002F706D	SubRegionSwamp06Location	Mire	3	0001CA8C:LocRegionSwampForest:KYWD	003A404E:LocTypeSubRegion:KYWD	003CD32C:EMSAllowLoadedReRoll:KYWD											40	ESSChanceMainGhouls	5.000000		ESSChanceMainScorched	5.000000		ESSChanceMainMirelurks	5.000000		ESSChanceSubGhoul	5.000000		ESSChanceSubMirelurks	5.000000		ESSChanceSubScorched	5.000000		ESSChanceMainSuperMutants	5.000000		ESSChanceSubSuperMutants	5.000000		ESSChanceMainLiberators	5.000000		ESSChanceSubLiberators	5.000000		ESSChanceSubMegaslothGIANTONLY	5.000000		EMSChanceVariantNormal	45.000000		EMSChanceVariantScorched	5.000000		ESSChanceCritterABeaver	5.000000		ESSChanceCritterAChicken	5.000000		ESSChanceCritterAFirefly	15.000000		ESSChanceCritterAFox	5.000000		ESSChanceCritterAOpposum	5.000000		ESSChanceCritterARadFrog	10.000000		ESSChanceCritterARadStag	10.000000		ESSChanceCritterASquirrel	5.000000		ESSChanceCritterBBeaver	5.000000		ESSChanceCritterBChicken	5.000000		ESSChanceCritterBFirefly	15.000000		ESSChanceCritterBFox	5.000000		ESSChanceCritterBOpposum	5.000000		ESSChanceCritterBRadFrog	10.000000		ESSChanceCritterBRadStag	10.000000		ESSChanceCritterBSquirrel	5.000000		ESSChanceMainBloodbug	5.000000		ESSChanceSubBloodbug	5.000000		ESSChanceSubStingwingLARGE	5.000000		ESSChanceMainAnglerLARGE	5.000000		ESSChanceMainToadLARGE	5.000000		ESSChanceSubAnglerLARGE	5.000000		ESSChanceSubFogCrawlerLARGE	5.000000		ESSChanceSubGulperLARGE	5.000000		ESSChanceSubToadLARGE	5.000000		ESSChanceMainCaveCricket	5.000000		ESSChanceSubCaveCricket	5.000000														0	0	0	None	0	000045E1:RegionSwampForestLocation:The Mire	0.000000	1.000000	
002F706E	SubRegionSwamp07Location	Mire	3	0001CA8C:LocRegionSwampForest:KYWD	003A404E:LocTypeSubRegion:KYWD	003CD32C:EMSAllowLoadedReRoll:KYWD											40	ESSChanceMainGhouls	5.000000		ESSChanceMainScorched	5.000000		ESSChanceMainMirelurks	5.000000		ESSChanceSubGhoul	5.000000		ESSChanceSubMirelurks	5.000000		ESSChanceSubScorched	5.000000		ESSChanceMainSuperMutants	5.000000		ESSChanceSubSuperMutants	5.000000		ESSChanceMainLiberators	5.000000		ESSChanceSubLiberators	5.000000		ESSChanceSubMegaslothGIANTONLY	5.000000		EMSChanceVariantNormal	45.000000		EMSChanceVariantScorched	5.000000		ESSChanceCritterABeaver	5.000000		ESSChanceCritterAChicken	5.000000		ESSChanceCritterAFirefly	15.000000		ESSChanceCritterAFox	5.000000		ESSChanceCritterAOpposum	5.000000		ESSChanceCritterARadFrog	10.000000		ESSChanceCritterARadStag	10.000000		ESSChanceCritterASquirrel	5.000000		ESSChanceCritterBBeaver	5.000000		ESSChanceCritterBChicken	5.000000		ESSChanceCritterBFirefly	15.000000		ESSChanceCritterBFox	5.000000		ESSChanceCritterBOpposum	5.000000		ESSChanceCritterBRadFrog	10.000000		ESSChanceCritterBRadStag	10.000000		ESSChanceCritterBSquirrel	5.000000		ESSChanceMainBloodbug	5.000000		ESSChanceSubBloodbug	5.000000		ESSChanceSubStingwingLARGE	5.000000		ESSChanceMainAnglerLARGE	5.000000		ESSChanceMainToadLARGE	5.000000		ESSChanceSubAnglerLARGE	5.000000		ESSChanceSubFogCrawlerLARGE	5.000000		ESSChanceSubGulperLARGE	5.000000		ESSChanceSubToadLARGE	5.000000		ESSChanceMainCaveCricket	5.000000		ESSChanceSubCaveCricket	5.000000														0	0	0	None	0	000045E1:RegionSwampForestLocation:The Mire	0.000000	1.000000	
002F706F	SubRegionSwamp08Location	Mire	3	0001CA8C:LocRegionSwampForest:KYWD	003A404E:LocTypeSubRegion:KYWD	003CD32C:EMSAllowLoadedReRoll:KYWD											44	ESSChanceMainGhouls	5.000000		ESSChanceMainScorched	5.000000		ESSChanceMainMirelurks	5.000000		ESSChanceSubGhoul	5.000000		ESSChanceSubMirelurks	5.000000		ESSChanceSubScorched	5.000000		ESSChanceMainSuperMutants	5.000000		ESSChanceSubSuperMutants	5.000000		ESSChanceMainLiberators	5.000000		ESSChanceMainYaoGuaiLARGE	5.000000		ESSChanceSubLiberators	5.000000		ESSChanceSubMegaslothGIANTONLY	5.000000		ESSChanceSubYaoGuaiLARGE	5.000000		EMSChanceVariantNormal	45.000000		EMSChanceVariantScorched	5.000000		ESSChanceCritterABeaver	5.000000		ESSChanceCritterAChicken	5.000000		ESSChanceCritterAFirefly	15.000000		ESSChanceCritterAFox	5.000000		ESSChanceCritterAOpposum	5.000000		ESSChanceCritterARadFrog	10.000000		ESSChanceCritterARadStag	10.000000		ESSChanceCritterASquirrel	5.000000		ESSChanceCritterBBeaver	5.000000		ESSChanceCritterBChicken	5.000000		ESSChanceCritterBFirefly	15.000000		ESSChanceCritterBFox	5.000000		ESSChanceCritterBOpposum	5.000000		ESSChanceCritterBRadFrog	10.000000		ESSChanceCritterBRadStag	10.000000		ESSChanceCritterBSquirrel	5.000000		ESSChanceMainBloodbug	5.000000		ESSChanceSubBloodbug	5.000000		ESSChanceSubStingwingLARGE	5.000000		ESSChanceMainGulperLARGE	5.000000		ESSChanceMainAnglerLARGE	5.000000		ESSChanceMainFogCrawlerLARGE	5.000000		ESSChanceMainToadLARGE	5.000000		ESSChanceSubAnglerLARGE	5.000000		ESSChanceSubFogCrawlerLARGE	5.000000		ESSChanceSubGulperLARGE	5.000000		ESSChanceSubToadLARGE	5.000000		ESSChanceMainCaveCricket	5.000000		ESSChanceSubCaveCricket	5.000000		0	0	0	None	0	000045E1:RegionSwampForestLocation:The Mire	0.000000	1.000000	
002F7070	SubRegionSwamp09Location	Mire	3	0001CA8C:LocRegionSwampForest:KYWD	003A404E:LocTypeSubRegion:KYWD	003CD32C:EMSAllowLoadedReRoll:KYWD											40	ESSChanceMainGhouls	5.000000		ESSChanceMainScorched	5.000000		ESSChanceMainMirelurks	5.000000		ESSChanceSubGhoul	5.000000		ESSChanceSubMirelurks	5.000000		ESSChanceSubScorched	5.000000		ESSChanceMainSuperMutants	5.000000		ESSChanceSubSuperMutants	5.000000		ESSChanceMainLiberators	5.000000		ESSChanceSubLiberators	5.000000		ESSChanceSubMegaslothGIANTONLY	5.000000		EMSChanceVariantNormal	45.000000		EMSChanceVariantScorched	5.000000		ESSChanceCritterABeaver	5.000000		ESSChanceCritterAChicken	5.000000		ESSChanceCritterAFirefly	15.000000		ESSChanceCritterAFox	5.000000		ESSChanceCritterAOpposum	5.000000		ESSChanceCritterARadFrog	10.000000		ESSChanceCritterARadStag	10.000000		ESSChanceCritterASquirrel	5.000000		ESSChanceCritterBBeaver	5.000000		ESSChanceCritterBChicken	5.000000		ESSChanceCritterBFirefly	15.000000		ESSChanceCritterBFox	5.000000		ESSChanceCritterBOpposum	5.000000		ESSChanceCritterBRadFrog	10.000000		ESSChanceCritterBRadStag	10.000000		ESSChanceCritterBSquirrel	5.000000		ESSChanceMainBloodbug	5.000000		ESSChanceSubBloodbug	5.000000		ESSChanceSubStingwingLARGE	5.000000		ESSChanceMainAnglerLARGE	5.000000		ESSChanceMainToadLARGE	5.000000		ESSChanceSubAnglerLARGE	5.000000		ESSChanceSubFogCrawlerLARGE	5.000000		ESSChanceSubGulperLARGE	5.000000		ESSChanceSubToadLARGE	5.000000		ESSChanceMainCaveCricket	5.000000		ESSChanceSubCaveCricket	5.000000														0	0	0	None	0	000045E1:RegionSwampForestLocation:The Mire	0.000000	1.000000	
002F7071	SubRegionSwamp10Location	Mire	3	0001CA8C:LocRegionSwampForest:KYWD	003A404E:LocTypeSubRegion:KYWD	003CD32C:EMSAllowLoadedReRoll:KYWD											40	ESSChanceMainGhouls	5.000000		ESSChanceMainScorched	5.000000		ESSChanceMainMirelurks	5.000000		ESSChanceSubGhoul	5.000000		ESSChanceSubMirelurks	5.000000		ESSChanceSubScorched	5.000000		ESSChanceMainSuperMutants	5.000000		ESSChanceSubSuperMutants	5.000000		ESSChanceMainLiberators	5.000000		ESSChanceSubLiberators	5.000000		ESSChanceSubMegaslothGIANTONLY	5.000000		EMSChanceVariantNormal	45.000000		EMSChanceVariantScorched	5.000000		ESSChanceCritterABeaver	5.000000		ESSChanceCritterAChicken	5.000000		ESSChanceCritterAFirefly	15.000000		ESSChanceCritterAFox	5.000000		ESSChanceCritterAOpposum	5.000000		ESSChanceCritterARadFrog	10.000000		ESSChanceCritterARadStag	10.000000		ESSChanceCritterASquirrel	5.000000		ESSChanceCritterBBeaver	5.000000		ESSChanceCritterBChicken	5.000000		ESSChanceCritterBFirefly	15.000000		ESSChanceCritterBFox	5.000000		ESSChanceCritterBOpposum	5.000000		ESSChanceCritterBRadFrog	10.000000		ESSChanceCritterBRadStag	10.000000		ESSChanceCritterBSquirrel	5.000000		ESSChanceMainBloodbug	5.000000		ESSChanceSubBloodbug	5.000000		ESSChanceSubStingwingLARGE	5.000000		ESSChanceMainAnglerLARGE	5.000000		ESSChanceMainToadLARGE	5.000000		ESSChanceSubAnglerLARGE	5.000000		ESSChanceSubFogCrawlerLARGE	5.000000		ESSChanceSubGulperLARGE	5.000000		ESSChanceSubToadLARGE	5.000000		ESSChanceMainCaveCricket	5.000000		ESSChanceSubCaveCricket	5.000000														0	0	0	None	0	000045E1:RegionSwampForestLocation:The Mire	0.000000	1.000000	
002F7072	SubRegionSwamp11Location	Mire	3	0001CA8C:LocRegionSwampForest:KYWD	003A404E:LocTypeSubRegion:KYWD	003CD32C:EMSAllowLoadedReRoll:KYWD											40	ESSChanceMainGhouls	5.000000		ESSChanceMainScorched	5.000000		ESSChanceMainMirelurks	5.000000		ESSChanceSubGhoul	5.000000		ESSChanceSubMirelurks	5.000000		ESSChanceSubScorched	5.000000		ESSChanceMainSuperMutants	5.000000		ESSChanceSubSuperMutants	5.000000		ESSChanceMainLiberators	5.000000		ESSChanceSubLiberators	5.000000		ESSChanceSubMegaslothGIANTONLY	5.000000		EMSChanceVariantNormal	45.000000		EMSChanceVariantScorched	5.000000		ESSChanceCritterABeaver	5.000000		ESSChanceCritterAChicken	5.000000		ESSChanceCritterAFirefly	15.000000		ESSChanceCritterAFox	5.000000		ESSChanceCritterAOpposum	5.000000		ESSChanceCritterARadFrog	10.000000		ESSChanceCritterARadStag	10.000000		ESSChanceCritterASquirrel	5.000000		ESSChanceCritterBBeaver	5.000000		ESSChanceCritterBChicken	5.000000		ESSChanceCritterBFirefly	15.000000		ESSChanceCritterBFox	5.000000		ESSChanceCritterBOpposum	5.000000		ESSChanceCritterBRadFrog	10.000000		ESSChanceCritterBRadStag	10.000000		ESSChanceCritterBSquirrel	5.000000		ESSChanceMainBloodbug	5.000000		ESSChanceSubBloodbug	5.000000		ESSChanceSubStingwingLARGE	5.000000		ESSChanceMainAnglerLARGE	5.000000		ESSChanceMainToadLARGE	5.000000		ESSChanceSubAnglerLARGE	5.000000		ESSChanceSubFogCrawlerLARGE	5.000000		ESSChanceSubGulperLARGE	5.000000		ESSChanceSubToadLARGE	5.000000		ESSChanceMainCaveCricket	5.000000		ESSChanceSubCaveCricket	5.000000														0	0	0	None	0	000045E1:RegionSwampForestLocation:The Mire	0.000000	1.000000	
002F707C	SubRegionToxicValley01Location	Toxic Valley	3	00088AAB:LocRegionToxicValley:KYWD	003A404E:LocTypeSubRegion:KYWD	003CD32C:EMSAllowLoadedReRoll:KYWD											29	ESSChanceMainGhouls	5.000000		ESSChanceMainInsects	10.000000		ESSChanceMainMirelurks	10.000000		ESSChanceSubGhoul	5.000000		ESSChanceSubInsect	10.000000		ESSChanceSubMirelurks	10.000000		ESSChanceSubScorched	5.000000		ESSChanceMainSuperMutants	5.000000		ESSChanceSubSuperMutants	5.000000		ESSChanceMainMolerats	5.000000		ESSChanceMainRats	5.000000		ESSChanceMainScorpionsLARGE	5.000000		ESSChanceSubMolerats	5.000000		ESSChanceSubRats	5.000000		ESSChanceCritterABeaver	5.000000		ESSChanceCritterAFirefly	5.000000		ESSChanceCritterAOpposum	5.000000		ESSChanceCritterARadFrog	5.000000		ESSChanceCritterARadStag	15.000000		ESSChanceCritterASquirrel	5.000000		ESSChanceCritterBBeaver	5.000000		ESSChanceCritterBFirefly	5.000000		ESSChanceCritterBOpposum	5.000000		ESSChanceCritterBRadFrog	5.000000		ESSChanceCritterBRadStag	15.000000		ESSChanceCritterBSquirrel	5.000000		ESSChanceMainAnglerLARGE	10.000000		ESSChanceSubAnglerLARGE	10.000000		ESSChanceSubGulperLARGE	10.000000																																															0	0	0	None	0	00088ABA:RegionToxicValleyLocation:Toxic Valley	0.000000	1.000000	
002F707D	SubRegionToxicValley02Location	Toxic Valley	3	00088AAB:LocRegionToxicValley:KYWD	003A404E:LocTypeSubRegion:KYWD	003CD32C:EMSAllowLoadedReRoll:KYWD											29	ESSChanceMainGhouls	5.000000		ESSChanceMainInsects	10.000000		ESSChanceMainMirelurks	10.000000		ESSChanceSubGhoul	5.000000		ESSChanceSubInsect	10.000000		ESSChanceSubMirelurks	10.000000		ESSChanceSubScorched	5.000000		ESSChanceMainSuperMutants	5.000000		ESSChanceSubSuperMutants	5.000000		ESSChanceMainMolerats	5.000000		ESSChanceMainRats	5.000000		ESSChanceMainScorpionsLARGE	5.000000		ESSChanceSubMolerats	5.000000		ESSChanceSubRats	5.000000		ESSChanceCritterABeaver	5.000000		ESSChanceCritterAFirefly	5.000000		ESSChanceCritterAOpposum	5.000000		ESSChanceCritterARadFrog	5.000000		ESSChanceCritterARadStag	15.000000		ESSChanceCritterASquirrel	5.000000		ESSChanceCritterBBeaver	5.000000		ESSChanceCritterBFirefly	5.000000		ESSChanceCritterBOpposum	5.000000		ESSChanceCritterBRadFrog	5.000000		ESSChanceCritterBRadStag	15.000000		ESSChanceCritterBSquirrel	5.000000		ESSChanceMainAnglerLARGE	10.000000		ESSChanceSubAnglerLARGE	10.000000		ESSChanceSubGulperLARGE	10.000000																																															0	0	0	None	0	00088ABA:RegionToxicValleyLocation:Toxic Valley	0.000000	1.000000	
002F707E	SubRegionToxicValley03Location	Toxic Valley	3	00088AAB:LocRegionToxicValley:KYWD	003A404E:LocTypeSubRegion:KYWD	003CD32C:EMSAllowLoadedReRoll:KYWD											29	ESSChanceMainGhouls	5.000000		ESSChanceMainInsects	10.000000		ESSChanceMainMirelurks	10.000000		ESSChanceSubGhoul	5.000000		ESSChanceSubInsect	10.000000		ESSChanceSubMirelurks	10.000000		ESSChanceSubScorched	5.000000		ESSChanceMainSuperMutants	5.000000		ESSChanceSubSuperMutants	5.000000		ESSChanceMainMolerats	5.000000		ESSChanceMainRats	5.000000		ESSChanceMainScorpionsLARGE	5.000000		ESSChanceSubMolerats	5.000000		ESSChanceSubRats	5.000000		ESSChanceCritterABeaver	5.000000		ESSChanceCritterAFirefly	5.000000		ESSChanceCritterAOpposum	5.000000		ESSChanceCritterARadFrog	5.000000		ESSChanceCritterARadStag	15.000000		ESSChanceCritterASquirrel	5.000000		ESSChanceCritterBBeaver	5.000000		ESSChanceCritterBFirefly	5.000000		ESSChanceCritterBOpposum	5.000000		ESSChanceCritterBRadFrog	5.000000		ESSChanceCritterBRadStag	15.000000		ESSChanceCritterBSquirrel	5.000000		ESSChanceMainAnglerLARGE	10.000000		ESSChanceSubAnglerLARGE	10.000000		ESSChanceSubGulperLARGE	10.000000																																															0	0	0	None	0	00088ABA:RegionToxicValleyLocation:Toxic Valley	0.000000	1.000000	
002F707F	SubRegionToxicValley04Location	Toxic Valley	3	00088AAB:LocRegionToxicValley:KYWD	003A404E:LocTypeSubRegion:KYWD	003CD32C:EMSAllowLoadedReRoll:KYWD											29	ESSChanceMainGhouls	5.000000		ESSChanceMainInsects	10.000000		ESSChanceMainMirelurks	10.000000		ESSChanceSubGhoul	5.000000		ESSChanceSubInsect	10.000000		ESSChanceSubMirelurks	10.000000		ESSChanceSubScorched	5.000000		ESSChanceMainSuperMutants	5.000000		ESSChanceSubSuperMutants	5.000000		ESSChanceMainMolerats	5.000000		ESSChanceMainRats	5.000000		ESSChanceMainScorpionsLARGE	5.000000		ESSChanceSubMolerats	5.000000		ESSChanceSubRats	5.000000		ESSChanceCritterABeaver	5.000000		ESSChanceCritterAFirefly	5.000000		ESSChanceCritterAOpposum	5.000000		ESSChanceCritterARadFrog	5.000000		ESSChanceCritterARadStag	15.000000		ESSChanceCritterASquirrel	5.000000		ESSChanceCritterBBeaver	5.000000		ESSChanceCritterBFirefly	5.000000		ESSChanceCritterBOpposum	5.000000		ESSChanceCritterBRadFrog	5.000000		ESSChanceCritterBRadStag	15.000000		ESSChanceCritterBSquirrel	5.000000		ESSChanceMainAnglerLARGE	10.000000		ESSChanceSubAnglerLARGE	10.000000		ESSChanceSubGulperLARGE	10.000000																																															0	0	0	None	0	00088ABA:RegionToxicValleyLocation:Toxic Valley	0.000000	1.000000	
002F7080	SubRegionToxicValley05LocationLOW	Toxic Valley	3	00088AAB:LocRegionToxicValley:KYWD	003A404E:LocTypeSubRegion:KYWD	003CD32C:EMSAllowLoadedReRoll:KYWD											29	ESSChanceMainGhouls	5.000000		ESSChanceMainInsects	10.000000		ESSChanceMainMirelurks	10.000000		ESSChanceSubGhoul	5.000000		ESSChanceSubInsect	10.000000		ESSChanceSubMirelurks	10.000000		ESSChanceSubScorched	5.000000		ESSChanceMainSuperMutants	5.000000		ESSChanceSubSuperMutants	5.000000		ESSChanceMainMolerats	5.000000		ESSChanceMainRats	5.000000		ESSChanceMainScorpionsLARGE	5.000000		ESSChanceSubMolerats	5.000000		ESSChanceSubRats	5.000000		ESSChanceCritterABeaver	5.000000		ESSChanceCritterAFirefly	5.000000		ESSChanceCritterAOpposum	5.000000		ESSChanceCritterARadFrog	5.000000		ESSChanceCritterARadStag	15.000000		ESSChanceCritterASquirrel	5.000000		ESSChanceCritterBBeaver	5.000000		ESSChanceCritterBFirefly	5.000000		ESSChanceCritterBOpposum	5.000000		ESSChanceCritterBRadFrog	5.000000		ESSChanceCritterBRadStag	15.000000		ESSChanceCritterBSquirrel	5.000000		ESSChanceMainAnglerLARGE	10.000000		ESSChanceSubAnglerLARGE	10.000000		ESSChanceSubGulperLARGE	10.000000																																															0	0	10	None	15	00088ABA:RegionToxicValleyLocation:Toxic Valley	0.000000	1.000000	
002F7081	SubRegionToxicValley06LocationLOW	Toxic Valley	3	00088AAB:LocRegionToxicValley:KYWD	003A404E:LocTypeSubRegion:KYWD	003CD32C:EMSAllowLoadedReRoll:KYWD											29	ESSChanceMainGhouls	5.000000		ESSChanceMainInsects	10.000000		ESSChanceMainMirelurks	10.000000		ESSChanceSubGhoul	5.000000		ESSChanceSubInsect	10.000000		ESSChanceSubMirelurks	10.000000		ESSChanceSubScorched	5.000000		ESSChanceMainSuperMutants	5.000000		ESSChanceSubSuperMutants	5.000000		ESSChanceMainMolerats	5.000000		ESSChanceMainRats	5.000000		ESSChanceMainScorpionsLARGE	5.000000		ESSChanceSubMolerats	5.000000		ESSChanceSubRats	5.000000		ESSChanceCritterABeaver	5.000000		ESSChanceCritterAFirefly	5.000000		ESSChanceCritterAOpposum	5.000000		ESSChanceCritterARadFrog	5.000000		ESSChanceCritterARadStag	15.000000		ESSChanceCritterASquirrel	5.000000		ESSChanceCritterBBeaver	5.000000		ESSChanceCritterBFirefly	5.000000		ESSChanceCritterBOpposum	5.000000		ESSChanceCritterBRadFrog	5.000000		ESSChanceCritterBRadStag	15.000000		ESSChanceCritterBSquirrel	5.000000		ESSChanceMainAnglerLARGE	10.000000		ESSChanceSubAnglerLARGE	10.000000		ESSChanceSubGulperLARGE	10.000000																																															0	0	10	None	15	00088ABA:RegionToxicValleyLocation:Toxic Valley	0.000000	1.000000	
002F7082	SubRegionToxicValley07Location	Toxic Valley	3	00088AAB:LocRegionToxicValley:KYWD	003A404E:LocTypeSubRegion:KYWD	003CD32C:EMSAllowLoadedReRoll:KYWD											29	ESSChanceMainGhouls	5.000000		ESSChanceMainInsects	10.000000		ESSChanceMainMirelurks	10.000000		ESSChanceSubGhoul	5.000000		ESSChanceSubInsect	10.000000		ESSChanceSubMirelurks	10.000000		ESSChanceSubScorched	5.000000		ESSChanceMainSuperMutants	5.000000		ESSChanceSubSuperMutants	5.000000		ESSChanceMainMolerats	5.000000		ESSChanceMainRats	5.000000		ESSChanceMainScorpionsLARGE	5.000000		ESSChanceSubMolerats	5.000000		ESSChanceSubRats	5.000000		ESSChanceCritterABeaver	5.000000		ESSChanceCritterAFirefly	5.000000		ESSChanceCritterAOpposum	5.000000		ESSChanceCritterARadFrog	5.000000		ESSChanceCritterARadStag	15.000000		ESSChanceCritterASquirrel	5.000000		ESSChanceCritterBBeaver	5.000000		ESSChanceCritterBFirefly	5.000000		ESSChanceCritterBOpposum	5.000000		ESSChanceCritterBRadFrog	5.000000		ESSChanceCritterBRadStag	15.000000		ESSChanceCritterBSquirrel	5.000000		ESSChanceMainAnglerLARGE	10.000000		ESSChanceSubAnglerLARGE	10.000000		ESSChanceSubGulperLARGE	10.000000																																															0	0	0	None	0	00088ABA:RegionToxicValleyLocation:Toxic Valley	0.000000	1.000000	
002F7090	SubRegionCranberry13Location	Cranberry Bog	3	000012A1:LocRegionCranberryBog:KYWD	003A404E:LocTypeSubRegion:KYWD	003CD32C:EMSAllowLoadedReRoll:KYWD											40	ESSChanceMainGhouls	5.000000		ESSChanceMainScorched	5.000000		ESSChanceMainRobots	5.000000		ESSChanceMainMirelurks	5.000000		ESSChanceSubGhoul	5.000000		ESSChanceSubMirelurks	5.000000		ESSChanceSubRobots	5.000000		ESSChanceSubScorched	5.000000		ESSChanceMainSuperMutants	5.000000		ESSChanceSubSuperMutants	5.000000		ESSChanceMainViciousDog	5.000000		ESSChanceMainMolerats	5.000000		ESSChanceMainRats	5.000000		ESSChanceSubViciousDog	5.000000		ESSChanceSubDeathclawGIANTONLY	5.000000		ESSChanceSubMegaslothGIANTONLY	5.000000		ESSChanceSubMolerats	5.000000		ESSChanceSubRats	5.000000		EMSChanceVariantNormal	45.000000		EMSChanceVariantScorched	5.000000		ESSChanceCritterABeaver	15.000000		ESSChanceCritterAFirefly	10.000000		ESSChanceCritterAFox	5.000000		ESSChanceCritterAOpposum	5.000000		ESSChanceCritterARabbit	5.000000		ESSChanceCritterARadFrog	10.000000		ESSChanceCritterARadStag	5.000000		ESSChanceCritterASquirrel	5.000000		ESSChanceCritterBBeaver	15.000000		ESSChanceCritterBFirefly	10.000000		ESSChanceCritterBFox	5.000000		ESSChanceCritterBOpposum	5.000000		ESSChanceCritterBRabbit	5.000000		ESSChanceCritterBRadFrog	10.000000		ESSChanceCritterBRadStag	5.000000		ESSChanceCritterBSquirrel	5.000000		ESSChanceMainGulperLARGE	5.000000		ESSChanceSubGulperLARGE	5.000000		ESSChanceMainCaveCricket	5.000000		ESSChanceSubCaveCricket	5.000000														0	0	0	None	0	000012A2:RegionCranberryBogLocation:Cranberry Bog	0.000000	1.000000	
002F7091	SubRegionCranberry14Location	Cranberry Bog	3	000012A1:LocRegionCranberryBog:KYWD	003A404E:LocTypeSubRegion:KYWD	003CD32C:EMSAllowLoadedReRoll:KYWD											44	ESSChanceMainGhouls	5.000000		ESSChanceMainScorched	5.000000		ESSChanceMainRobots	5.000000		ESSChanceMainMirelurks	5.000000		ESSChanceSubGhoul	5.000000		ESSChanceSubMirelurks	5.000000		ESSChanceSubRobots	5.000000		ESSChanceSubScorched	5.000000		ESSChanceMainSuperMutants	5.000000		ESSChanceSubSuperMutants	5.000000		ESSChanceMainViciousDog	5.000000		ESSChanceMainMolerats	5.000000		ESSChanceMainRats	5.000000		ESSChanceMainYaoGuaiLARGE	5.000000		ESSChanceSubViciousDog	5.000000		ESSChanceSubDeathclawGIANTONLY	5.000000		ESSChanceSubMegaslothGIANTONLY	5.000000		ESSChanceSubMolerats	5.000000		ESSChanceSubRats	5.000000		ESSChanceSubYaoGuaiLARGE	5.000000		EMSChanceVariantNormal	45.000000		EMSChanceVariantScorched	5.000000		ESSChanceCritterABeaver	15.000000		ESSChanceCritterAFirefly	10.000000		ESSChanceCritterAFox	5.000000		ESSChanceCritterAOpposum	5.000000		ESSChanceCritterARabbit	5.000000		ESSChanceCritterARadFrog	10.000000		ESSChanceCritterARadStag	5.000000		ESSChanceCritterASquirrel	5.000000		ESSChanceCritterBBeaver	15.000000		ESSChanceCritterBFirefly	10.000000		ESSChanceCritterBFox	5.000000		ESSChanceCritterBOpposum	5.000000		ESSChanceCritterBRabbit	5.000000		ESSChanceCritterBRadFrog	10.000000		ESSChanceCritterBRadStag	5.000000		ESSChanceCritterBSquirrel	5.000000		ESSChanceMainGulperLARGE	5.000000		ESSChanceMainAnglerLARGE	5.000000		ESSChanceMainFogCrawlerLARGE	5.000000		ESSChanceSubGulperLARGE	5.000000		ESSChanceMainCaveCricket	5.000000		ESSChanceSubCaveCricket	5.000000		0	0	0	None	0	000012A2:RegionCranberryBogLocation:Cranberry Bog	0.000000	1.000000	
002F7092	SubRegionCranberry15Location	Cranberry Bog	3	000012A1:LocRegionCranberryBog:KYWD	003A404E:LocTypeSubRegion:KYWD	003CD32C:EMSAllowLoadedReRoll:KYWD											40	ESSChanceMainGhouls	5.000000		ESSChanceMainScorched	5.000000		ESSChanceMainRobots	5.000000		ESSChanceMainMirelurks	5.000000		ESSChanceSubGhoul	5.000000		ESSChanceSubMirelurks	5.000000		ESSChanceSubRobots	5.000000		ESSChanceSubScorched	5.000000		ESSChanceMainSuperMutants	5.000000		ESSChanceSubSuperMutants	5.000000		ESSChanceMainViciousDog	5.000000		ESSChanceMainMolerats	5.000000		ESSChanceMainRats	5.000000		ESSChanceSubViciousDog	5.000000		ESSChanceSubDeathclawGIANTONLY	5.000000		ESSChanceSubMegaslothGIANTONLY	5.000000		ESSChanceSubMolerats	5.000000		ESSChanceSubRats	5.000000		EMSChanceVariantNormal	45.000000		EMSChanceVariantScorched	5.000000		ESSChanceCritterABeaver	15.000000		ESSChanceCritterAFirefly	10.000000		ESSChanceCritterAFox	5.000000		ESSChanceCritterAOpposum	5.000000		ESSChanceCritterARabbit	5.000000		ESSChanceCritterARadFrog	10.000000		ESSChanceCritterARadStag	5.000000		ESSChanceCritterASquirrel	5.000000		ESSChanceCritterBBeaver	15.000000		ESSChanceCritterBFirefly	10.000000		ESSChanceCritterBFox	5.000000		ESSChanceCritterBOpposum	5.000000		ESSChanceCritterBRabbit	5.000000		ESSChanceCritterBRadFrog	10.000000		ESSChanceCritterBRadStag	5.000000		ESSChanceCritterBSquirrel	5.000000		ESSChanceMainGulperLARGE	5.000000		ESSChanceSubGulperLARGE	5.000000		ESSChanceMainCaveCricket	5.000000		ESSChanceSubCaveCricket	5.000000														0	0	0	None	0	000012A2:RegionCranberryBogLocation:Cranberry Bog	0.000000	1.000000	
002F7093	SubRegionCranberry16Location	Cranberry Bog	3	000012A1:LocRegionCranberryBog:KYWD	003A404E:LocTypeSubRegion:KYWD	003CD32C:EMSAllowLoadedReRoll:KYWD											40	ESSChanceMainGhouls	5.000000		ESSChanceMainScorched	5.000000		ESSChanceMainRobots	5.000000		ESSChanceMainMirelurks	5.000000		ESSChanceSubGhoul	5.000000		ESSChanceSubMirelurks	5.000000		ESSChanceSubRobots	5.000000		ESSChanceSubScorched	5.000000		ESSChanceMainSuperMutants	5.000000		ESSChanceSubSuperMutants	5.000000		ESSChanceMainViciousDog	5.000000		ESSChanceMainMolerats	5.000000		ESSChanceMainRats	5.000000		ESSChanceSubViciousDog	5.000000		ESSChanceSubDeathclawGIANTONLY	5.000000		ESSChanceSubMegaslothGIANTONLY	5.000000		ESSChanceSubMolerats	5.000000		ESSChanceSubRats	5.000000		EMSChanceVariantNormal	45.000000		EMSChanceVariantScorched	5.000000		ESSChanceCritterABeaver	15.000000		ESSChanceCritterAFirefly	10.000000		ESSChanceCritterAFox	5.000000		ESSChanceCritterAOpposum	5.000000		ESSChanceCritterARabbit	5.000000		ESSChanceCritterARadFrog	10.000000		ESSChanceCritterARadStag	5.000000		ESSChanceCritterASquirrel	5.000000		ESSChanceCritterBBeaver	15.000000		ESSChanceCritterBFirefly	10.000000		ESSChanceCritterBFox	5.000000		ESSChanceCritterBOpposum	5.000000		ESSChanceCritterBRabbit	5.000000		ESSChanceCritterBRadFrog	10.000000		ESSChanceCritterBRadStag	5.000000		ESSChanceCritterBSquirrel	5.000000		ESSChanceMainGulperLARGE	5.000000		ESSChanceSubGulperLARGE	5.000000		ESSChanceMainCaveCricket	5.000000		ESSChanceSubCaveCricket	5.000000														0	0	0	None	0	000012A2:RegionCranberryBogLocation:Cranberry Bog	0.000000	1.000000	
002F7094	SubRegionCranberry17Location	Cranberry Bog	3	000012A1:LocRegionCranberryBog:KYWD	003A404E:LocTypeSubRegion:KYWD	003CD32C:EMSAllowLoadedReRoll:KYWD											40	ESSChanceMainGhouls	5.000000		ESSChanceMainScorched	5.000000		ESSChanceMainRobots	5.000000		ESSChanceMainMirelurks	5.000000		ESSChanceSubGhoul	5.000000		ESSChanceSubMirelurks	5.000000		ESSChanceSubRobots	5.000000		ESSChanceSubScorched	5.000000		ESSChanceMainSuperMutants	5.000000		ESSChanceSubSuperMutants	5.000000		ESSChanceMainViciousDog	5.000000		ESSChanceMainMolerats	5.000000		ESSChanceMainRats	5.000000		ESSChanceSubViciousDog	5.000000		ESSChanceSubDeathclawGIANTONLY	5.000000		ESSChanceSubMegaslothGIANTONLY	5.000000		ESSChanceSubMolerats	5.000000		ESSChanceSubRats	5.000000		EMSChanceVariantNormal	45.000000		EMSChanceVariantScorched	5.000000		ESSChanceCritterABeaver	15.000000		ESSChanceCritterAFirefly	10.000000		ESSChanceCritterAFox	5.000000		ESSChanceCritterAOpposum	5.000000		ESSChanceCritterARabbit	5.000000		ESSChanceCritterARadFrog	10.000000		ESSChanceCritterARadStag	5.000000		ESSChanceCritterASquirrel	5.000000		ESSChanceCritterBBeaver	15.000000		ESSChanceCritterBFirefly	10.000000		ESSChanceCritterBFox	5.000000		ESSChanceCritterBOpposum	5.000000		ESSChanceCritterBRabbit	5.000000		ESSChanceCritterBRadFrog	10.000000		ESSChanceCritterBRadStag	5.000000		ESSChanceCritterBSquirrel	5.000000		ESSChanceMainGulperLARGE	5.000000		ESSChanceSubGulperLARGE	5.000000		ESSChanceMainCaveCricket	5.000000		ESSChanceSubCaveCricket	5.000000														0	0	0	None	0	000012A2:RegionCranberryBogLocation:Cranberry Bog	0.000000	1.000000	
002F70EE	SubRegionMountains02Location	Savage Divide	3	001789F7:LocRegionMountain:KYWD	003A404E:LocTypeSubRegion:KYWD	003CD32C:EMSAllowLoadedReRoll:KYWD											37	ESSChanceMainGhouls	5.000000		ESSChanceMainInsects	5.000000		ESSChanceMainScorched	5.000000		ESSChanceSubGhoul	5.000000		ESSChanceSubInsect	5.000000		ESSChanceSubScorched	5.000000		ESSChanceMainSuperMutants	15.000000		ESSChanceSubSuperMutants	10.000000		ESSChanceMainLiberators	5.000000		ESSChanceMainViciousDog	5.000000		ESSChanceMainMolerats	5.000000		ESSChanceMainRats	5.000000		ESSChanceSubLiberators	5.000000		ESSChanceSubViciousDog	5.000000		ESSChanceSubDeathclawGIANTONLY	5.000000		ESSChanceSubMolerats	5.000000		ESSChanceSubRats	5.000000		ESSChanceMainWolf	10.000000		ESSChanceSubWolf	10.000000		ESSChanceCritterABeaver	5.000000		ESSChanceCritterAChicken	5.000000		ESSChanceCritterAFirefly	5.000000		ESSChanceCritterAFox	5.000000		ESSChanceCritterAOpposum	5.000000		ESSChanceCritterARabbit	5.000000		ESSChanceCritterARadFrog	5.000000		ESSChanceCritterARadStag	15.000000		ESSChanceCritterASquirrel	5.000000		ESSChanceCritterBBeaver	5.000000		ESSChanceCritterBChicken	5.000000		ESSChanceCritterBFirefly	5.000000		ESSChanceCritterBFox	5.000000		ESSChanceCritterBOpposum	5.000000		ESSChanceCritterBRabbit	5.000000		ESSChanceCritterBRadFrog	5.000000		ESSChanceCritterBRadStag	15.000000		ESSChanceCritterBSquirrel	5.000000																							0	0	0	None	0	001789F8:RegionMountainLocation:Savage Divide	0.000000	1.000000	
002F70EF	SubRegionMountains03Location	Savage Divide	3	001789F7:LocRegionMountain:KYWD	003A404E:LocTypeSubRegion:KYWD	003CD32C:EMSAllowLoadedReRoll:KYWD											37	ESSChanceMainGhouls	5.000000		ESSChanceMainInsects	5.000000		ESSChanceMainScorched	5.000000		ESSChanceSubGhoul	5.000000		ESSChanceSubInsect	5.000000		ESSChanceSubScorched	5.000000		ESSChanceMainSuperMutants	15.000000		ESSChanceSubSuperMutants	10.000000		ESSChanceMainLiberators	5.000000		ESSChanceMainViciousDog	5.000000		ESSChanceMainMolerats	5.000000		ESSChanceMainRats	5.000000		ESSChanceSubLiberators	5.000000		ESSChanceSubViciousDog	5.000000		ESSChanceSubDeathclawGIANTONLY	5.000000		ESSChanceSubMolerats	5.000000		ESSChanceSubRats	5.000000		ESSChanceMainWolf	10.000000		ESSChanceSubWolf	10.000000		ESSChanceCritterABeaver	5.000000		ESSChanceCritterAChicken	5.000000		ESSChanceCritterAFirefly	5.000000		ESSChanceCritterAFox	5.000000		ESSChanceCritterAOpposum	5.000000		ESSChanceCritterARabbit	5.000000		ESSChanceCritterARadFrog	5.000000		ESSChanceCritterARadStag	15.000000		ESSChanceCritterASquirrel	5.000000		ESSChanceCritterBBeaver	5.000000		ESSChanceCritterBChicken	5.000000		ESSChanceCritterBFirefly	5.000000		ESSChanceCritterBFox	5.000000		ESSChanceCritterBOpposum	5.000000		ESSChanceCritterBRabbit	5.000000		ESSChanceCritterBRadFrog	5.000000		ESSChanceCritterBRadStag	15.000000		ESSChanceCritterBSquirrel	5.000000																							0	0	0	None	0	001789F8:RegionMountainLocation:Savage Divide	0.000000	1.000000	
002F70F0	SubRegionMountains04Location	Savage Divide	3	001789F7:LocRegionMountain:KYWD	003A404E:LocTypeSubRegion:KYWD	003CD32C:EMSAllowLoadedReRoll:KYWD											41	ESSChanceMainGhouls	5.000000		ESSChanceMainInsects	5.000000		ESSChanceMainScorched	5.000000		ESSChanceSubGhoul	5.000000		ESSChanceSubInsect	5.000000		ESSChanceSubScorched	5.000000		ESSChanceMainSuperMutants	15.000000		ESSChanceSubSuperMutants	10.000000		ESSChanceMainLiberators	5.000000		ESSChanceMainViciousDog	5.000000		ESSChanceMainMolerats	5.000000		ESSChanceMainRats	5.000000		ESSChanceMainScorpionsLARGE	5.000000		ESSChanceMainYaoGuaiLARGE	5.000000		ESSChanceSubLiberators	5.000000		ESSChanceSubViciousDog	5.000000		ESSChanceSubDeathclawGIANTONLY	5.000000		ESSChanceSubMolerats	5.000000		ESSChanceSubRats	5.000000		ESSChanceSubScorpionsLARGE	5.000000		ESSChanceSubYaoGuaiLARGE	5.000000		ESSChanceMainWolf	10.000000		ESSChanceSubWolf	10.000000		ESSChanceCritterABeaver	5.000000		ESSChanceCritterAChicken	5.000000		ESSChanceCritterAFirefly	5.000000		ESSChanceCritterAFox	5.000000		ESSChanceCritterAOpposum	5.000000		ESSChanceCritterARabbit	5.000000		ESSChanceCritterARadFrog	5.000000		ESSChanceCritterARadStag	15.000000		ESSChanceCritterASquirrel	5.000000		ESSChanceCritterBBeaver	5.000000		ESSChanceCritterBChicken	5.000000		ESSChanceCritterBFirefly	5.000000		ESSChanceCritterBFox	5.000000		ESSChanceCritterBOpposum	5.000000		ESSChanceCritterBRabbit	5.000000		ESSChanceCritterBRadFrog	5.000000		ESSChanceCritterBRadStag	15.000000		ESSChanceCritterBSquirrel	5.000000											0	0	0	None	0	001789F8:RegionMountainLocation:Savage Divide	0.000000	1.000000	
002F70F1	SubRegionMountains05Location	Savage Divide	3	001789F7:LocRegionMountain:KYWD	003A404E:LocTypeSubRegion:KYWD	003CD32C:EMSAllowLoadedReRoll:KYWD											41	ESSChanceMainGhouls	5.000000		ESSChanceMainInsects	5.000000		ESSChanceMainScorched	5.000000		ESSChanceSubGhoul	5.000000		ESSChanceSubInsect	5.000000		ESSChanceSubScorched	5.000000		ESSChanceMainSuperMutants	15.000000		ESSChanceSubSuperMutants	10.000000		ESSChanceMainLiberators	5.000000		ESSChanceMainViciousDog	5.000000		ESSChanceMainMolerats	5.000000		ESSChanceMainRats	5.000000		ESSChanceMainScorpionsLARGE	5.000000		ESSChanceMainYaoGuaiLARGE	5.000000		ESSChanceSubLiberators	5.000000		ESSChanceSubViciousDog	5.000000		ESSChanceSubDeathclawGIANTONLY	5.000000		ESSChanceSubMolerats	5.000000		ESSChanceSubRats	5.000000		ESSChanceSubScorpionsLARGE	5.000000		ESSChanceSubYaoGuaiLARGE	5.000000		ESSChanceMainWolf	10.000000		ESSChanceSubWolf	10.000000		ESSChanceCritterABeaver	5.000000		ESSChanceCritterAChicken	5.000000		ESSChanceCritterAFirefly	5.000000		ESSChanceCritterAFox	5.000000		ESSChanceCritterAOpposum	5.000000		ESSChanceCritterARabbit	5.000000		ESSChanceCritterARadFrog	5.000000		ESSChanceCritterARadStag	15.000000		ESSChanceCritterASquirrel	5.000000		ESSChanceCritterBBeaver	5.000000		ESSChanceCritterBChicken	5.000000		ESSChanceCritterBFirefly	5.000000		ESSChanceCritterBFox	5.000000		ESSChanceCritterBOpposum	5.000000		ESSChanceCritterBRabbit	5.000000		ESSChanceCritterBRadFrog	5.000000		ESSChanceCritterBRadStag	15.000000		ESSChanceCritterBSquirrel	5.000000											0	0	0	None	0	001789F8:RegionMountainLocation:Savage Divide	0.000000	1.000000	
002F70F2	SubRegionMountains06Location	Savage Divide	3	001789F7:LocRegionMountain:KYWD	003A404E:LocTypeSubRegion:KYWD	003CD32C:EMSAllowLoadedReRoll:KYWD											37	ESSChanceMainGhouls	5.000000		ESSChanceMainInsects	5.000000		ESSChanceMainScorched	5.000000		ESSChanceSubGhoul	5.000000		ESSChanceSubInsect	5.000000		ESSChanceSubScorched	5.000000		ESSChanceMainSuperMutants	15.000000		ESSChanceSubSuperMutants	10.000000		ESSChanceMainLiberators	5.000000		ESSChanceMainViciousDog	5.000000		ESSChanceMainMolerats	5.000000		ESSChanceMainRats	5.000000		ESSChanceSubLiberators	5.000000		ESSChanceSubViciousDog	5.000000		ESSChanceSubDeathclawGIANTONLY	5.000000		ESSChanceSubMolerats	5.000000		ESSChanceSubRats	5.000000		ESSChanceMainWolf	10.000000		ESSChanceSubWolf	10.000000		ESSChanceCritterABeaver	5.000000		ESSChanceCritterAChicken	5.000000		ESSChanceCritterAFirefly	5.000000		ESSChanceCritterAFox	5.000000		ESSChanceCritterAOpposum	5.000000		ESSChanceCritterARabbit	5.000000		ESSChanceCritterARadFrog	5.000000		ESSChanceCritterARadStag	15.000000		ESSChanceCritterASquirrel	5.000000		ESSChanceCritterBBeaver	5.000000		ESSChanceCritterBChicken	5.000000		ESSChanceCritterBFirefly	5.000000		ESSChanceCritterBFox	5.000000		ESSChanceCritterBOpposum	5.000000		ESSChanceCritterBRabbit	5.000000		ESSChanceCritterBRadFrog	5.000000		ESSChanceCritterBRadStag	15.000000		ESSChanceCritterBSquirrel	5.000000																							0	0	0	None	0	001789F8:RegionMountainLocation:Savage Divide	0.000000	1.000000	
002F70F3	SubRegionMountains07Location	Savage Divide	3	001789F7:LocRegionMountain:KYWD	003A404E:LocTypeSubRegion:KYWD	003CD32C:EMSAllowLoadedReRoll:KYWD											37	ESSChanceMainGhouls	5.000000		ESSChanceMainInsects	5.000000		ESSChanceMainScorched	5.000000		ESSChanceSubGhoul	5.000000		ESSChanceSubInsect	5.000000		ESSChanceSubScorched	5.000000		ESSChanceMainSuperMutants	15.000000		ESSChanceSubSuperMutants	10.000000		ESSChanceMainLiberators	5.000000		ESSChanceMainViciousDog	5.000000		ESSChanceMainMolerats	5.000000		ESSChanceMainRats	5.000000		ESSChanceSubLiberators	5.000000		ESSChanceSubViciousDog	5.000000		ESSChanceSubDeathclawGIANTONLY	5.000000		ESSChanceSubMolerats	5.000000		ESSChanceSubRats	5.000000		ESSChanceMainWolf	10.000000		ESSChanceSubWolf	10.000000		ESSChanceCritterABeaver	5.000000		ESSChanceCritterAChicken	5.000000		ESSChanceCritterAFirefly	5.000000		ESSChanceCritterAFox	5.000000		ESSChanceCritterAOpposum	5.000000		ESSChanceCritterARabbit	5.000000		ESSChanceCritterARadFrog	5.000000		ESSChanceCritterARadStag	15.000000		ESSChanceCritterASquirrel	5.000000		ESSChanceCritterBBeaver	5.000000		ESSChanceCritterBChicken	5.000000		ESSChanceCritterBFirefly	5.000000		ESSChanceCritterBFox	5.000000		ESSChanceCritterBOpposum	5.000000		ESSChanceCritterBRabbit	5.000000		ESSChanceCritterBRadFrog	5.000000		ESSChanceCritterBRadStag	15.000000		ESSChanceCritterBSquirrel	5.000000																							0	0	0	None	0	001789F8:RegionMountainLocation:Savage Divide	0.000000	1.000000	
002F70F4	SubRegionMountains08Location	Savage Divide	3	001789F7:LocRegionMountain:KYWD	003A404E:LocTypeSubRegion:KYWD	003CD32C:EMSAllowLoadedReRoll:KYWD											37	ESSChanceMainGhouls	5.000000		ESSChanceMainInsects	5.000000		ESSChanceMainScorched	5.000000		ESSChanceSubGhoul	5.000000		ESSChanceSubInsect	5.000000		ESSChanceSubScorched	5.000000		ESSChanceMainSuperMutants	15.000000		ESSChanceSubSuperMutants	10.000000		ESSChanceMainLiberators	5.000000		ESSChanceMainViciousDog	5.000000		ESSChanceMainMolerats	5.000000		ESSChanceMainRats	5.000000		ESSChanceSubLiberators	5.000000		ESSChanceSubViciousDog	5.000000		ESSChanceSubDeathclawGIANTONLY	5.000000		ESSChanceSubMolerats	5.000000		ESSChanceSubRats	5.000000		ESSChanceMainWolf	10.000000		ESSChanceSubWolf	10.000000		ESSChanceCritterABeaver	5.000000		ESSChanceCritterAChicken	5.000000		ESSChanceCritterAFirefly	5.000000		ESSChanceCritterAFox	5.000000		ESSChanceCritterAOpposum	5.000000		ESSChanceCritterARabbit	5.000000		ESSChanceCritterARadFrog	5.000000		ESSChanceCritterARadStag	15.000000		ESSChanceCritterASquirrel	5.000000		ESSChanceCritterBBeaver	5.000000		ESSChanceCritterBChicken	5.000000		ESSChanceCritterBFirefly	5.000000		ESSChanceCritterBFox	5.000000		ESSChanceCritterBOpposum	5.000000		ESSChanceCritterBRabbit	5.000000		ESSChanceCritterBRadFrog	5.000000		ESSChanceCritterBRadStag	15.000000		ESSChanceCritterBSquirrel	5.000000																							0	0	0	None	0	001789F8:RegionMountainLocation:Savage Divide	0.000000	1.000000	
002F70F5	SubRegionMountains09Location	Savage Divide	3	001789F7:LocRegionMountain:KYWD	003A404E:LocTypeSubRegion:KYWD	003CD32C:EMSAllowLoadedReRoll:KYWD											37	ESSChanceMainGhouls	5.000000		ESSChanceMainInsects	5.000000		ESSChanceMainScorched	5.000000		ESSChanceSubGhoul	5.000000		ESSChanceSubInsect	5.000000		ESSChanceSubScorched	5.000000		ESSChanceMainSuperMutants	15.000000		ESSChanceSubSuperMutants	10.000000		ESSChanceMainLiberators	5.000000		ESSChanceMainViciousDog	5.000000		ESSChanceMainMolerats	5.000000		ESSChanceMainRats	5.000000		ESSChanceSubLiberators	5.000000		ESSChanceSubViciousDog	5.000000		ESSChanceSubDeathclawGIANTONLY	5.000000		ESSChanceSubMolerats	5.000000		ESSChanceSubRats	5.000000		ESSChanceMainWolf	10.000000		ESSChanceSubWolf	10.000000		ESSChanceCritterABeaver	5.000000		ESSChanceCritterAChicken	5.000000		ESSChanceCritterAFirefly	5.000000		ESSChanceCritterAFox	5.000000		ESSChanceCritterAOpposum	5.000000		ESSChanceCritterARabbit	5.000000		ESSChanceCritterARadFrog	5.000000		ESSChanceCritterARadStag	15.000000		ESSChanceCritterASquirrel	5.000000		ESSChanceCritterBBeaver	5.000000		ESSChanceCritterBChicken	5.000000		ESSChanceCritterBFirefly	5.000000		ESSChanceCritterBFox	5.000000		ESSChanceCritterBOpposum	5.000000		ESSChanceCritterBRabbit	5.000000		ESSChanceCritterBRadFrog	5.000000		ESSChanceCritterBRadStag	15.000000		ESSChanceCritterBSquirrel	5.000000																							0	0	0	None	0	001789F8:RegionMountainLocation:Savage Divide	0.000000	1.000000	
002F70F6	SubRegionMountains10Location	Savage Divide	3	001789F7:LocRegionMountain:KYWD	003A404E:LocTypeSubRegion:KYWD	003CD32C:EMSAllowLoadedReRoll:KYWD											37	ESSChanceMainGhouls	5.000000		ESSChanceMainInsects	5.000000		ESSChanceMainScorched	5.000000		ESSChanceSubGhoul	5.000000		ESSChanceSubInsect	5.000000		ESSChanceSubScorched	5.000000		ESSChanceMainSuperMutants	15.000000		ESSChanceSubSuperMutants	10.000000		ESSChanceMainLiberators	5.000000		ESSChanceMainViciousDog	5.000000		ESSChanceMainMolerats	5.000000		ESSChanceMainRats	5.000000		ESSChanceSubLiberators	5.000000		ESSChanceSubViciousDog	5.000000		ESSChanceSubDeathclawGIANTONLY	5.000000		ESSChanceSubMolerats	5.000000		ESSChanceSubRats	5.000000		ESSChanceMainWolf	10.000000		ESSChanceSubWolf	10.000000		ESSChanceCritterABeaver	5.000000		ESSChanceCritterAChicken	5.000000		ESSChanceCritterAFirefly	5.000000		ESSChanceCritterAFox	5.000000		ESSChanceCritterAOpposum	5.000000		ESSChanceCritterARabbit	5.000000		ESSChanceCritterARadFrog	5.000000		ESSChanceCritterARadStag	15.000000		ESSChanceCritterASquirrel	5.000000		ESSChanceCritterBBeaver	5.000000		ESSChanceCritterBChicken	5.000000		ESSChanceCritterBFirefly	5.000000		ESSChanceCritterBFox	5.000000		ESSChanceCritterBOpposum	5.000000		ESSChanceCritterBRabbit	5.000000		ESSChanceCritterBRadFrog	5.000000		ESSChanceCritterBRadStag	15.000000		ESSChanceCritterBSquirrel	5.000000																							0	0	0	None	0	001789F8:RegionMountainLocation:Savage Divide	0.000000	1.000000	
002F70F7	SubRegionMountains11Location	Savage Divide	3	001789F7:LocRegionMountain:KYWD	003A404E:LocTypeSubRegion:KYWD	003CD32C:EMSAllowLoadedReRoll:KYWD											37	ESSChanceMainGhouls	5.000000		ESSChanceMainInsects	5.000000		ESSChanceMainScorched	5.000000		ESSChanceSubGhoul	5.000000		ESSChanceSubInsect	5.000000		ESSChanceSubScorched	5.000000		ESSChanceMainSuperMutants	15.000000		ESSChanceSubSuperMutants	10.000000		ESSChanceMainLiberators	5.000000		ESSChanceMainViciousDog	5.000000		ESSChanceMainMolerats	5.000000		ESSChanceMainRats	5.000000		ESSChanceSubLiberators	5.000000		ESSChanceSubViciousDog	5.000000		ESSChanceSubDeathclawGIANTONLY	5.000000		ESSChanceSubMolerats	5.000000		ESSChanceSubRats	5.000000		ESSChanceMainWolf	10.000000		ESSChanceSubWolf	10.000000		ESSChanceCritterABeaver	5.000000		ESSChanceCritterAChicken	5.000000		ESSChanceCritterAFirefly	5.000000		ESSChanceCritterAFox	5.000000		ESSChanceCritterAOpposum	5.000000		ESSChanceCritterARabbit	5.000000		ESSChanceCritterARadFrog	5.000000		ESSChanceCritterARadStag	15.000000		ESSChanceCritterASquirrel	5.000000		ESSChanceCritterBBeaver	5.000000		ESSChanceCritterBChicken	5.000000		ESSChanceCritterBFirefly	5.000000		ESSChanceCritterBFox	5.000000		ESSChanceCritterBOpposum	5.000000		ESSChanceCritterBRabbit	5.000000		ESSChanceCritterBRadFrog	5.000000		ESSChanceCritterBRadStag	15.000000		ESSChanceCritterBSquirrel	5.000000																							0	0	0	None	0	001789F8:RegionMountainLocation:Savage Divide	0.000000	1.000000	
002F70F8	SubRegionMountains12Location	Savage Divide	3	001789F7:LocRegionMountain:KYWD	003A404E:LocTypeSubRegion:KYWD	003CD32C:EMSAllowLoadedReRoll:KYWD											41	ESSChanceMainGhouls	5.000000		ESSChanceMainInsects	5.000000		ESSChanceMainScorched	5.000000		ESSChanceSubGhoul	5.000000		ESSChanceSubInsect	5.000000		ESSChanceSubScorched	5.000000		ESSChanceMainSuperMutants	15.000000		ESSChanceSubSuperMutants	10.000000		ESSChanceMainLiberators	5.000000		ESSChanceMainViciousDog	5.000000		ESSChanceMainMolerats	5.000000		ESSChanceMainRats	5.000000		ESSChanceMainScorpionsLARGE	5.000000		ESSChanceMainYaoGuaiLARGE	5.000000		ESSChanceSubLiberators	5.000000		ESSChanceSubViciousDog	5.000000		ESSChanceSubDeathclawGIANTONLY	5.000000		ESSChanceSubMolerats	5.000000		ESSChanceSubRats	5.000000		ESSChanceSubScorpionsLARGE	5.000000		ESSChanceSubYaoGuaiLARGE	5.000000		ESSChanceMainWolf	10.000000		ESSChanceSubWolf	10.000000		ESSChanceCritterABeaver	5.000000		ESSChanceCritterAChicken	5.000000		ESSChanceCritterAFirefly	5.000000		ESSChanceCritterAFox	5.000000		ESSChanceCritterAOpposum	5.000000		ESSChanceCritterARabbit	5.000000		ESSChanceCritterARadFrog	5.000000		ESSChanceCritterARadStag	15.000000		ESSChanceCritterASquirrel	5.000000		ESSChanceCritterBBeaver	5.000000		ESSChanceCritterBChicken	5.000000		ESSChanceCritterBFirefly	5.000000		ESSChanceCritterBFox	5.000000		ESSChanceCritterBOpposum	5.000000		ESSChanceCritterBRabbit	5.000000		ESSChanceCritterBRadFrog	5.000000		ESSChanceCritterBRadStag	15.000000		ESSChanceCritterBSquirrel	5.000000											0	0	0	None	0	001789F8:RegionMountainLocation:Savage Divide	0.000000	1.000000	
002F70F9	SubRegionMountains13LocationLOW	Savage Divide	3	001789F7:LocRegionMountain:KYWD	003A404E:LocTypeSubRegion:KYWD	003CD32C:EMSAllowLoadedReRoll:KYWD											37	ESSChanceMainGhouls	5.000000		ESSChanceMainInsects	5.000000		ESSChanceMainScorched	5.000000		ESSChanceSubGhoul	5.000000		ESSChanceSubInsect	5.000000		ESSChanceSubScorched	5.000000		ESSChanceMainSuperMutants	15.000000		ESSChanceSubSuperMutants	10.000000		ESSChanceMainLiberators	5.000000		ESSChanceMainViciousDog	5.000000		ESSChanceMainMolerats	5.000000		ESSChanceMainRats	5.000000		ESSChanceSubLiberators	5.000000		ESSChanceSubViciousDog	5.000000		ESSChanceSubDeathclawGIANTONLY	5.000000		ESSChanceSubMolerats	5.000000		ESSChanceSubRats	5.000000		ESSChanceMainWolf	10.000000		ESSChanceSubWolf	10.000000		ESSChanceCritterABeaver	5.000000		ESSChanceCritterAChicken	5.000000		ESSChanceCritterAFirefly	5.000000		ESSChanceCritterAFox	5.000000		ESSChanceCritterAOpposum	5.000000		ESSChanceCritterARabbit	5.000000		ESSChanceCritterARadFrog	5.000000		ESSChanceCritterARadStag	15.000000		ESSChanceCritterASquirrel	5.000000		ESSChanceCritterBBeaver	5.000000		ESSChanceCritterBChicken	5.000000		ESSChanceCritterBFirefly	5.000000		ESSChanceCritterBFox	5.000000		ESSChanceCritterBOpposum	5.000000		ESSChanceCritterBRabbit	5.000000		ESSChanceCritterBRadFrog	5.000000		ESSChanceCritterBRadStag	15.000000		ESSChanceCritterBSquirrel	5.000000																							0	0	15	None	25	001789F8:RegionMountainLocation:Savage Divide	0.000000	1.000000	
002F70FA	SubRegionMountains14Location	Savage Divide	3	001789F7:LocRegionMountain:KYWD	003A404E:LocTypeSubRegion:KYWD	003CD32C:EMSAllowLoadedReRoll:KYWD											37	ESSChanceMainGhouls	5.000000		ESSChanceMainInsects	5.000000		ESSChanceMainScorched	5.000000		ESSChanceSubGhoul	5.000000		ESSChanceSubInsect	5.000000		ESSChanceSubScorched	5.000000		ESSChanceMainSuperMutants	15.000000		ESSChanceSubSuperMutants	10.000000		ESSChanceMainLiberators	5.000000		ESSChanceMainViciousDog	5.000000		ESSChanceMainMolerats	5.000000		ESSChanceMainRats	5.000000		ESSChanceSubLiberators	5.000000		ESSChanceSubViciousDog	5.000000		ESSChanceSubDeathclawGIANTONLY	5.000000		ESSChanceSubMolerats	5.000000		ESSChanceSubRats	5.000000		ESSChanceMainWolf	10.000000		ESSChanceSubWolf	10.000000		ESSChanceCritterABeaver	5.000000		ESSChanceCritterAChicken	5.000000		ESSChanceCritterAFirefly	5.000000		ESSChanceCritterAFox	5.000000		ESSChanceCritterAOpposum	5.000000		ESSChanceCritterARabbit	5.000000		ESSChanceCritterARadFrog	5.000000		ESSChanceCritterARadStag	15.000000		ESSChanceCritterASquirrel	5.000000		ESSChanceCritterBBeaver	5.000000		ESSChanceCritterBChicken	5.000000		ESSChanceCritterBFirefly	5.000000		ESSChanceCritterBFox	5.000000		ESSChanceCritterBOpposum	5.000000		ESSChanceCritterBRabbit	5.000000		ESSChanceCritterBRadFrog	5.000000		ESSChanceCritterBRadStag	15.000000		ESSChanceCritterBSquirrel	5.000000																							0	0	0	None	0	001789F8:RegionMountainLocation:Savage Divide	0.000000	1.000000	
002F70FB	SubRegionMountains15Location	Savage Divide	3	001789F7:LocRegionMountain:KYWD	003A404E:LocTypeSubRegion:KYWD	003CD32C:EMSAllowLoadedReRoll:KYWD											41	ESSChanceMainGhouls	5.000000		ESSChanceMainInsects	5.000000		ESSChanceMainScorched	5.000000		ESSChanceSubGhoul	5.000000		ESSChanceSubInsect	5.000000		ESSChanceSubScorched	5.000000		ESSChanceMainSuperMutants	15.000000		ESSChanceSubSuperMutants	10.000000		ESSChanceMainLiberators	5.000000		ESSChanceMainViciousDog	5.000000		ESSChanceMainMolerats	5.000000		ESSChanceMainRats	5.000000		ESSChanceMainScorpionsLARGE	5.000000		ESSChanceMainYaoGuaiLARGE	5.000000		ESSChanceSubLiberators	5.000000		ESSChanceSubViciousDog	5.000000		ESSChanceSubDeathclawGIANTONLY	5.000000		ESSChanceSubMolerats	5.000000		ESSChanceSubRats	5.000000		ESSChanceSubScorpionsLARGE	5.000000		ESSChanceSubYaoGuaiLARGE	5.000000		ESSChanceMainWolf	10.000000		ESSChanceSubWolf	10.000000		ESSChanceCritterABeaver	5.000000		ESSChanceCritterAChicken	5.000000		ESSChanceCritterAFirefly	5.000000		ESSChanceCritterAFox	5.000000		ESSChanceCritterAOpposum	5.000000		ESSChanceCritterARabbit	5.000000		ESSChanceCritterARadFrog	5.000000		ESSChanceCritterARadStag	15.000000		ESSChanceCritterASquirrel	5.000000		ESSChanceCritterBBeaver	5.000000		ESSChanceCritterBChicken	5.000000		ESSChanceCritterBFirefly	5.000000		ESSChanceCritterBFox	5.000000		ESSChanceCritterBOpposum	5.000000		ESSChanceCritterBRabbit	5.000000		ESSChanceCritterBRadFrog	5.000000		ESSChanceCritterBRadStag	15.000000		ESSChanceCritterBSquirrel	5.000000											0	0	0	None	0	001789F8:RegionMountainLocation:Savage Divide	0.000000	1.000000	
002F70FC	SubRegionMountains16Location	Savage Divide	3	001789F7:LocRegionMountain:KYWD	003A404E:LocTypeSubRegion:KYWD	003CD32C:EMSAllowLoadedReRoll:KYWD											37	ESSChanceMainGhouls	5.000000		ESSChanceMainInsects	5.000000		ESSChanceMainScorched	5.000000		ESSChanceSubGhoul	5.000000		ESSChanceSubInsect	5.000000		ESSChanceSubScorched	5.000000		ESSChanceMainSuperMutants	15.000000		ESSChanceSubSuperMutants	10.000000		ESSChanceMainLiberators	5.000000		ESSChanceMainViciousDog	5.000000		ESSChanceMainMolerats	5.000000		ESSChanceMainRats	5.000000		ESSChanceSubLiberators	5.000000		ESSChanceSubViciousDog	5.000000		ESSChanceSubDeathclawGIANTONLY	5.000000		ESSChanceSubMolerats	5.000000		ESSChanceSubRats	5.000000		ESSChanceMainWolf	10.000000		ESSChanceSubWolf	10.000000		ESSChanceCritterABeaver	5.000000		ESSChanceCritterAChicken	5.000000		ESSChanceCritterAFirefly	5.000000		ESSChanceCritterAFox	5.000000		ESSChanceCritterAOpposum	5.000000		ESSChanceCritterARabbit	5.000000		ESSChanceCritterARadFrog	5.000000		ESSChanceCritterARadStag	15.000000		ESSChanceCritterASquirrel	5.000000		ESSChanceCritterBBeaver	5.000000		ESSChanceCritterBChicken	5.000000		ESSChanceCritterBFirefly	5.000000		ESSChanceCritterBFox	5.000000		ESSChanceCritterBOpposum	5.000000		ESSChanceCritterBRabbit	5.000000		ESSChanceCritterBRadFrog	5.000000		ESSChanceCritterBRadStag	15.000000		ESSChanceCritterBSquirrel	5.000000																							0	0	0	None	0	001789F8:RegionMountainLocation:Savage Divide	0.000000	1.000000	
002F70FD	SubRegionMountains17Location	Savage Divide	3	001789F7:LocRegionMountain:KYWD	003A404E:LocTypeSubRegion:KYWD	003CD32C:EMSAllowLoadedReRoll:KYWD											41	ESSChanceMainGhouls	5.000000		ESSChanceMainInsects	5.000000		ESSChanceMainScorched	5.000000		ESSChanceSubGhoul	5.000000		ESSChanceSubInsect	5.000000		ESSChanceSubScorched	5.000000		ESSChanceMainSuperMutants	15.000000		ESSChanceSubSuperMutants	10.000000		ESSChanceMainLiberators	5.000000		ESSChanceMainViciousDog	5.000000		ESSChanceMainMolerats	5.000000		ESSChanceMainRats	5.000000		ESSChanceMainScorpionsLARGE	5.000000		ESSChanceMainYaoGuaiLARGE	5.000000		ESSChanceSubLiberators	5.000000		ESSChanceSubViciousDog	5.000000		ESSChanceSubDeathclawGIANTONLY	5.000000		ESSChanceSubMolerats	5.000000		ESSChanceSubRats	5.000000		ESSChanceSubScorpionsLARGE	5.000000		ESSChanceSubYaoGuaiLARGE	5.000000		ESSChanceMainWolf	10.000000		ESSChanceSubWolf	10.000000		ESSChanceCritterABeaver	5.000000		ESSChanceCritterAChicken	5.000000		ESSChanceCritterAFirefly	5.000000		ESSChanceCritterAFox	5.000000		ESSChanceCritterAOpposum	5.000000		ESSChanceCritterARabbit	5.000000		ESSChanceCritterARadFrog	5.000000		ESSChanceCritterARadStag	15.000000		ESSChanceCritterASquirrel	5.000000		ESSChanceCritterBBeaver	5.000000		ESSChanceCritterBChicken	5.000000		ESSChanceCritterBFirefly	5.000000		ESSChanceCritterBFox	5.000000		ESSChanceCritterBOpposum	5.000000		ESSChanceCritterBRabbit	5.000000		ESSChanceCritterBRadFrog	5.000000		ESSChanceCritterBRadStag	15.000000		ESSChanceCritterBSquirrel	5.000000											0	0	0	None	0	001789F8:RegionMountainLocation:Savage Divide	0.000000	1.000000	
002F70FE	SubRegionMountains18Location	Savage Divide	3	001789F7:LocRegionMountain:KYWD	003A404E:LocTypeSubRegion:KYWD	003CD32C:EMSAllowLoadedReRoll:KYWD											37	ESSChanceMainGhouls	5.000000		ESSChanceMainInsects	5.000000		ESSChanceMainScorched	5.000000		ESSChanceSubGhoul	5.000000		ESSChanceSubInsect	5.000000		ESSChanceSubScorched	5.000000		ESSChanceMainSuperMutants	15.000000		ESSChanceSubSuperMutants	10.000000		ESSChanceMainLiberators	5.000000		ESSChanceMainViciousDog	5.000000		ESSChanceMainMolerats	5.000000		ESSChanceMainRats	5.000000		ESSChanceSubLiberators	5.000000		ESSChanceSubViciousDog	5.000000		ESSChanceSubDeathclawGIANTONLY	5.000000		ESSChanceSubMolerats	5.000000		ESSChanceSubRats	5.000000		ESSChanceMainWolf	10.000000		ESSChanceSubWolf	10.000000		ESSChanceCritterABeaver	5.000000		ESSChanceCritterAChicken	5.000000		ESSChanceCritterAFirefly	5.000000		ESSChanceCritterAFox	5.000000		ESSChanceCritterAOpposum	5.000000		ESSChanceCritterARabbit	5.000000		ESSChanceCritterARadFrog	5.000000		ESSChanceCritterARadStag	15.000000		ESSChanceCritterASquirrel	5.000000		ESSChanceCritterBBeaver	5.000000		ESSChanceCritterBChicken	5.000000		ESSChanceCritterBFirefly	5.000000		ESSChanceCritterBFox	5.000000		ESSChanceCritterBOpposum	5.000000		ESSChanceCritterBRabbit	5.000000		ESSChanceCritterBRadFrog	5.000000		ESSChanceCritterBRadStag	15.000000		ESSChanceCritterBSquirrel	5.000000																							0	0	0	None	0	001789F8:RegionMountainLocation:Savage Divide	0.000000	1.000000	
002F70FF	SubRegionMountains19Location	Savage Divide	3	001789F7:LocRegionMountain:KYWD	003A404E:LocTypeSubRegion:KYWD	003CD32C:EMSAllowLoadedReRoll:KYWD											41	ESSChanceMainGhouls	5.000000		ESSChanceMainInsects	5.000000		ESSChanceMainScorched	5.000000		ESSChanceSubGhoul	5.000000		ESSChanceSubInsect	5.000000		ESSChanceSubScorched	5.000000		ESSChanceMainSuperMutants	15.000000		ESSChanceSubSuperMutants	10.000000		ESSChanceMainLiberators	5.000000		ESSChanceMainViciousDog	5.000000		ESSChanceMainMolerats	5.000000		ESSChanceMainRats	5.000000		ESSChanceMainScorpionsLARGE	5.000000		ESSChanceMainYaoGuaiLARGE	5.000000		ESSChanceSubLiberators	5.000000		ESSChanceSubViciousDog	5.000000		ESSChanceSubDeathclawGIANTONLY	5.000000		ESSChanceSubMolerats	5.000000		ESSChanceSubRats	5.000000		ESSChanceSubScorpionsLARGE	5.000000		ESSChanceSubYaoGuaiLARGE	5.000000		ESSChanceMainWolf	10.000000		ESSChanceSubWolf	10.000000		ESSChanceCritterABeaver	5.000000		ESSChanceCritterAChicken	5.000000		ESSChanceCritterAFirefly	5.000000		ESSChanceCritterAFox	5.000000		ESSChanceCritterAOpposum	5.000000		ESSChanceCritterARabbit	5.000000		ESSChanceCritterARadFrog	5.000000		ESSChanceCritterARadStag	15.000000		ESSChanceCritterASquirrel	5.000000		ESSChanceCritterBBeaver	5.000000		ESSChanceCritterBChicken	5.000000		ESSChanceCritterBFirefly	5.000000		ESSChanceCritterBFox	5.000000		ESSChanceCritterBOpposum	5.000000		ESSChanceCritterBRabbit	5.000000		ESSChanceCritterBRadFrog	5.000000		ESSChanceCritterBRadStag	15.000000		ESSChanceCritterBSquirrel	5.000000											0	0	0	None	0	001789F8:RegionMountainLocation:Savage Divide	0.000000	1.000000	
002F7100	SubRegionMountains20Location	Savage Divide	3	001789F7:LocRegionMountain:KYWD	003A404E:LocTypeSubRegion:KYWD	003CD32C:EMSAllowLoadedReRoll:KYWD											37	ESSChanceMainGhouls	5.000000		ESSChanceMainInsects	5.000000		ESSChanceMainScorched	5.000000		ESSChanceSubGhoul	5.000000		ESSChanceSubInsect	5.000000		ESSChanceSubScorched	5.000000		ESSChanceMainSuperMutants	15.000000		ESSChanceSubSuperMutants	10.000000		ESSChanceMainLiberators	5.000000		ESSChanceMainViciousDog	5.000000		ESSChanceMainMolerats	5.000000		ESSChanceMainRats	5.000000		ESSChanceSubLiberators	5.000000		ESSChanceSubViciousDog	5.000000		ESSChanceSubDeathclawGIANTONLY	5.000000		ESSChanceSubMolerats	5.000000		ESSChanceSubRats	5.000000		ESSChanceMainWolf	10.000000		ESSChanceSubWolf	10.000000		ESSChanceCritterABeaver	5.000000		ESSChanceCritterAChicken	5.000000		ESSChanceCritterAFirefly	5.000000		ESSChanceCritterAFox	5.000000		ESSChanceCritterAOpposum	5.000000		ESSChanceCritterARabbit	5.000000		ESSChanceCritterARadFrog	5.000000		ESSChanceCritterARadStag	15.000000		ESSChanceCritterASquirrel	5.000000		ESSChanceCritterBBeaver	5.000000		ESSChanceCritterBChicken	5.000000		ESSChanceCritterBFirefly	5.000000		ESSChanceCritterBFox	5.000000		ESSChanceCritterBOpposum	5.000000		ESSChanceCritterBRabbit	5.000000		ESSChanceCritterBRadFrog	5.000000		ESSChanceCritterBRadStag	15.000000		ESSChanceCritterBSquirrel	5.000000																							0	0	0	None	0	001789F8:RegionMountainLocation:Savage Divide	0.000000	1.000000	
002F0326	LocMountainsTrappersCampLocation		3	001789F7:LocRegionMountain:KYWD	003D5B63:LocLootScaleSmall:KYWD	004E8564:LocThemeRaider:KYWD											0																																																																																																																																					0	0	0	None	0	00338736:SubRegionMountains22Location:Savage Divide	0.000000	1.000000	
002FAB1F	LocCranberryWatogaMunicipalCenter02Location	Watoga Municipal Center	3	000012A1:LocRegionCranberryBog:KYWD	0033FE91:LocTypeFastTravelDestination:KYWD	004E855D:LocThemeWhiteCollar:KYWD											0																																																																																																																																					0	0	0	None	0	002EE524:SubRegionCranberry12Location:Cranberry Bog	0.000000	1.000000	
0004E57A	MTNZ05MarkerLocation	Messenger Delivery	0														0																																																																																																																																					0	0	0	None	0	0001558C:AppalachiaLocation:Appalachia	0.000000	1.000000	
003007B2	LocMountainsFissureSiteGammaLocation	Fissure Site	5	001789F7:LocRegionMountain:KYWD	0033FE91:LocTypeFastTravelDestination:KYWD	004713CA:ChallengeFissureGamma:KYWD	004713D6:LocTypeFissure_Challenges:KYWD	004E8569:LocThemeOutdoors:KYWD									0																																																																																																																																					0	0	0	None	0	0033873D:SubRegionMountains29Location:Savage Divide	0.000000	1.000000	
00097F97	LocToxicFissureSiteDeltaLocation	Fissure Site	5	00088AAB:LocRegionToxicValley:KYWD	0033FE91:LocTypeFastTravelDestination:KYWD	004713CF:ChallengeFissureDelta:KYWD	004713D6:LocTypeFissure_Challenges:KYWD	004E8564:LocThemeRaider:KYWD									0																																																																																																																																					0	0	0	None	0	002F707F:SubRegionToxicValley04Location:Toxic Valley	0.000000	1.000000	
00303150	test_WarehouseTestEncounterTypesLocation	Encounter Types	1	0033FE91:LocTypeFastTravelDestination:KYWD													0																																																																																																																																					0	0	0	None	0	0001558C:AppalachiaLocation:Appalachia	0.000000	1.000000	
003073D9	LeveledItemSpawnLocation	Leveled Item Test Area	0														0																																																																																																																																					0	0	0	None	0		0.000000	1.000000	
0001AA08	Test_Tut03_SpecificLocation	Specific Location	0														0																																																																																																																																					0	0	0	None	0		0.000000	1.000000	
002FB4AB	DebugSteveCLocation	TestSteveC	0														2	ESSChanceMainGhouls	5.000000		ESSChanceSubGhoul	5.000000																																																																																																																																0	0	75	None	75		8000.000000	1.000000	
002FB4CD	DebugSteveCQuestLocation	TestSteveC	0														0																																																																																																																																					0	0	0	None	0		8000.000000	1.000000	
00039CED	MTNHoldingCellLocation		0														0																																																																																																																																					0	0	0	None	0		0.000000	1.000000	
00206AC4	test_WarehouseTestAmbushesLocation	Actor Ambush Testing	2	00180819:EMSIgnoredLocation:KYWD	007BD03F:LocTypeFishingExcluded:KYWD												0																																																																																																																																					0	0	0	None	0		0.000000	1.000000	
00314308	test_WarehouseTestingCenterLocation	Testing Center	1	00180819:EMSIgnoredLocation:KYWD													0																																																																																																																																					0	0	0	None	0		0.000000	1.000000	
0031AEDF	SubRegionForestFloodlands21Location	The Forest	3	0001564F:LocRegionForestFloodlands:KYWD	003A404E:LocTypeSubRegion:KYWD	003CD32C:EMSAllowLoadedReRoll:KYWD											34	ESSChanceMainGhouls	5.000000		ESSChanceMainScorched	5.000000		ESSChanceMainRobots	5.000000		ESSChanceSubGhoul	5.000000		ESSChanceSubRobots	5.000000		ESSChanceSubScorched	5.000000		ESSChanceMainSuperMutants	5.000000		ESSChanceSubSuperMutants	5.000000		ESSChanceMainLiberators	5.000000		ESSChanceMainViciousDog	5.000000		ESSChanceMainMolerats	5.000000		ESSChanceSubLiberators	5.000000		ESSChanceSubViciousDog	5.000000		ESSChanceSubMolerats	5.000000		ESSChanceCritterABeaver	5.000000		ESSChanceCritterACat	5.000000		ESSChanceCritterAChicken	5.000000		ESSChanceCritterAFirefly	5.000000		ESSChanceCritterAFox	5.000000		ESSChanceCritterAOpposum	5.000000		ESSChanceCritterARabbit	5.000000		ESSChanceCritterARadFrog	5.000000		ESSChanceCritterARadStag	15.000000		ESSChanceCritterASquirrel	5.000000		ESSChanceCritterBBeaver	5.000000		ESSChanceCritterBCat	5.000000		ESSChanceCritterBChicken	5.000000		ESSChanceCritterBFirefly	5.000000		ESSChanceCritterBFox	5.000000		ESSChanceCritterBOpposum	5.000000		ESSChanceCritterBRabbit	5.000000		ESSChanceCritterBRadFrog	5.000000		ESSChanceCritterBRadStag	15.000000		ESSChanceCritterBSquirrel	5.000000																																0	0	0	None	0	00095004:RegionForestFloodlandsLocation:The Forest	0.000000	1.000000	
0031AEE0	SubRegionForestFloodlands22Location	The Forest	3	0001564F:LocRegionForestFloodlands:KYWD	003A404E:LocTypeSubRegion:KYWD	003CD32C:EMSAllowLoadedReRoll:KYWD											34	ESSChanceMainGhouls	5.000000		ESSChanceMainScorched	5.000000		ESSChanceMainRobots	5.000000		ESSChanceSubGhoul	5.000000		ESSChanceSubRobots	5.000000		ESSChanceSubScorched	5.000000		ESSChanceMainSuperMutants	5.000000		ESSChanceSubSuperMutants	5.000000		ESSChanceMainLiberators	5.000000		ESSChanceMainViciousDog	5.000000		ESSChanceMainMolerats	5.000000		ESSChanceSubLiberators	5.000000		ESSChanceSubViciousDog	5.000000		ESSChanceSubMolerats	5.000000		ESSChanceCritterABeaver	5.000000		ESSChanceCritterACat	5.000000		ESSChanceCritterAChicken	5.000000		ESSChanceCritterAFirefly	5.000000		ESSChanceCritterAFox	5.000000		ESSChanceCritterAOpposum	5.000000		ESSChanceCritterARabbit	5.000000		ESSChanceCritterARadFrog	5.000000		ESSChanceCritterARadStag	15.000000		ESSChanceCritterASquirrel	5.000000		ESSChanceCritterBBeaver	5.000000		ESSChanceCritterBCat	5.000000		ESSChanceCritterBChicken	5.000000		ESSChanceCritterBFirefly	5.000000		ESSChanceCritterBFox	5.000000		ESSChanceCritterBOpposum	5.000000		ESSChanceCritterBRabbit	5.000000		ESSChanceCritterBRadFrog	5.000000		ESSChanceCritterBRadStag	15.000000		ESSChanceCritterBSquirrel	5.000000																																0	0	0	None	0	00095004:RegionForestFloodlandsLocation:The Forest	0.000000	1.000000	
0031AEE1	SubRegionForestFloodlands23Location	The Forest	3	0001564F:LocRegionForestFloodlands:KYWD	003A404E:LocTypeSubRegion:KYWD	003CD32C:EMSAllowLoadedReRoll:KYWD											34	ESSChanceMainGhouls	5.000000		ESSChanceMainScorched	5.000000		ESSChanceMainRobots	5.000000		ESSChanceSubGhoul	5.000000		ESSChanceSubRobots	5.000000		ESSChanceSubScorched	5.000000		ESSChanceMainSuperMutants	5.000000		ESSChanceSubSuperMutants	5.000000		ESSChanceMainLiberators	5.000000		ESSChanceMainViciousDog	5.000000		ESSChanceMainMolerats	5.000000		ESSChanceSubLiberators	5.000000		ESSChanceSubViciousDog	5.000000		ESSChanceSubMolerats	5.000000		ESSChanceCritterABeaver	5.000000		ESSChanceCritterACat	5.000000		ESSChanceCritterAChicken	5.000000		ESSChanceCritterAFirefly	5.000000		ESSChanceCritterAFox	5.000000		ESSChanceCritterAOpposum	5.000000		ESSChanceCritterARabbit	5.000000		ESSChanceCritterARadFrog	5.000000		ESSChanceCritterARadStag	15.000000		ESSChanceCritterASquirrel	5.000000		ESSChanceCritterBBeaver	5.000000		ESSChanceCritterBCat	5.000000		ESSChanceCritterBChicken	5.000000		ESSChanceCritterBFirefly	5.000000		ESSChanceCritterBFox	5.000000		ESSChanceCritterBOpposum	5.000000		ESSChanceCritterBRabbit	5.000000		ESSChanceCritterBRadFrog	5.000000		ESSChanceCritterBRadStag	15.000000		ESSChanceCritterBSquirrel	5.000000																																0	0	0	None	0	00095004:RegionForestFloodlandsLocation:The Forest	0.000000	1.000000	
0031AEE2	SubRegionForestFloodlands24Location	The Forest	3	0001564F:LocRegionForestFloodlands:KYWD	003A404E:LocTypeSubRegion:KYWD	003CD32C:EMSAllowLoadedReRoll:KYWD											34	ESSChanceMainGhouls	5.000000		ESSChanceMainScorched	5.000000		ESSChanceMainRobots	5.000000		ESSChanceSubGhoul	5.000000		ESSChanceSubRobots	5.000000		ESSChanceSubScorched	5.000000		ESSChanceMainSuperMutants	5.000000		ESSChanceSubSuperMutants	5.000000		ESSChanceMainLiberators	5.000000		ESSChanceMainViciousDog	5.000000		ESSChanceMainMolerats	5.000000		ESSChanceSubLiberators	5.000000		ESSChanceSubViciousDog	5.000000		ESSChanceSubMolerats	5.000000		ESSChanceCritterABeaver	5.000000		ESSChanceCritterACat	5.000000		ESSChanceCritterAChicken	5.000000		ESSChanceCritterAFirefly	5.000000		ESSChanceCritterAFox	5.000000		ESSChanceCritterAOpposum	5.000000		ESSChanceCritterARabbit	5.000000		ESSChanceCritterARadFrog	5.000000		ESSChanceCritterARadStag	15.000000		ESSChanceCritterASquirrel	5.000000		ESSChanceCritterBBeaver	5.000000		ESSChanceCritterBCat	5.000000		ESSChanceCritterBChicken	5.000000		ESSChanceCritterBFirefly	5.000000		ESSChanceCritterBFox	5.000000		ESSChanceCritterBOpposum	5.000000		ESSChanceCritterBRabbit	5.000000		ESSChanceCritterBRadFrog	5.000000		ESSChanceCritterBRadStag	15.000000		ESSChanceCritterBSquirrel	5.000000																																0	0	0	None	0	00095004:RegionForestFloodlandsLocation:The Forest	0.000000	1.000000	
0031AEE3	SubRegionForestFloodlands25Location	The Forest	3	0001564F:LocRegionForestFloodlands:KYWD	003A404E:LocTypeSubRegion:KYWD	003CD32C:EMSAllowLoadedReRoll:KYWD											34	ESSChanceMainGhouls	5.000000		ESSChanceMainScorched	5.000000		ESSChanceMainRobots	5.000000		ESSChanceSubGhoul	5.000000		ESSChanceSubRobots	5.000000		ESSChanceSubScorched	5.000000		ESSChanceMainSuperMutants	5.000000		ESSChanceSubSuperMutants	5.000000		ESSChanceMainLiberators	5.000000		ESSChanceMainViciousDog	5.000000		ESSChanceMainMolerats	5.000000		ESSChanceSubLiberators	5.000000		ESSChanceSubViciousDog	5.000000		ESSChanceSubMolerats	5.000000		ESSChanceCritterABeaver	5.000000		ESSChanceCritterACat	5.000000		ESSChanceCritterAChicken	5.000000		ESSChanceCritterAFirefly	5.000000		ESSChanceCritterAFox	5.000000		ESSChanceCritterAOpposum	5.000000		ESSChanceCritterARabbit	5.000000		ESSChanceCritterARadFrog	5.000000		ESSChanceCritterARadStag	15.000000		ESSChanceCritterASquirrel	5.000000		ESSChanceCritterBBeaver	5.000000		ESSChanceCritterBCat	5.000000		ESSChanceCritterBChicken	5.000000		ESSChanceCritterBFirefly	5.000000		ESSChanceCritterBFox	5.000000		ESSChanceCritterBOpposum	5.000000		ESSChanceCritterBRabbit	5.000000		ESSChanceCritterBRadFrog	5.000000		ESSChanceCritterBRadStag	15.000000		ESSChanceCritterBSquirrel	5.000000																																0	0	0	None	0	00095004:RegionForestFloodlandsLocation:The Forest	0.000000	1.000000	
0031AEE4	SubRegionForestFloodlands26Location	The Forest	3	0001564F:LocRegionForestFloodlands:KYWD	003A404E:LocTypeSubRegion:KYWD	003CD32C:EMSAllowLoadedReRoll:KYWD											34	ESSChanceMainGhouls	5.000000		ESSChanceMainScorched	5.000000		ESSChanceMainRobots	5.000000		ESSChanceSubGhoul	5.000000		ESSChanceSubRobots	5.000000		ESSChanceSubScorched	5.000000		ESSChanceMainSuperMutants	5.000000		ESSChanceSubSuperMutants	5.000000		ESSChanceMainLiberators	5.000000		ESSChanceMainViciousDog	5.000000		ESSChanceMainMolerats	5.000000		ESSChanceSubLiberators	5.000000		ESSChanceSubViciousDog	5.000000		ESSChanceSubMolerats	5.000000		ESSChanceCritterABeaver	5.000000		ESSChanceCritterACat	5.000000		ESSChanceCritterAChicken	5.000000		ESSChanceCritterAFirefly	5.000000		ESSChanceCritterAFox	5.000000		ESSChanceCritterAOpposum	5.000000		ESSChanceCritterARabbit	5.000000		ESSChanceCritterARadFrog	5.000000		ESSChanceCritterARadStag	15.000000		ESSChanceCritterASquirrel	5.000000		ESSChanceCritterBBeaver	5.000000		ESSChanceCritterBCat	5.000000		ESSChanceCritterBChicken	5.000000		ESSChanceCritterBFirefly	5.000000		ESSChanceCritterBFox	5.000000		ESSChanceCritterBOpposum	5.000000		ESSChanceCritterBRabbit	5.000000		ESSChanceCritterBRadFrog	5.000000		ESSChanceCritterBRadStag	15.000000		ESSChanceCritterBSquirrel	5.000000																																0	0	0	None	0	00095004:RegionForestFloodlandsLocation:The Forest	0.000000	1.000000	
0031AEEB	SubRegionForestFloodlands27Location	The Forest	3	0001564F:LocRegionForestFloodlands:KYWD	003A404E:LocTypeSubRegion:KYWD	003CD32C:EMSAllowLoadedReRoll:KYWD											34	ESSChanceMainGhouls	5.000000		ESSChanceMainScorched	5.000000		ESSChanceMainRobots	5.000000		ESSChanceSubGhoul	5.000000		ESSChanceSubRobots	5.000000		ESSChanceSubScorched	5.000000		ESSChanceMainSuperMutants	5.000000		ESSChanceSubSuperMutants	5.000000		ESSChanceMainLiberators	5.000000		ESSChanceMainViciousDog	5.000000		ESSChanceMainMolerats	5.000000		ESSChanceSubLiberators	5.000000		ESSChanceSubViciousDog	5.000000		ESSChanceSubMolerats	5.000000		ESSChanceCritterABeaver	5.000000		ESSChanceCritterACat	5.000000		ESSChanceCritterAChicken	5.000000		ESSChanceCritterAFirefly	5.000000		ESSChanceCritterAFox	5.000000		ESSChanceCritterAOpposum	5.000000		ESSChanceCritterARabbit	5.000000		ESSChanceCritterARadFrog	5.000000		ESSChanceCritterARadStag	15.000000		ESSChanceCritterASquirrel	5.000000		ESSChanceCritterBBeaver	5.000000		ESSChanceCritterBCat	5.000000		ESSChanceCritterBChicken	5.000000		ESSChanceCritterBFirefly	5.000000		ESSChanceCritterBFox	5.000000		ESSChanceCritterBOpposum	5.000000		ESSChanceCritterBRabbit	5.000000		ESSChanceCritterBRadFrog	5.000000		ESSChanceCritterBRadStag	15.000000		ESSChanceCritterBSquirrel	5.000000																																0	0	0	None	0	00095004:RegionForestFloodlandsLocation:The Forest	0.000000	1.000000	
0031AEEC	SubRegionForestFloodlands28Location	The Forest	3	0001564F:LocRegionForestFloodlands:KYWD	003A404E:LocTypeSubRegion:KYWD	003CD32C:EMSAllowLoadedReRoll:KYWD											34	ESSChanceMainGhouls	5.000000		ESSChanceMainScorched	5.000000		ESSChanceMainRobots	5.000000		ESSChanceSubGhoul	5.000000		ESSChanceSubRobots	5.000000		ESSChanceSubScorched	5.000000		ESSChanceMainSuperMutants	5.000000		ESSChanceSubSuperMutants	5.000000		ESSChanceMainLiberators	5.000000		ESSChanceMainViciousDog	5.000000		ESSChanceMainMolerats	5.000000		ESSChanceSubLiberators	5.000000		ESSChanceSubViciousDog	5.000000		ESSChanceSubMolerats	5.000000		ESSChanceCritterABeaver	5.000000		ESSChanceCritterACat	5.000000		ESSChanceCritterAChicken	5.000000		ESSChanceCritterAFirefly	5.000000		ESSChanceCritterAFox	5.000000		ESSChanceCritterAOpposum	5.000000		ESSChanceCritterARabbit	5.000000		ESSChanceCritterARadFrog	5.000000		ESSChanceCritterARadStag	15.000000		ESSChanceCritterASquirrel	5.000000		ESSChanceCritterBBeaver	5.000000		ESSChanceCritterBCat	5.000000		ESSChanceCritterBChicken	5.000000		ESSChanceCritterBFirefly	5.000000		ESSChanceCritterBFox	5.000000		ESSChanceCritterBOpposum	5.000000		ESSChanceCritterBRabbit	5.000000		ESSChanceCritterBRadFrog	5.000000		ESSChanceCritterBRadStag	15.000000		ESSChanceCritterBSquirrel	5.000000																																0	0	0	None	0	00095004:RegionForestFloodlandsLocation:The Forest	0.000000	1.000000	
001A25E8	CampDefaultLocation		1	000234F1:LocTypeWorkshop:KYWD													7	Food	1.000000		Water	1.000000		ResourceAV_FertilizerBrahmin	1.000000		ResourceAV_Scavenge	1.000000		WorkshopBudgetLocation	500.000000		PETS_Cat_PlayerGifts_ResourceCollectorAV	100.000000		PETS_Dog_PlayerGifts_ResourceCollectorAV	100.000000																																																																																																																	0	0	0	Workshop	0		8000.000000	1.000000	
0031BF16	LocCranberryAlleghenyAsylumInteriorLocation	Fort Defiance	6	000012A1:LocRegionCranberryBog:KYWD	00003954:LocTypeInteriorCell:KYWD	0033FE91:LocTypeFastTravelDestination:KYWD	003D5B64:LocLootScaleLarge:KYWD	004E8562:LocThemeAsylum:KYWD	007BD03F:LocTypeFishingExcluded:KYWD								7	ESSChanceMainGhouls	5.000000		ESSChanceSubRats	5.000000		EMSChanceVariantNormal	45.000000		EMSChanceVariantScorched	5.000000		ESSChanceSubBloatfly	5.000000		ESSChanceSubBloodbug	5.000000		ESSChanceSubRadAnt	5.000000																																																																																																																	0	0	0	None	0	00004143:LocCranberryAlleghenyAsylumLocation:Fort Defiance	0.000000	1.000000	
0031E612	EWS_DangerRoom_Number_11	11	1	00180819:EMSIgnoredLocation:KYWD													0																																																																																																																																					0	0	0	None	0		0.000000	1.000000	
0031E613	EWS_DangerRoom_Number_12	12	1	00180819:EMSIgnoredLocation:KYWD													0																																																																																																																																					0	0	0	None	0		0.000000	1.000000	
0031E614	EWS_DangerRoom_Number_13	13	1	00180819:EMSIgnoredLocation:KYWD													0																																																																																																																																					0	0	0	None	0		0.000000	1.000000	
0031E615	EWS_DangerRoom_Number_14	14	1	00180819:EMSIgnoredLocation:KYWD													0																																																																																																																																					0	0	0	None	0		0.000000	1.000000	
0031E616	EWS_DangerRoom_Number_15	15	1	00180819:EMSIgnoredLocation:KYWD													0																																																																																																																																					0	0	0	None	0		0.000000	1.000000	
0031E617	EWS_DangerRoom_Number_16	16	1	00180819:EMSIgnoredLocation:KYWD													0																																																																																																																																					0	0	0	None	0		0.000000	1.000000	
0031E618	EWS_DangerRoom_Number_17	17	1	00180819:EMSIgnoredLocation:KYWD													0																																																																																																																																					0	0	0	None	0		0.000000	1.000000	
0031E619	EWS_DangerRoom_Number_18	18	1	00180819:EMSIgnoredLocation:KYWD													0																																																																																																																																					0	0	0	None	0		0.000000	1.000000	
0031E61A	EWS_DangerRoom_Number_19	19	1	00180819:EMSIgnoredLocation:KYWD													0																																																																																																																																					0	0	0	None	0		0.000000	1.000000	
0031E61B	EWS_DangerRoom_Number_20	20	1	00180819:EMSIgnoredLocation:KYWD													0																																																																																																																																					0	0	0	None	0		0.000000	1.000000	
0031E61C	EWS_DangerRoom_Number_21	21	1	00180819:EMSIgnoredLocation:KYWD													0																																																																																																																																					0	0	0	None	0		0.000000	1.000000	
0031E61D	EWS_DangerRoom_Number_22	22	1	00180819:EMSIgnoredLocation:KYWD													0																																																																																																																																					0	0	0	None	0		0.000000	1.000000	
0031E61E	EWS_DangerRoom_Number_23	23	1	00180819:EMSIgnoredLocation:KYWD													0																																																																																																																																					0	0	0	None	0		0.000000	1.000000	
0031E61F	EWS_DangerRoom_Number_24	24	1	00180819:EMSIgnoredLocation:KYWD													0																																																																																																																																					0	0	0	None	0		0.000000	1.000000	
0031E620	EWS_DangerRoom_Number_25	25	1	00180819:EMSIgnoredLocation:KYWD													0																																																																																																																																					0	0	0	None	0		0.000000	1.000000	
0031E621	test_WarehouseEncounterTest_VarScorched	Scorched	1	00180819:EMSIgnoredLocation:KYWD													0																																																																																																																																					0	0	0	None	0		0.000000	1.000000	
0031E622	test_WarehouseEncounterTest_VarGlowing	Glowing	1	00180819:EMSIgnoredLocation:KYWD													0																																																																																																																																					0	0	0	None	0		0.000000	1.000000	
0031E623	test_WarehouseEncounterTest_VarNormal	Normal	1	00180819:EMSIgnoredLocation:KYWD													0																																																																																																																																					0	0	0	None	0		0.000000	1.000000	
0031E624	EWS_DangerRoom_Name_Robots	Robots	1	00180819:EMSIgnoredLocation:KYWD													0																																																																																																																																					0	0	0	None	0		0.000000	1.000000	
0032003C	LocMountainsPOISavageDivide08Location		2	001789F7:LocRegionMountain:KYWD	004E8564:LocThemeRaider:KYWD												1	ESSChanceMainSuperMutants	5.000000																																																																																																																																			0	0	0	None	0	002F70F3:SubRegionMountains07Location:Savage Divide	0.000000	1.000000	
0032419E	CUT_Vault96RegionLocation	Vault 94 Environs	1	0033FE91:LocTypeFastTravelDestination:KYWD													10	ESSChanceMainGhouls	5.000000		ESSChanceMainInsects	5.000000		ESSChanceMainMirelurks	5.000000		ESSChanceMainSwampLARGE	5.000000		ESSChanceSubGhoul	5.000000		ESSChanceSubInsect	5.000000		ESSChanceSubMirelurks	5.000000		ESSChanceSubSwampLARGE	5.000000		ESSChanceMainMutationsLARGE	5.000000		ESSChanceSubMutationsLARGE	5.000000																																																																																																								0	0	0	None	0	000045E1:RegionSwampForestLocation:The Mire	0.000000	1.000000	
003241C2	Vault63RegionLocation	Vault 63	2	000581DE:LocEncMainGhouls:KYWD	0033FE91:LocTypeFastTravelDestination:KYWD												0																																																																																																																																					0	0	0	None	0	000045D0:RegionMTRLocation:Ash Heap	0.000000	1.000000	
00329729	LocMTRBeckleyLocation	Beckley	10	0001CA8B:LocRegionMTR:KYWD	00064EDE:LocTypeClearable:KYWD	0033FE91:LocTypeFastTravelDestination:KYWD	0037FA7F:LocTypeDungeonPOI:KYWD	00396B77:LocTypeDungeon:KYWD	003D4B10:LocLootScaleMedium:KYWD	004713D5:LocTypeChallenge_NukeCity:KYWD	004E8563:LocThemeMiner:KYWD	0055C698:DungeonTypeTown:KYWD	008A1490:LocTypeHostileTakeover:KYWD				2	ESSChanceMainRobots	5.000000		ESSChanceSubGhoul	5.000000																																																																																																																																0	0	0	None	0	002EE568:SubRegionMountainRemoval04Location:The Ash Heap	0.000000	1.000000	
00329734	V96_TargetName_PredMirelurks	Mirelurks	1	00180819:EMSIgnoredLocation:KYWD													0																																																																																																																																					0	0	0	None	0		0.000000	1.000000	
00329735	V96_TargetName_PreyRadroach	Mirelurks	1	00180819:EMSIgnoredLocation:KYWD													0																																																																																																																																					0	0	0	None	0		0.000000	1.000000	
00329736	V96_TargetName_PreyRabbit	Mirelurks	1	00180819:EMSIgnoredLocation:KYWD													0																																																																																																																																					0	0	0	None	0		0.000000	1.000000	
00329737	V96_TargetName_PredRadscorpions	Mirelurks	1	00180819:EMSIgnoredLocation:KYWD													0																																																																																																																																					0	0	0	None	0		0.000000	1.000000	
00329738	V96_TargetName_PredGhouls	Mirelurks	1	00180819:EMSIgnoredLocation:KYWD													0																																																																																																																																					0	0	0	None	0		0.000000	1.000000	
00329739	V96_TargetName_PredRobots	Mirelurks	1	00180819:EMSIgnoredLocation:KYWD													0																																																																																																																																					0	0	0	None	0		0.000000	1.000000	
0032973A	V96_TargetName_PreyCat	Mirelurks	1	00180819:EMSIgnoredLocation:KYWD													0																																																																																																																																					0	0	0	None	0		0.000000	1.000000	
00329744	V96_TargetName_PreyDog	Dogs	1	00180819:EMSIgnoredLocation:KYWD													0																																																																																																																																					0	0	0	None	0		0.000000	1.000000	
0032CEEC	Test_Tut03_RegionLoc	Region Location	0														0																																																																																																																																					0	0	0	None	0		0.000000	1.000000	
0033150F	SFL02_Track_HardballLocation		0														0																																																																																																																																					0	0	0	None	0	002F7070:SubRegionSwamp09Location:Mire	0.000000	1.000000	
00331ACA	DQ_TargetName_Wendigo	a Wendigo	1	00180819:EMSIgnoredLocation:KYWD													0																																																																																																																																					0	0	0	None	0		0.000000	1.000000	
00331ACB	DQ_TargetName_Aliens	Aliens	1	00180819:EMSIgnoredLocation:KYWD													0																																																																																																																																					0	0	0	None	0		0.000000	1.000000	
00331ACC	DQ_TargetName_Rodents	Rodents	1	00180819:EMSIgnoredLocation:KYWD													0																																																																																																																																					0	0	0	None	0		0.000000	1.000000	
00331ACD	DQ_TargetName_Dociles	Harmless Critters	1	00180819:EMSIgnoredLocation:KYWD													0																																																																																																																																					0	0	0	None	0		0.000000	1.000000	
00331ACE	DQ_TargetName_GiantCreature	a Giant Creature	1	00180819:EMSIgnoredLocation:KYWD													0																																																																																																																																					0	0	0	None	0		0.000000	1.000000	
00331ACF	DQ_TargetName_Snallygaster	a Snallygaster	1	00180819:EMSIgnoredLocation:KYWD													0																																																																																																																																					0	0	0	None	0		0.000000	1.000000	
00331AD0	DQ_TargetName_Aquatic	Aquatic Beasts	1	00180819:EMSIgnoredLocation:KYWD													0																																																																																																																																					0	0	0	None	0		0.000000	1.000000	
00331AD1	DQ_TargetName_GlowingOne	a Glowing One	1	00180819:EMSIgnoredLocation:KYWD													0																																																																																																																																					0	0	0	None	0		0.000000	1.000000	
00331AD2	DQ_TargetName_MirelurkKings	Mirelurk Kings	1	00180819:EMSIgnoredLocation:KYWD													0																																																																																																																																					0	0	0	None	0		0.000000	1.000000	
00331AD3	DQ_TargetName_RadBeasts	Rad Beasts	1	00180819:EMSIgnoredLocation:KYWD													0																																																																																																																																					0	0	0	None	0		0.000000	1.000000	
00331AD4	DQ_TargetName_Scorched	a Scorched	1	00180819:EMSIgnoredLocation:KYWD													0																																																																																																																																					0	0	0	None	0		0.000000	1.000000	
00331AD5	DQ_TargetName_Alien	an alien	1	00180819:EMSIgnoredLocation:KYWD													0																																																																																																																																					0	0	0	None	0		0.000000	1.000000	
00331AD6	DQ_TargetName_FlyingBeast	a Flying Beast	1	00180819:EMSIgnoredLocation:KYWD													0																																																																																																																																					0	0	0	None	0		0.000000	1.000000	
00331AD7	DQ_TargetName_Anglers	Anglers	1	00180819:EMSIgnoredLocation:KYWD													0																																																																																																																																					0	0	0	None	0		0.000000	1.000000	
00331AD8	DQ_TargetName_Arthropods	Arthropods	1	00180819:EMSIgnoredLocation:KYWD													0																																																																																																																																					0	0	0	None	0		0.000000	1.000000	
00331AD9	DQ_TargetName_Cryptids	Cryptids	1	00180819:EMSIgnoredLocation:KYWD													0																																																																																																																																					0	0	0	None	0		0.000000	1.000000	
00331ADA	DQ_TargetName_Beavers	Aliens	1	00180819:EMSIgnoredLocation:KYWD													0																																																																																																																																					0	0	0	None	0		0.000000	1.000000	
00331ADB	DQ_TargetName_Fireflies	Fireflies	1	00180819:EMSIgnoredLocation:KYWD													0																																																																																																																																					0	0	0	None	0		0.000000	1.000000	
00331ADC	DQ_TargetName_Grafton	Grafton Monster	1	00180819:EMSIgnoredLocation:KYWD													0																																																																																																																																					0	0	0	None	0		0.000000	1.000000	
00331ADD	DQ_TargetName_Megasloth	a Megasloth	1	00180819:EMSIgnoredLocation:KYWD													0																																																																																																																																					0	0	0	None	0		0.000000	1.000000	
00331ADE	DQ_TargetName_MirelurkQueen	a Mirelurk Queen	1	00180819:EMSIgnoredLocation:KYWD													0																																																																																																																																					0	0	0	None	0		0.000000	1.000000	
00331ADF	DQ_TargetName_MoleMiners	Mole Miners	1	00180819:EMSIgnoredLocation:KYWD													0																																																																																																																																					0	0	0	None	0		0.000000	1.000000	
00331AE0	DQ_TargetName_Mothman	the Mothman	1	00180819:EMSIgnoredLocation:KYWD													0																																																																																																																																					0	0	0	None	0		0.000000	1.000000	
00331AE1	DQ_TargetName_Radroaches	Radroaches	1	00180819:EMSIgnoredLocation:KYWD													0																																																																																																																																					0	0	0	None	0		0.000000	1.000000	
00331AE2	DQ_TargetName_ScorchedBeasts	Scorched Beasts	1	00180819:EMSIgnoredLocation:KYWD													0																																																																																																																																					0	0	0	None	0		0.000000	1.000000	
00336B4F	LocSwampEllaAmesBunkerLocation	Ella Ames' Bunker	5	00003954:LocTypeInteriorCell:KYWD	0001CA8C:LocRegionSwampForest:KYWD	0033FE91:LocTypeFastTravelDestination:KYWD	003D5B63:LocLootScaleSmall:KYWD	004E8569:LocThemeOutdoors:KYWD									2	EMSChanceVariantNormal	45.000000		EMSChanceVariantScorched	5.000000																																																																																																																																0	0	0	None	0	002F706B:SubRegionSwamp04Location:Mire	0.000000	1.000000	
00338735	SubRegionMountains21Location	Savage Divide	3	001789F7:LocRegionMountain:KYWD	003A404E:LocTypeSubRegion:KYWD	003CD32C:EMSAllowLoadedReRoll:KYWD											37	ESSChanceMainGhouls	5.000000		ESSChanceMainInsects	5.000000		ESSChanceMainScorched	5.000000		ESSChanceSubGhoul	5.000000		ESSChanceSubInsect	5.000000		ESSChanceSubScorched	5.000000		ESSChanceMainSuperMutants	15.000000		ESSChanceSubSuperMutants	10.000000		ESSChanceMainLiberators	5.000000		ESSChanceMainViciousDog	5.000000		ESSChanceMainMolerats	5.000000		ESSChanceMainRats	5.000000		ESSChanceSubLiberators	5.000000		ESSChanceSubViciousDog	5.000000		ESSChanceSubDeathclawGIANTONLY	5.000000		ESSChanceSubMolerats	5.000000		ESSChanceSubRats	5.000000		ESSChanceMainWolf	10.000000		ESSChanceSubWolf	10.000000		ESSChanceCritterABeaver	5.000000		ESSChanceCritterAChicken	5.000000		ESSChanceCritterAFirefly	5.000000		ESSChanceCritterAFox	5.000000		ESSChanceCritterAOpposum	5.000000		ESSChanceCritterARabbit	5.000000		ESSChanceCritterARadFrog	5.000000		ESSChanceCritterARadStag	15.000000		ESSChanceCritterASquirrel	5.000000		ESSChanceCritterBBeaver	5.000000		ESSChanceCritterBChicken	5.000000		ESSChanceCritterBFirefly	5.000000		ESSChanceCritterBFox	5.000000		ESSChanceCritterBOpposum	5.000000		ESSChanceCritterBRabbit	5.000000		ESSChanceCritterBRadFrog	5.000000		ESSChanceCritterBRadStag	15.000000		ESSChanceCritterBSquirrel	5.000000																							0	0	0	None	0	001789F8:RegionMountainLocation:Savage Divide	0.000000	1.000000	
00338736	SubRegionMountains22Location	Savage Divide	3	001789F7:LocRegionMountain:KYWD	003A404E:LocTypeSubRegion:KYWD	003CD32C:EMSAllowLoadedReRoll:KYWD											37	ESSChanceMainGhouls	5.000000		ESSChanceMainInsects	5.000000		ESSChanceMainScorched	5.000000		ESSChanceSubGhoul	5.000000		ESSChanceSubInsect	5.000000		ESSChanceSubScorched	5.000000		ESSChanceMainSuperMutants	15.000000		ESSChanceSubSuperMutants	10.000000		ESSChanceMainLiberators	5.000000		ESSChanceMainViciousDog	5.000000		ESSChanceMainMolerats	5.000000		ESSChanceMainRats	5.000000		ESSChanceSubLiberators	5.000000		ESSChanceSubViciousDog	5.000000		ESSChanceSubDeathclawGIANTONLY	5.000000		ESSChanceSubMolerats	5.000000		ESSChanceSubRats	5.000000		ESSChanceMainWolf	10.000000		ESSChanceSubWolf	10.000000		ESSChanceCritterABeaver	5.000000		ESSChanceCritterAChicken	5.000000		ESSChanceCritterAFirefly	5.000000		ESSChanceCritterAFox	5.000000		ESSChanceCritterAOpposum	5.000000		ESSChanceCritterARabbit	5.000000		ESSChanceCritterARadFrog	5.000000		ESSChanceCritterARadStag	15.000000		ESSChanceCritterASquirrel	5.000000		ESSChanceCritterBBeaver	5.000000		ESSChanceCritterBChicken	5.000000		ESSChanceCritterBFirefly	5.000000		ESSChanceCritterBFox	5.000000		ESSChanceCritterBOpposum	5.000000		ESSChanceCritterBRabbit	5.000000		ESSChanceCritterBRadFrog	5.000000		ESSChanceCritterBRadStag	15.000000		ESSChanceCritterBSquirrel	5.000000																							0	0	0	None	0	001789F8:RegionMountainLocation:Savage Divide	0.000000	1.000000	
00338737	SubRegionMountains23Location	Savage Divide	3	001789F7:LocRegionMountain:KYWD	003A404E:LocTypeSubRegion:KYWD	003CD32C:EMSAllowLoadedReRoll:KYWD											37	ESSChanceMainGhouls	5.000000		ESSChanceMainInsects	5.000000		ESSChanceMainScorched	5.000000		ESSChanceSubGhoul	5.000000		ESSChanceSubInsect	5.000000		ESSChanceSubScorched	5.000000		ESSChanceMainSuperMutants	15.000000		ESSChanceSubSuperMutants	10.000000		ESSChanceMainLiberators	5.000000		ESSChanceMainViciousDog	5.000000		ESSChanceMainMolerats	5.000000		ESSChanceMainRats	5.000000		ESSChanceSubLiberators	5.000000		ESSChanceSubViciousDog	5.000000		ESSChanceSubDeathclawGIANTONLY	5.000000		ESSChanceSubMolerats	5.000000		ESSChanceSubRats	5.000000		ESSChanceMainWolf	10.000000		ESSChanceSubWolf	10.000000		ESSChanceCritterABeaver	5.000000		ESSChanceCritterAChicken	5.000000		ESSChanceCritterAFirefly	5.000000		ESSChanceCritterAFox	5.000000		ESSChanceCritterAOpposum	5.000000		ESSChanceCritterARabbit	5.000000		ESSChanceCritterARadFrog	5.000000		ESSChanceCritterARadStag	15.000000		ESSChanceCritterASquirrel	5.000000		ESSChanceCritterBBeaver	5.000000		ESSChanceCritterBChicken	5.000000		ESSChanceCritterBFirefly	5.000000		ESSChanceCritterBFox	5.000000		ESSChanceCritterBOpposum	5.000000		ESSChanceCritterBRabbit	5.000000		ESSChanceCritterBRadFrog	5.000000		ESSChanceCritterBRadStag	15.000000		ESSChanceCritterBSquirrel	5.000000																							0	0	0	None	0	001789F8:RegionMountainLocation:Savage Divide	0.000000	1.000000	
00338738	SubRegionMountains24Location	Savage Divide	3	001789F7:LocRegionMountain:KYWD	003A404E:LocTypeSubRegion:KYWD	003CD32C:EMSAllowLoadedReRoll:KYWD											37	ESSChanceMainGhouls	5.000000		ESSChanceMainInsects	5.000000		ESSChanceMainScorched	5.000000		ESSChanceSubGhoul	5.000000		ESSChanceSubInsect	5.000000		ESSChanceSubScorched	5.000000		ESSChanceMainSuperMutants	15.000000		ESSChanceSubSuperMutants	10.000000		ESSChanceMainLiberators	5.000000		ESSChanceMainViciousDog	5.000000		ESSChanceMainMolerats	5.000000		ESSChanceMainRats	5.000000		ESSChanceSubLiberators	5.000000		ESSChanceSubViciousDog	5.000000		ESSChanceSubDeathclawGIANTONLY	5.000000		ESSChanceSubMolerats	5.000000		ESSChanceSubRats	5.000000		ESSChanceMainWolf	10.000000		ESSChanceSubWolf	10.000000		ESSChanceCritterABeaver	5.000000		ESSChanceCritterAChicken	5.000000		ESSChanceCritterAFirefly	5.000000		ESSChanceCritterAFox	5.000000		ESSChanceCritterAOpposum	5.000000		ESSChanceCritterARabbit	5.000000		ESSChanceCritterARadFrog	5.000000		ESSChanceCritterARadStag	15.000000		ESSChanceCritterASquirrel	5.000000		ESSChanceCritterBBeaver	5.000000		ESSChanceCritterBChicken	5.000000		ESSChanceCritterBFirefly	5.000000		ESSChanceCritterBFox	5.000000		ESSChanceCritterBOpposum	5.000000		ESSChanceCritterBRabbit	5.000000		ESSChanceCritterBRadFrog	5.000000		ESSChanceCritterBRadStag	15.000000		ESSChanceCritterBSquirrel	5.000000																							0	0	0	None	0	001789F8:RegionMountainLocation:Savage Divide	0.000000	1.000000	
00338739	SubRegionMountains25Location	Savage Divide	3	001789F7:LocRegionMountain:KYWD	003A404E:LocTypeSubRegion:KYWD	003CD32C:EMSAllowLoadedReRoll:KYWD											37	ESSChanceMainGhouls	5.000000		ESSChanceMainInsects	5.000000		ESSChanceMainScorched	5.000000		ESSChanceSubGhoul	5.000000		ESSChanceSubInsect	5.000000		ESSChanceSubScorched	5.000000		ESSChanceMainSuperMutants	15.000000		ESSChanceSubSuperMutants	10.000000		ESSChanceMainLiberators	5.000000		ESSChanceMainViciousDog	5.000000		ESSChanceMainMolerats	5.000000		ESSChanceMainRats	5.000000		ESSChanceSubLiberators	5.000000		ESSChanceSubViciousDog	5.000000		ESSChanceSubDeathclawGIANTONLY	5.000000		ESSChanceSubMolerats	5.000000		ESSChanceSubRats	5.000000		ESSChanceMainWolf	10.000000		ESSChanceSubWolf	10.000000		ESSChanceCritterABeaver	5.000000		ESSChanceCritterAChicken	5.000000		ESSChanceCritterAFirefly	5.000000		ESSChanceCritterAFox	5.000000		ESSChanceCritterAOpposum	5.000000		ESSChanceCritterARabbit	5.000000		ESSChanceCritterARadFrog	5.000000		ESSChanceCritterARadStag	15.000000		ESSChanceCritterASquirrel	5.000000		ESSChanceCritterBBeaver	5.000000		ESSChanceCritterBChicken	5.000000		ESSChanceCritterBFirefly	5.000000		ESSChanceCritterBFox	5.000000		ESSChanceCritterBOpposum	5.000000		ESSChanceCritterBRabbit	5.000000		ESSChanceCritterBRadFrog	5.000000		ESSChanceCritterBRadStag	15.000000		ESSChanceCritterBSquirrel	5.000000																							0	0	0	None	0	001789F8:RegionMountainLocation:Savage Divide	0.000000	1.000000	
0033873A	SubRegionMountains26Location	Savage Divide	3	001789F7:LocRegionMountain:KYWD	003A404E:LocTypeSubRegion:KYWD	003CD32C:EMSAllowLoadedReRoll:KYWD											37	ESSChanceMainGhouls	5.000000		ESSChanceMainInsects	5.000000		ESSChanceMainScorched	5.000000		ESSChanceSubGhoul	5.000000		ESSChanceSubInsect	5.000000		ESSChanceSubScorched	5.000000		ESSChanceMainSuperMutants	15.000000		ESSChanceSubSuperMutants	10.000000		ESSChanceMainLiberators	5.000000		ESSChanceMainViciousDog	5.000000		ESSChanceMainMolerats	5.000000		ESSChanceMainRats	5.000000		ESSChanceSubLiberators	5.000000		ESSChanceSubViciousDog	5.000000		ESSChanceSubDeathclawGIANTONLY	5.000000		ESSChanceSubMolerats	5.000000		ESSChanceSubRats	5.000000		ESSChanceMainWolf	10.000000		ESSChanceSubWolf	10.000000		ESSChanceCritterABeaver	5.000000		ESSChanceCritterAChicken	5.000000		ESSChanceCritterAFirefly	5.000000		ESSChanceCritterAFox	5.000000		ESSChanceCritterAOpposum	5.000000		ESSChanceCritterARabbit	5.000000		ESSChanceCritterARadFrog	5.000000		ESSChanceCritterARadStag	15.000000		ESSChanceCritterASquirrel	5.000000		ESSChanceCritterBBeaver	5.000000		ESSChanceCritterBChicken	5.000000		ESSChanceCritterBFirefly	5.000000		ESSChanceCritterBFox	5.000000		ESSChanceCritterBOpposum	5.000000		ESSChanceCritterBRabbit	5.000000		ESSChanceCritterBRadFrog	5.000000		ESSChanceCritterBRadStag	15.000000		ESSChanceCritterBSquirrel	5.000000																							0	0	0	None	0	001789F8:RegionMountainLocation:Savage Divide	0.000000	1.000000	
0033873B	SubRegionMountains27Location	Savage Divide	3	001789F7:LocRegionMountain:KYWD	003A404E:LocTypeSubRegion:KYWD	003CD32C:EMSAllowLoadedReRoll:KYWD											37	ESSChanceMainGhouls	5.000000		ESSChanceMainInsects	5.000000		ESSChanceMainScorched	5.000000		ESSChanceSubGhoul	5.000000		ESSChanceSubInsect	5.000000		ESSChanceSubScorched	5.000000		ESSChanceMainSuperMutants	15.000000		ESSChanceSubSuperMutants	10.000000		ESSChanceMainLiberators	5.000000		ESSChanceMainViciousDog	5.000000		ESSChanceMainMolerats	5.000000		ESSChanceMainRats	5.000000		ESSChanceSubLiberators	5.000000		ESSChanceSubViciousDog	5.000000		ESSChanceSubDeathclawGIANTONLY	5.000000		ESSChanceSubMolerats	5.000000		ESSChanceSubRats	5.000000		ESSChanceMainWolf	10.000000		ESSChanceSubWolf	10.000000		ESSChanceCritterABeaver	5.000000		ESSChanceCritterAChicken	5.000000		ESSChanceCritterAFirefly	5.000000		ESSChanceCritterAFox	5.000000		ESSChanceCritterAOpposum	5.000000		ESSChanceCritterARabbit	5.000000		ESSChanceCritterARadFrog	5.000000		ESSChanceCritterARadStag	15.000000		ESSChanceCritterASquirrel	5.000000		ESSChanceCritterBBeaver	5.000000		ESSChanceCritterBChicken	5.000000		ESSChanceCritterBFirefly	5.000000		ESSChanceCritterBFox	5.000000		ESSChanceCritterBOpposum	5.000000		ESSChanceCritterBRabbit	5.000000		ESSChanceCritterBRadFrog	5.000000		ESSChanceCritterBRadStag	15.000000		ESSChanceCritterBSquirrel	5.000000																							0	0	0	None	0	001789F8:RegionMountainLocation:Savage Divide	0.000000	1.000000	
0033873C	SubRegionMountains28Location	Savage Divide	3	001789F7:LocRegionMountain:KYWD	003A404E:LocTypeSubRegion:KYWD	003CD32C:EMSAllowLoadedReRoll:KYWD											37	ESSChanceMainGhouls	5.000000		ESSChanceMainInsects	5.000000		ESSChanceMainScorched	5.000000		ESSChanceSubGhoul	5.000000		ESSChanceSubInsect	5.000000		ESSChanceSubScorched	5.000000		ESSChanceMainSuperMutants	15.000000		ESSChanceSubSuperMutants	10.000000		ESSChanceMainLiberators	5.000000		ESSChanceMainViciousDog	5.000000		ESSChanceMainMolerats	5.000000		ESSChanceMainRats	5.000000		ESSChanceSubLiberators	5.000000		ESSChanceSubViciousDog	5.000000		ESSChanceSubDeathclawGIANTONLY	5.000000		ESSChanceSubMolerats	5.000000		ESSChanceSubRats	5.000000		ESSChanceMainWolf	10.000000		ESSChanceSubWolf	10.000000		ESSChanceCritterABeaver	5.000000		ESSChanceCritterAChicken	5.000000		ESSChanceCritterAFirefly	5.000000		ESSChanceCritterAFox	5.000000		ESSChanceCritterAOpposum	5.000000		ESSChanceCritterARabbit	5.000000		ESSChanceCritterARadFrog	5.000000		ESSChanceCritterARadStag	15.000000		ESSChanceCritterASquirrel	5.000000		ESSChanceCritterBBeaver	5.000000		ESSChanceCritterBChicken	5.000000		ESSChanceCritterBFirefly	5.000000		ESSChanceCritterBFox	5.000000		ESSChanceCritterBOpposum	5.000000		ESSChanceCritterBRabbit	5.000000		ESSChanceCritterBRadFrog	5.000000		ESSChanceCritterBRadStag	15.000000		ESSChanceCritterBSquirrel	5.000000																							0	0	0	None	0	001789F8:RegionMountainLocation:Savage Divide	0.000000	1.000000	
0033873D	SubRegionMountains29Location	Savage Divide	3	001789F7:LocRegionMountain:KYWD	003A404E:LocTypeSubRegion:KYWD	003CD32C:EMSAllowLoadedReRoll:KYWD											37	ESSChanceMainGhouls	5.000000		ESSChanceMainInsects	5.000000		ESSChanceMainScorched	5.000000		ESSChanceSubGhoul	5.000000		ESSChanceSubInsect	5.000000		ESSChanceSubScorched	5.000000		ESSChanceMainSuperMutants	15.000000		ESSChanceSubSuperMutants	10.000000		ESSChanceMainLiberators	5.000000		ESSChanceMainViciousDog	5.000000		ESSChanceMainMolerats	5.000000		ESSChanceMainRats	5.000000		ESSChanceSubLiberators	5.000000		ESSChanceSubViciousDog	5.000000		ESSChanceSubDeathclawGIANTONLY	5.000000		ESSChanceSubMolerats	5.000000		ESSChanceSubRats	5.000000		ESSChanceMainWolf	10.000000		ESSChanceSubWolf	10.000000		ESSChanceCritterABeaver	5.000000		ESSChanceCritterAChicken	5.000000		ESSChanceCritterAFirefly	5.000000		ESSChanceCritterAFox	5.000000		ESSChanceCritterAOpposum	5.000000		ESSChanceCritterARabbit	5.000000		ESSChanceCritterARadFrog	5.000000		ESSChanceCritterARadStag	15.000000		ESSChanceCritterASquirrel	5.000000		ESSChanceCritterBBeaver	5.000000		ESSChanceCritterBChicken	5.000000		ESSChanceCritterBFirefly	5.000000		ESSChanceCritterBFox	5.000000		ESSChanceCritterBOpposum	5.000000		ESSChanceCritterBRabbit	5.000000		ESSChanceCritterBRadFrog	5.000000		ESSChanceCritterBRadStag	15.000000		ESSChanceCritterBSquirrel	5.000000																							0	0	0	None	0	001789F8:RegionMountainLocation:Savage Divide	0.000000	1.000000	
0033873E	SubRegionMountains30Location	Savage Divide	3	001789F7:LocRegionMountain:KYWD	003A404E:LocTypeSubRegion:KYWD	003CD32C:EMSAllowLoadedReRoll:KYWD											37	ESSChanceMainGhouls	5.000000		ESSChanceMainInsects	5.000000		ESSChanceMainScorched	5.000000		ESSChanceSubGhoul	5.000000		ESSChanceSubInsect	5.000000		ESSChanceSubScorched	5.000000		ESSChanceMainSuperMutants	15.000000		ESSChanceSubSuperMutants	10.000000		ESSChanceMainLiberators	5.000000		ESSChanceMainViciousDog	5.000000		ESSChanceMainMolerats	5.000000		ESSChanceMainRats	5.000000		ESSChanceSubLiberators	5.000000		ESSChanceSubViciousDog	5.000000		ESSChanceSubDeathclawGIANTONLY	5.000000		ESSChanceSubMolerats	5.000000		ESSChanceSubRats	5.000000		ESSChanceMainWolf	10.000000		ESSChanceSubWolf	10.000000		ESSChanceCritterABeaver	5.000000		ESSChanceCritterAChicken	5.000000		ESSChanceCritterAFirefly	5.000000		ESSChanceCritterAFox	5.000000		ESSChanceCritterAOpposum	5.000000		ESSChanceCritterARabbit	5.000000		ESSChanceCritterARadFrog	5.000000		ESSChanceCritterARadStag	15.000000		ESSChanceCritterASquirrel	5.000000		ESSChanceCritterBBeaver	5.000000		ESSChanceCritterBChicken	5.000000		ESSChanceCritterBFirefly	5.000000		ESSChanceCritterBFox	5.000000		ESSChanceCritterBOpposum	5.000000		ESSChanceCritterBRabbit	5.000000		ESSChanceCritterBRadFrog	5.000000		ESSChanceCritterBRadStag	15.000000		ESSChanceCritterBSquirrel	5.000000																							0	0	0	None	0	001789F8:RegionMountainLocation:Savage Divide	0.000000	1.000000	
00338767	SubRegionMountains31Location	Savage Divide	3	001789F7:LocRegionMountain:KYWD	003A404E:LocTypeSubRegion:KYWD	003CD32C:EMSAllowLoadedReRoll:KYWD											41	ESSChanceMainGhouls	5.000000		ESSChanceMainInsects	5.000000		ESSChanceMainScorched	5.000000		ESSChanceSubGhoul	5.000000		ESSChanceSubInsect	5.000000		ESSChanceSubScorched	5.000000		ESSChanceMainSuperMutants	15.000000		ESSChanceSubSuperMutants	10.000000		ESSChanceMainLiberators	5.000000		ESSChanceMainViciousDog	5.000000		ESSChanceMainMolerats	5.000000		ESSChanceMainRats	5.000000		ESSChanceMainScorpionsLARGE	5.000000		ESSChanceMainYaoGuaiLARGE	5.000000		ESSChanceSubLiberators	5.000000		ESSChanceSubViciousDog	5.000000		ESSChanceSubDeathclawGIANTONLY	5.000000		ESSChanceSubMolerats	5.000000		ESSChanceSubRats	5.000000		ESSChanceSubScorpionsLARGE	5.000000		ESSChanceSubYaoGuaiLARGE	5.000000		ESSChanceMainWolf	10.000000		ESSChanceSubWolf	10.000000		ESSChanceCritterABeaver	5.000000		ESSChanceCritterAChicken	5.000000		ESSChanceCritterAFirefly	5.000000		ESSChanceCritterAFox	5.000000		ESSChanceCritterAOpposum	5.000000		ESSChanceCritterARabbit	5.000000		ESSChanceCritterARadFrog	5.000000		ESSChanceCritterARadStag	15.000000		ESSChanceCritterASquirrel	5.000000		ESSChanceCritterBBeaver	5.000000		ESSChanceCritterBChicken	5.000000		ESSChanceCritterBFirefly	5.000000		ESSChanceCritterBFox	5.000000		ESSChanceCritterBOpposum	5.000000		ESSChanceCritterBRabbit	5.000000		ESSChanceCritterBRadFrog	5.000000		ESSChanceCritterBRadStag	15.000000		ESSChanceCritterBSquirrel	5.000000											0	0	0	None	0	001789F8:RegionMountainLocation:Savage Divide	0.000000	1.000000	
00338768	SubRegionMountains32Location	Savage Divide	3	001789F7:LocRegionMountain:KYWD	003A404E:LocTypeSubRegion:KYWD	003CD32C:EMSAllowLoadedReRoll:KYWD											41	ESSChanceMainGhouls	5.000000		ESSChanceMainInsects	5.000000		ESSChanceMainScorched	5.000000		ESSChanceSubGhoul	5.000000		ESSChanceSubInsect	5.000000		ESSChanceSubScorched	5.000000		ESSChanceMainSuperMutants	15.000000		ESSChanceSubSuperMutants	10.000000		ESSChanceMainLiberators	5.000000		ESSChanceMainViciousDog	5.000000		ESSChanceMainMolerats	5.000000		ESSChanceMainRats	5.000000		ESSChanceMainScorpionsLARGE	5.000000		ESSChanceMainYaoGuaiLARGE	5.000000		ESSChanceSubLiberators	5.000000		ESSChanceSubViciousDog	5.000000		ESSChanceSubDeathclawGIANTONLY	5.000000		ESSChanceSubMolerats	5.000000		ESSChanceSubRats	5.000000		ESSChanceSubScorpionsLARGE	5.000000		ESSChanceSubYaoGuaiLARGE	5.000000		ESSChanceMainWolf	10.000000		ESSChanceSubWolf	10.000000		ESSChanceCritterABeaver	5.000000		ESSChanceCritterAChicken	5.000000		ESSChanceCritterAFirefly	5.000000		ESSChanceCritterAFox	5.000000		ESSChanceCritterAOpposum	5.000000		ESSChanceCritterARabbit	5.000000		ESSChanceCritterARadFrog	5.000000		ESSChanceCritterARadStag	15.000000		ESSChanceCritterASquirrel	5.000000		ESSChanceCritterBBeaver	5.000000		ESSChanceCritterBChicken	5.000000		ESSChanceCritterBFirefly	5.000000		ESSChanceCritterBFox	5.000000		ESSChanceCritterBOpposum	5.000000		ESSChanceCritterBRabbit	5.000000		ESSChanceCritterBRadFrog	5.000000		ESSChanceCritterBRadStag	15.000000		ESSChanceCritterBSquirrel	5.000000											0	0	0	None	0	001789F8:RegionMountainLocation:Savage Divide	0.000000	1.000000	
00338769	SubRegionMountains33Location	Savage Divide	3	001789F7:LocRegionMountain:KYWD	003A404E:LocTypeSubRegion:KYWD	003CD32C:EMSAllowLoadedReRoll:KYWD											41	ESSChanceMainGhouls	5.000000		ESSChanceMainInsects	5.000000		ESSChanceMainScorched	5.000000		ESSChanceSubGhoul	5.000000		ESSChanceSubInsect	5.000000		ESSChanceSubScorched	5.000000		ESSChanceMainSuperMutants	15.000000		ESSChanceSubSuperMutants	10.000000		ESSChanceMainLiberators	5.000000		ESSChanceMainViciousDog	5.000000		ESSChanceMainMolerats	5.000000		ESSChanceMainRats	5.000000		ESSChanceMainScorpionsLARGE	5.000000		ESSChanceMainYaoGuaiLARGE	5.000000		ESSChanceSubLiberators	5.000000		ESSChanceSubViciousDog	5.000000		ESSChanceSubDeathclawGIANTONLY	5.000000		ESSChanceSubMolerats	5.000000		ESSChanceSubRats	5.000000		ESSChanceSubScorpionsLARGE	5.000000		ESSChanceSubYaoGuaiLARGE	5.000000		ESSChanceMainWolf	10.000000		ESSChanceSubWolf	10.000000		ESSChanceCritterABeaver	5.000000		ESSChanceCritterAChicken	5.000000		ESSChanceCritterAFirefly	5.000000		ESSChanceCritterAFox	5.000000		ESSChanceCritterAOpposum	5.000000		ESSChanceCritterARabbit	5.000000		ESSChanceCritterARadFrog	5.000000		ESSChanceCritterARadStag	15.000000		ESSChanceCritterASquirrel	5.000000		ESSChanceCritterBBeaver	5.000000		ESSChanceCritterBChicken	5.000000		ESSChanceCritterBFirefly	5.000000		ESSChanceCritterBFox	5.000000		ESSChanceCritterBOpposum	5.000000		ESSChanceCritterBRabbit	5.000000		ESSChanceCritterBRadFrog	5.000000		ESSChanceCritterBRadStag	15.000000		ESSChanceCritterBSquirrel	5.000000											0	0	0	None	0	001789F8:RegionMountainLocation:Savage Divide	0.000000	1.000000	
0033876A	SubRegionMountains34Location	Savage Divide	3	001789F7:LocRegionMountain:KYWD	003A404E:LocTypeSubRegion:KYWD	003CD32C:EMSAllowLoadedReRoll:KYWD											37	ESSChanceMainGhouls	5.000000		ESSChanceMainInsects	5.000000		ESSChanceMainScorched	5.000000		ESSChanceSubGhoul	5.000000		ESSChanceSubInsect	5.000000		ESSChanceSubScorched	5.000000		ESSChanceMainSuperMutants	15.000000		ESSChanceSubSuperMutants	10.000000		ESSChanceMainLiberators	5.000000		ESSChanceMainViciousDog	5.000000		ESSChanceMainMolerats	5.000000		ESSChanceMainRats	5.000000		ESSChanceSubLiberators	5.000000		ESSChanceSubViciousDog	5.000000		ESSChanceSubDeathclawGIANTONLY	5.000000		ESSChanceSubMolerats	5.000000		ESSChanceSubRats	5.000000		ESSChanceMainWolf	10.000000		ESSChanceSubWolf	10.000000		ESSChanceCritterABeaver	5.000000		ESSChanceCritterAChicken	5.000000		ESSChanceCritterAFirefly	5.000000		ESSChanceCritterAFox	5.000000		ESSChanceCritterAOpposum	5.000000		ESSChanceCritterARabbit	5.000000		ESSChanceCritterARadFrog	5.000000		ESSChanceCritterARadStag	15.000000		ESSChanceCritterASquirrel	5.000000		ESSChanceCritterBBeaver	5.000000		ESSChanceCritterBChicken	5.000000		ESSChanceCritterBFirefly	5.000000		ESSChanceCritterBFox	5.000000		ESSChanceCritterBOpposum	5.000000		ESSChanceCritterBRabbit	5.000000		ESSChanceCritterBRadFrog	5.000000		ESSChanceCritterBRadStag	15.000000		ESSChanceCritterBSquirrel	5.000000																							0	0	0	None	0	001789F8:RegionMountainLocation:Savage Divide	0.000000	1.000000	
0033A7B7	DQ_TargetName_Rodent	a Rodent	1	00180819:EMSIgnoredLocation:KYWD													0																																																																																																																																					0	0	0	None	0		0.000000	1.000000	
0033A7B8	DQ_TargetName_ScorchedBeast	a Scorched Beast	1	00180819:EMSIgnoredLocation:KYWD													0																																																																																																																																					0	0	0	None	0		0.000000	1.000000	
0033A7B9	DQ_TargetName_Supermutant	a Supermutant	1	00180819:EMSIgnoredLocation:KYWD													0																																																																																																																																					0	0	0	None	0		0.000000	1.000000	
0033A7BA	DQ_TargetName_Bug	a giant insect	1	00180819:EMSIgnoredLocation:KYWD													0																																																																																																																																					0	0	0	None	0		0.000000	1.000000	
0033A7BB	DQ_TargetName_GiantCreatures	Giant Creatures	1	00180819:EMSIgnoredLocation:KYWD													0																																																																																																																																					0	0	0	None	0		0.000000	1.000000	
0033A7BC	DQ_TargetName_Cryptid	a cryptid	1	00180819:EMSIgnoredLocation:KYWD													0																																																																																																																																					0	0	0	None	0		0.000000	1.000000	
0033A7BD	DQ_TargetName_Deathclaw	a deathclaw	1	00180819:EMSIgnoredLocation:KYWD													0																																																																																																																																					0	0	0	None	0		0.000000	1.000000	
0033A7BE	DQ_TargetName_FlyingBeasts	Flying Beasts	1	00180819:EMSIgnoredLocation:KYWD													0																																																																																																																																					0	0	0	None	0		0.000000	1.000000	
0033A7BF	DQ_TargetName_GlowingOnes	Glowing Ones	1	00180819:EMSIgnoredLocation:KYWD													0																																																																																																																																					0	0	0	None	0		0.000000	1.000000	
0033A7C0	DQ_TargetName_Animal	an animal	1	00180819:EMSIgnoredLocation:KYWD													0																																																																																																																																					0	0	0	None	0		0.000000	1.000000	
0033A7C1	DQ_TargetName_RadBeast	a Rad Beast	1	00180819:EMSIgnoredLocation:KYWD													0																																																																																																																																					0	0	0	None	0		0.000000	1.000000	
0033A7C2	DQ_TargetName_Gulper	a Gulper	1	00180819:EMSIgnoredLocation:KYWD													0																																																																																																																																					0	0	0	None	0		0.000000	1.000000	
0033A7C3	DQ_TargetName_Megasloths	Megasloths	1	00180819:EMSIgnoredLocation:KYWD													0																																																																																																																																					0	0	0	None	0		0.000000	1.000000	
0033A7C4	DQ_TargetName_Mirelurk	a Mirelurk	1	00180819:EMSIgnoredLocation:KYWD													0																																																																																																																																					0	0	0	None	0		0.000000	1.000000	
0033A7C5	DQ_TargetName_Snallygasters	Snallygasters	1	00180819:EMSIgnoredLocation:KYWD													0																																																																																																																																					0	0	0	None	0		0.000000	1.000000	
0033A7C6	DQ_TargetName_MirelurkQueens	Mirelurk Queens	1	00180819:EMSIgnoredLocation:KYWD													0																																																																																																																																					0	0	0	None	0		0.000000	1.000000	
0033A7C7	DQ_TargetName_MoleMiner	a Mole Miner	1	00180819:EMSIgnoredLocation:KYWD													0																																																																																																																																					0	0	0	None	0		0.000000	1.000000	
0034087F	DQ_ImplementName_Explosives	an explosive weapon	1	00180819:EMSIgnoredLocation:KYWD													0																																																																																																																																					0	0	0	None	0		0.000000	1.000000	
00340880	DQ_ImplementName_HalluciGenGrenade	a hallucigen grenade	0														0																																																																																																																																					0	0	0	None	0		0.000000	1.000000	
00340881	DQ_ImplementName_GrenadeLauncher	a grenade launcher	0														0																																																																																																																																					0	0	0	None	0		0.000000	1.000000	
00340883	DQ_ImplementName_CryoGrenade	a cryogrenade	0														0																																																																																																																																					0	0	0	None	0		0.000000	1.000000	
00340884	DQ_ImplementName_PlasmaMine	a plasma mine	0														0																																																																																																																																					0	0	0	None	0		0.000000	1.000000	
00340885	DQ_ImplementName_CryoMine	a cryo mine	0														0																																																																																																																																					0	0	0	None	0		0.000000	1.000000	
00340886	DQ_ImplementName_BaseballGrenade	a baseball grenade	0														0																																																																																																																																					0	0	0	None	0		0.000000	1.000000	
00340887	DQ_ImplementName_EnergyWeapons	an energy weapon	0														0																																																																																																																																					0	0	0	None	0		0.000000	1.000000	
00340888	DQ_ImplementName_Radiation	a radiation weapon	0														0																																																																																																																																					0	0	0	None	0		0.000000	1.000000	
00340889	DQ_ImplementName_Gamma	a gamma gun	0														0																																																																																																																																					0	0	0	None	0		0.000000	1.000000	
0034088A	DQ_ImplementName_Bladed	a bladed weapon	0														0																																																																																																																																					0	0	0	None	0		0.000000	1.000000	
0034088B	DQ_ImplementName_Blunt	a blunt weapon	0														0																																																																																																																																					0	0	0	None	0		0.000000	1.000000	
0034088C	DQ_TargetName_Wendigos	Wendigos	1	00180819:EMSIgnoredLocation:KYWD													0																																																																																																																																					0	0	0	None	0		0.000000	1.000000	
0034088D	DQ_ImplementName_Knives	a knife	0														0																																																																																																																																					0	0	0	None	0		0.000000	1.000000	
0034088E	DQ_ImplementName_Axes	an axe	0														0																																																																																																																																					0	0	0	None	0		0.000000	1.000000	
0034088F	DQ_ImplementName_NonAutomaticPistol	a non-automatic pistol	1	00180819:EMSIgnoredLocation:KYWD													0																																																																																																																																					0	0	0	None	0		0.000000	1.000000	
00340890	DQ_ImplementName_Ripper	a ripper	0														0																																																																																																																																					0	0	0	None	0		0.000000	1.000000	
00340891	DQ_ImplementName_Club	a club	0														0																																																																																																																																					0	0	0	None	0		0.000000	1.000000	
00340892	DQ_ImplementName_NonAutomaticRifle	a non-automatic rifle	1	00180819:EMSIgnoredLocation:KYWD													0																																																																																																																																					0	0	0	None	0		0.000000	1.000000	
00340893	DQ_ImplementName_Hammer	a hammer	0														0																																																																																																																																					0	0	0	None	0		0.000000	1.000000	
00340894	DQ_ImplementName_BowieKnife	a bowie knife	0														0																																																																																																																																					0	0	0	None	0		0.000000	1.000000	
00340895	DQ_ImplementName_Swords	a sword	0														0																																																																																																																																					0	0	0	None	0		0.000000	1.000000	
00340896	DQ_ImplementName_FireAxe	a fire axe	0														0																																																																																																																																					0	0	0	None	0		0.000000	1.000000	
00340897	DQ_ImplementName_Drill	a drill	0														0																																																																																																																																					0	0	0	None	0		0.000000	1.000000	
00340898	DQ_ImplementName_AutomaticRifle	an automatic rifle	1	00180819:EMSIgnoredLocation:KYWD													0																																																																																																																																					0	0	0	None	0		0.000000	1.000000	
00340899	DQ_ImplementName_Gloves	a glove or gauntlet	0														0																																																																																																																																					0	0	0	None	0		0.000000	1.000000	
0034089A	DQ_ImplementName_AutomaticPistol	an automatic pistol	1	00180819:EMSIgnoredLocation:KYWD													0																																																																																																																																					0	0	0	None	0		0.000000	1.000000	
0034089B	DQ_TargetName_GraftonMonsters	Grafton Monsters	1	00180819:EMSIgnoredLocation:KYWD													0																																																																																																																																					0	0	0	None	0		0.000000	1.000000	
0034089C	DQ_ImplementName_GunsAny	a gun	0														0																																																																																																																																					0	0	0	None	0		0.000000	1.000000	
0034089D	DQ_ImplementName_MeleeGeneral	any melee weapon	1	00180819:EMSIgnoredLocation:KYWD													0																																																																																																																																					0	0	0	None	0		0.000000	1.000000	
0034089E	DQ_ImplementName_AlienBlaster	an alien blaster	0														0																																																																																																																																					0	0	0	None	0		0.000000	1.000000	
0034089F	DQ_ImplementName_NukaMine	a nuka mine	0														0																																																																																																																																					0	0	0	None	0		0.000000	1.000000	
003408A0	DQ_ImplementName_NukaGrenade	a nuka grenade	0														0																																																																																																																																					0	0	0	None	0		0.000000	1.000000	
003408A1	DQ_ImplementName_PulseMine	a pulse mine	0														0																																																																																																																																					0	0	0	None	0		0.000000	1.000000	
003408A2	DQ_ImplementName_PlasmaGrenade	a plasma grenade	0														0																																																																																																																																					0	0	0	None	0		0.000000	1.000000	
003408A3	DQ_ImplementName_PumpkinGrenade	a pumpkin grenade	0														0																																																																																																																																					0	0	0	None	0		0.000000	1.000000	
003408A4	DQ_ImplementName_PulseGrenade	a pulse grenade	0														0																																																																																																																																					0	0	0	None	0		0.000000	1.000000	
003408A5	DQ_ImplementName_Ranged	a ranged weapon	0														0																																																																																																																																					0	0	0	None	0		0.000000	1.000000	
00342E69	76HoldingCellCamdenParkLocation	Camden Park Holding Cell	0														0																																																																																																																																					0	0	0	None	0	0001558C:AppalachiaLocation:Appalachia	0.000000	1.000000	
003438D4	PowerPlantShortNameLocation_Poseidon	Poseidon Energy Plant	1	00180819:EMSIgnoredLocation:KYWD													0																																																																																																																																					0	0	0	Power Plant	0	00095004:RegionForestFloodlandsLocation:The Forest	0.000000	1.000000	
003438F6	PowerPlantShortNameLocation_Monongah	Monongah Power Plant	1	00180819:EMSIgnoredLocation:KYWD													0																																																																																																																																					0	0	0	Power Plant	0	00095004:RegionForestFloodlandsLocation:The Forest	0.000000	1.000000	
003438F7	PowerPlantShortNameLocation_ThunderMt	Thunder Mountain Power Plant	1	00180819:EMSIgnoredLocation:KYWD													0																																																																																																																																					0	0	0	Power Plant	0	000955B5:LocSwampThunderMountainPowerPlantLocation:Thunder Mountain Power Plant	0.000000	1.000000	
00345A57	TestNateELocation	Nate's Test Cell	0														0																																																																																																																																					0	0	1	None	2		0.000000	1.000000	
0034638B	test_WarehouseTestDefaultBehaviorLocation	Actor Ambush Testing	2	000581DE:LocEncMainGhouls:KYWD	00180819:EMSIgnoredLocation:KYWD												0																																																																																																																																					0	0	0	None	0		0.000000	1.000000	
0034C79D	LocToxicToxicDriedLakebedLocation	Toxic Dried Lakebed	5	00064EDE:LocTypeClearable:KYWD	00088AAB:LocRegionToxicValley:KYWD	0033FE91:LocTypeFastTravelDestination:KYWD	003D5B63:LocLootScaleSmall:KYWD	004E855C:LocThemeWorkingClass:KYWD									2	ESSChanceMainMirelurks	5.000000		ESSChanceSubGhoul	5.000000																																																																																																																																0	0	0	None	0	002F707E:SubRegionToxicValley03Location:Toxic Valley	0.000000	1.000000	
00350440	Test_Tut04_RegionLoc	Test Region Location	0														0																																																																																																																																					0	0	0	None	0		0.000000	1.000000	
00352083	Test_Loc_TestMandi	The Manditorium	0														0																																																																																																																																					0	0	0	None	0		0.000000	1.000000	
00357FD7	TargetName_Radroach	Radroach	1	00180819:EMSIgnoredLocation:KYWD													0																																																																																																																																					0	0	0	None	0		0.000000	1.000000	
00357FD6	TargetName_Rodent	Rodent	1	00180819:EMSIgnoredLocation:KYWD													0																																																																																																																																					0	0	0	None	0		0.000000	1.000000	
00357FD3	TargetName_Megasloth	Megasloth	1	00180819:EMSIgnoredLocation:KYWD													0																																																																																																																																					0	0	0	None	0		0.000000	1.000000	
00357FD2	TargetName_GraftonMonster	Grafton Monster	1	00180819:EMSIgnoredLocation:KYWD													0																																																																																																																																					0	0	0	None	0		0.000000	1.000000	
00357FD0	TargetName_FeralGhoul	Feral Ghoul	1	00180819:EMSIgnoredLocation:KYWD													0																																																																																																																																					0	0	0	None	0		0.000000	1.000000	
00357FCE	TargetName_Beaver	Radbeaver	1	00180819:EMSIgnoredLocation:KYWD													0																																																																																																																																					0	0	0	None	0		0.000000	1.000000	
00357FD1	TargetName_Scorchbeast	Scorchbeast	1	00180819:EMSIgnoredLocation:KYWD													0																																																																																																																																					0	0	0	None	0		0.000000	1.000000	
00357FE2	TargetName_SupermutantBehemoth	Super Mutant Behemoth	1	00180819:EMSIgnoredLocation:KYWD													0																																																																																																																																					0	0	0	None	0		0.000000	1.000000	
00357FE1	TargetName_Snallygaster	Snallygaster	1	00180819:EMSIgnoredLocation:KYWD													0																																																																																																																																					0	0	0	None	0		0.000000	1.000000	
00357FDE	TargetName_MoleMiner	Mole Miner	1	00180819:EMSIgnoredLocation:KYWD													0																																																																																																																																					0	0	0	None	0		0.000000	1.000000	
00357FD8	TargetName_Supermutant	Super Mutant	1	00180819:EMSIgnoredLocation:KYWD													0																																																																																																																																					0	0	0	None	0		0.000000	1.000000	
00357FCD	TargetName_Critter	Small Animal	1	00180819:EMSIgnoredLocation:KYWD													0																																																																																																																																					0	0	0	None	0		0.000000	1.000000	
00357FDF	TargetName_Mothman	Mothman	1	00180819:EMSIgnoredLocation:KYWD													0																																																																																																																																					0	0	0	None	0		0.000000	1.000000	
00357FCF	TargetName_Bug	Bug	1	00180819:EMSIgnoredLocation:KYWD													0																																																																																																																																					0	0	0	None	0		0.000000	1.000000	
00357FCC	TargetName_Alien	Alien	1	00180819:EMSIgnoredLocation:KYWD													0																																																																																																																																					0	0	0	None	0		0.000000	1.000000	
00357FDA	TargetName_Canine	Canine	1	00180819:EMSIgnoredLocation:KYWD													0																																																																																																																																					0	0	0	None	0		0.000000	1.000000	
00357FDC	TargetName_Gorilla	Gorilla	1	00180819:EMSIgnoredLocation:KYWD													0																																																																																																																																					0	0	0	None	0		0.000000	1.000000	
00357FD5	TargetName_MirelurkQueen	Mirelurk Queen	1	00180819:EMSIgnoredLocation:KYWD													0																																																																																																																																					0	0	0	None	0		0.000000	1.000000	
00357FD4	TargetName_Mirelurk	Mirelurk	1	00180819:EMSIgnoredLocation:KYWD													0																																																																																																																																					0	0	0	None	0		0.000000	1.000000	
00357FDD	TargetName_MirelurkKing	Mirelurk King	1	00180819:EMSIgnoredLocation:KYWD													0																																																																																																																																					0	0	0	None	0		0.000000	1.000000	
00357FD9	TargetName_Wendigo	Wendigo	1	00180819:EMSIgnoredLocation:KYWD													0																																																																																																																																					0	0	0	None	0		0.000000	1.000000	
0035800D	LocMountainsMoMBattleSiteLocation	Battle Site	3	001789F7:LocRegionMountain:KYWD	00180819:EMSIgnoredLocation:KYWD	004E8569:LocThemeOutdoors:KYWD											0																																																																																																																																					0	0	15	None	25	002F70F6:SubRegionMountains10Location:Savage Divide	0.000000	1.000000	
00357FE0	TargetName_Radscorpion	Radscorpion	1	00180819:EMSIgnoredLocation:KYWD													0																																																																																																																																					0	0	0	None	0		0.000000	1.000000	
00357FDB	TargetName_Robot	Robot	1	00180819:EMSIgnoredLocation:KYWD													0																																																																																																																																					0	0	0	None	0		0.000000	1.000000	
0035F3A6	TargetName_RadToad	Radtoad	1	00180819:EMSIgnoredLocation:KYWD													0																																																																																																																																					0	0	0	None	0		0.000000	1.000000	
0035F3A9	TargetName_Opossum	Opossum	1	00180819:EMSIgnoredLocation:KYWD													0																																																																																																																																					0	0	0	None	0		0.000000	1.000000	
0035F3A7	TargetName_Cat	Cat	1	00180819:EMSIgnoredLocation:KYWD													0																																																																																																																																					0	0	0	None	0		0.000000	1.000000	
00365CBC	CUT_LocMountainsOBMountainPOI01Location		3	001789F7:LocRegionMountain:KYWD	00180819:EMSIgnoredLocation:KYWD	004E8569:LocThemeOutdoors:KYWD											1	ESSChanceMainSuperMutants	5.000000																																																																																																																																			0	0	0	None	0	002F7100:SubRegionMountains20Location:Savage Divide	0.000000	1.000000	
0037E6DD	LocForestWixonHomesteadLocation	Wixon Homestead	9	0001564F:LocRegionForestFloodlands:KYWD	00064EDE:LocTypeClearable:KYWD	0033FE91:LocTypeFastTravelDestination:KYWD	0037FA7F:LocTypeDungeonPOI:KYWD	00396B77:LocTypeDungeon:KYWD	003A5E71:LocEncSupportLarge:KYWD	003D5B63:LocLootScaleSmall:KYWD	004E8569:LocThemeOutdoors:KYWD	0055C696:DungeonTypeFarm:KYWD					1	ESSChanceMainScorched	5.000000																																																																																																																																			0	0	0	None	0	002EE52F:SubRegionForestFloodlands13LocationLOW:The Forest	0.000000	1.000000	
0037FA80	LocCranberryDropSiteC2Location	Drop Site C2	8	000012A1:LocRegionCranberryBog:KYWD	00064EDE:LocTypeClearable:KYWD	0033FE91:LocTypeFastTravelDestination:KYWD	0037FA7F:LocTypeDungeonPOI:KYWD	00396B77:LocTypeDungeon:KYWD	003D5B63:LocLootScaleSmall:KYWD	004E8569:LocThemeOutdoors:KYWD	0055C692:DungeonTypeCompound:KYWD						3	ESSChanceMainRobots	5.000000		EMSChanceVariantNormal	45.000000		EMSChanceVariantScorched	5.000000																																																																																																																													0	0	0	None	0	002F7091:SubRegionCranberry14Location:Cranberry Bog	0.000000	1.000000	
0037FA81	LocCranberryMacsFarmLocation	Mac's Farm	9	000012A1:LocRegionCranberryBog:KYWD	00064EDE:LocTypeClearable:KYWD	0033FE91:LocTypeFastTravelDestination:KYWD	0037FA7F:LocTypeDungeonPOI:KYWD	00396B77:LocTypeDungeon:KYWD	003A5E71:LocEncSupportLarge:KYWD	003D5B62:LocLootScalePOI:KYWD	004E8569:LocThemeOutdoors:KYWD	0055C696:DungeonTypeFarm:KYWD					3	ESSChanceMainMirelurks	5.000000		EMSChanceVariantNormal	45.000000		EMSChanceVariantScorched	5.000000																																																																																																																													0	0	0	None	0	002EE4E5:SubRegionCranberry02Location:Cranberry Bog	0.000000	1.000000	
0037FA82	LocToxicWillardCorporateHousingLocation	Willard Corporate Housing	8	00064EDE:LocTypeClearable:KYWD	00088AAB:LocRegionToxicValley:KYWD	0033FE91:LocTypeFastTravelDestination:KYWD	0037FA7F:LocTypeDungeonPOI:KYWD	00396B77:LocTypeDungeon:KYWD	004E855D:LocThemeWhiteCollar:KYWD	0055C692:DungeonTypeCompound:KYWD	005918A0:LocEncMainFloater:KYWD						0																																																																																																																																					0	0	0	None	0	002F707D:SubRegionToxicValley02Location:Toxic Valley	0.000000	1.000000	
0037FA83	LocMountainsTheVantageLocation	The Vantage	9	00064EDE:LocTypeClearable:KYWD	001789F7:LocRegionMountain:KYWD	0033FE91:LocTypeFastTravelDestination:KYWD	0037FA7F:LocTypeDungeonPOI:KYWD	00396B77:LocTypeDungeon:KYWD	003D5B63:LocLootScaleSmall:KYWD	004E8564:LocThemeRaider:KYWD	0055C692:DungeonTypeCompound:KYWD	005723C8:LocEncMainBloodEagles:KYWD					0																																																																																																																																					0	0	0	None	0	002F7100:SubRegionMountains20Location:Savage Divide	0.000000	1.000000	
0037FA84	LocMountainsToxicLarrysMeatnGoLocation	Toxic Larry's Meat 'n Go	8	00064EDE:LocTypeClearable:KYWD	001789F7:LocRegionMountain:KYWD	0033FE91:LocTypeFastTravelDestination:KYWD	0037FA7F:LocTypeDungeonPOI:KYWD	00396B77:LocTypeDungeon:KYWD	003D5B63:LocLootScaleSmall:KYWD	004E8564:LocThemeRaider:KYWD	0055C692:DungeonTypeCompound:KYWD						1	ESSChanceMainMutationsLARGE	5.000000																																																																																																																																			0	0	0	None	0	002F70F8:SubRegionMountains12Location:Savage Divide	0.000000	1.000000	
0037FA85	LocMTRRedRocketFillingStationLocation	Red Rocket Filling Station	9	0001CA8B:LocRegionMTR:KYWD	00064EDE:LocTypeClearable:KYWD	0033FE91:LocTypeFastTravelDestination:KYWD	0037FA7F:LocTypeDungeonPOI:KYWD	00396B77:LocTypeDungeon:KYWD	003D5B62:LocLootScalePOI:KYWD	004E8568:LocThemeRedRocket:KYWD	0055C69E:DungeonTypeStore:KYWD	005918A0:LocEncMainFloater:KYWD					0																																																																																																																																					0	0	0	None	0	002EE569:SubRegionMountainRemoval05Location:The Ash Heap	0.000000	1.000000	
0037FA86	LocToxicKiddieCornerCabinsLocation	Kiddie Corner Cabins	6	00064EDE:LocTypeClearable:KYWD	00088AAB:LocRegionToxicValley:KYWD	0033FE91:LocTypeFastTravelDestination:KYWD	003A5E71:LocEncSupportLarge:KYWD	003D5B63:LocLootScaleSmall:KYWD	004E8569:LocThemeOutdoors:KYWD								2	ESSChanceMainMutationsLARGE	5.000000		ESSChanceMainScorpionsLARGE	5.000000																																																																																																																																0	0	0	None	0	002F707D:SubRegionToxicValley02Location:Toxic Valley	0.000000	1.000000	
0037FA9A	LocMountainsNorthCutthroatCampLocation	North Cutthroat Camp	6	00064EDE:LocTypeClearable:KYWD	001789F7:LocRegionMountain:KYWD	0033FE91:LocTypeFastTravelDestination:KYWD	003D5B63:LocLootScaleSmall:KYWD	004E8564:LocThemeRaider:KYWD	0055C6AC:LocEncMainRaider:KYWD								0																																																																																																																																					0	0	0	None	0	002F70F6:SubRegionMountains10Location:Savage Divide	0.000000	1.000000	
0037FA87	LocMountainsBeckwithFarmLocation	Beckwith Farm	7	00064EDE:LocTypeClearable:KYWD	001789F7:LocRegionMountain:KYWD	0033FE91:LocTypeFastTravelDestination:KYWD	003A5E71:LocEncSupportLarge:KYWD	003D5B63:LocLootScaleSmall:KYWD	004E8569:LocThemeOutdoors:KYWD	0055C696:DungeonTypeFarm:KYWD							7	ESSChanceMainMirelurks	5.000000		ESSChanceMainMutationsLARGE	5.000000		ESSChanceMainYaoGuaiLARGE	5.000000		ESSChanceMainStingwingLARGE	5.000000		ESSChanceMainGulperLARGE	5.000000		ESSChanceMainAnglerLARGE	5.000000		ESSChanceMainToadLARGE	5.000000																																																																																																																	0	0	0	None	0	002F70F9:SubRegionMountains13LocationLOW:Savage Divide	0.000000	1.000000	
0037FA88	LocForestDarlingSistersLabLocation	Darling Sister's Lab	9	0001564F:LocRegionForestFloodlands:KYWD	00064EDE:LocTypeClearable:KYWD	0033FE91:LocTypeFastTravelDestination:KYWD	0037FA7F:LocTypeDungeonPOI:KYWD	00396B77:LocTypeDungeon:KYWD	003D5B63:LocLootScaleSmall:KYWD	004E855D:LocThemeWhiteCollar:KYWD	0055C692:DungeonTypeCompound:KYWD	005918A0:LocEncMainFloater:KYWD					0																																																																																																																																					0	0	0	None	0	0004BE65:SubRegionForestFloodlands04Location:The Forest	0.000000	1.000000	
0037FA95	LocMountainsAutumnAcreCabinLocation	Autumn Acre Cabin	8	00064EDE:LocTypeClearable:KYWD	001789F7:LocRegionMountain:KYWD	0033FE91:LocTypeFastTravelDestination:KYWD	0037FA7F:LocTypeDungeonPOI:KYWD	00396B77:LocTypeDungeon:KYWD	003D5B62:LocLootScalePOI:KYWD	004E8569:LocThemeOutdoors:KYWD	0055C694:DungeonTypeCabin:KYWD						1	ESSChanceMainWolf	5.000000																																																																																																																																			0	0	0	None	0	002F70F8:SubRegionMountains12Location:Savage Divide	0.000000	1.000000	
0037FA8A	LocForestTransmissionStation1ATU03Location	Transmission Station 1AT-U03	5	0001564F:LocRegionForestFloodlands:KYWD	0033FE91:LocTypeFastTravelDestination:KYWD	003D5B62:LocLootScalePOI:KYWD	004E855C:LocThemeWorkingClass:KYWD	0055C699:DungeonTypeCommBuilding:KYWD									1	ESSChanceMainMolerats	5.000000																																																																																																																																			0	0	0	None	0	002EE525:SubRegionForestFloodlands06LocationLOW:The Forest	0.000000	1.000000	
0037FA8B	LocSwampMossTownLocation	Mosstown	8	0001CA8C:LocRegionSwampForest:KYWD	00064EDE:LocTypeClearable:KYWD	0033FE91:LocTypeFastTravelDestination:KYWD	0037FA7F:LocTypeDungeonPOI:KYWD	00396B77:LocTypeDungeon:KYWD	003D4B10:LocLootScaleMedium:KYWD	004E8569:LocThemeOutdoors:KYWD	0055C698:DungeonTypeTown:KYWD						1	ESSChanceMainScorched	5.000000																																																																																																																																			0	0	0	None	0	002F706D:SubRegionSwamp06Location:Mire	0.000000	1.000000	
0037FA8C	LocForestHorizonsRestLocation	Horizon's Rest	9	0001564F:LocRegionForestFloodlands:KYWD	00022612:LocTypeResponderEyebot:KYWD	00064EDE:LocTypeClearable:KYWD	0033FE91:LocTypeFastTravelDestination:KYWD	0037FA7F:LocTypeDungeonPOI:KYWD	00396B77:LocTypeDungeon:KYWD	003D5B63:LocLootScaleSmall:KYWD	004E8569:LocThemeOutdoors:KYWD	0055C692:DungeonTypeCompound:KYWD					1	ESSChanceMainSuperMutants	10.000000																																																																																																																																			0	0	0	None	0	002EE555:SubRegionForestFloodlands19Location:The Forest	0.000000	1.000000	
0037FA8D	LocForestGrovesFamilyCabinLocation	Groves Family Cabin	8	0001564F:LocRegionForestFloodlands:KYWD	00064EDE:LocTypeClearable:KYWD	0033FE91:LocTypeFastTravelDestination:KYWD	0037FA7F:LocTypeDungeonPOI:KYWD	00396B77:LocTypeDungeon:KYWD	003D5B62:LocLootScalePOI:KYWD	004E8569:LocThemeOutdoors:KYWD	0055C694:DungeonTypeCabin:KYWD						1	ESSChanceMainScorched	5.000000																																																																																																																																			0	0	0	None	0	0004BDFD:SubRegionForestFloodlands02Location:The Forest	0.000000	1.000000	
0037FA8E	LocToxicCobbletonFarmLocation	Cobbleton Farm	9	00064EDE:LocTypeClearable:KYWD	00088AAB:LocRegionToxicValley:KYWD	0033FE91:LocTypeFastTravelDestination:KYWD	0037FA7F:LocTypeDungeonPOI:KYWD	00396B77:LocTypeDungeon:KYWD	003A5E71:LocEncSupportLarge:KYWD	003D5B63:LocLootScaleSmall:KYWD	004E8569:LocThemeOutdoors:KYWD	0055C696:DungeonTypeFarm:KYWD					1	ESSChanceMainGhouls	5.000000																																																																																																																																			0	0	0	None	0	002F7080:SubRegionToxicValley05LocationLOW:Toxic Valley	0.000000	1.000000	
0037FA8F	LocMountainsTheRoseRoomLocation	The Rose Room	8	00064EDE:LocTypeClearable:KYWD	001789F7:LocRegionMountain:KYWD	0033FE91:LocTypeFastTravelDestination:KYWD	0037FA7F:LocTypeDungeonPOI:KYWD	00396B77:LocTypeDungeon:KYWD	003D5B62:LocLootScalePOI:KYWD	004E8560:LocThemeWealthy:KYWD	0055C697:DungeonTypeHouse:KYWD						1	ESSChanceMainScorched	5.000000																																																																																																																																			0	0	0	None	0	002F70F3:SubRegionMountains07Location:Savage Divide	0.000000	1.000000	
0037FA90	LocMountainsSouthCutthroatCampLocation	South Cutthroat Camp	9	00064EDE:LocTypeClearable:KYWD	001789F7:LocRegionMountain:KYWD	0033FE91:LocTypeFastTravelDestination:KYWD	0037FA7F:LocTypeDungeonPOI:KYWD	00396B77:LocTypeDungeon:KYWD	003D5B63:LocLootScaleSmall:KYWD	004E8564:LocThemeRaider:KYWD	0055C692:DungeonTypeCompound:KYWD	005723C8:LocEncMainBloodEagles:KYWD					0																																																																																																																																					0	0	0	None	0	002F70F9:SubRegionMountains13LocationLOW:Savage Divide	0.000000	1.000000	
0037FA91	LocForestLadyJanetSoftServeLocation	Lady Janet's Soft Serve	8	0001564F:LocRegionForestFloodlands:KYWD	00064EDE:LocTypeClearable:KYWD	0033FE91:LocTypeFastTravelDestination:KYWD	0037FA7F:LocTypeDungeonPOI:KYWD	00396B77:LocTypeDungeon:KYWD	003D5B63:LocLootScaleSmall:KYWD	004E8569:LocThemeOutdoors:KYWD	0055C6A0:DungeonTypeRestaurant:KYWD						1	ESSChanceMainGhouls	5.000000																																																																																																																																			0	0	0	None	0	0004BE74:SubRegionForestFloodlands05Location:The Forest	0.000000	1.000000	
0037FA92	LocForestTwinPineCabinsLocation	Twin Pine Cabins	9	0001564F:LocRegionForestFloodlands:KYWD	00064EDE:LocTypeClearable:KYWD	0033FE91:LocTypeFastTravelDestination:KYWD	0037FA7F:LocTypeDungeonPOI:KYWD	00396B77:LocTypeDungeon:KYWD	003D5B63:LocLootScaleSmall:KYWD	004E8564:LocThemeRaider:KYWD	0055C694:DungeonTypeCabin:KYWD	005723C8:LocEncMainBloodEagles:KYWD					0																																																																																																																																					0	0	0	None	0	002EE527:SubRegionForestFloodlands08LocationLOW:The Forest	0.000000	1.000000	
0037FA93	LocForestMarigoldPavilionLocation	Marigold Pavilion	4	0001564F:LocRegionForestFloodlands:KYWD	0033FE91:LocTypeFastTravelDestination:KYWD	003D5B62:LocLootScalePOI:KYWD	004E8569:LocThemeOutdoors:KYWD										0																																																																																																																																					0	0	0	None	0	002EE52D:SubRegionForestFloodlands11LocationLOW:The Forest	0.000000	1.000000	
0037FA94	LocMountainsSkullboneVantageLocation	Skullbone Vantage	9	00064EDE:LocTypeClearable:KYWD	001789F7:LocRegionMountain:KYWD	0033FE91:LocTypeFastTravelDestination:KYWD	0037FA7F:LocTypeDungeonPOI:KYWD	00396B77:LocTypeDungeon:KYWD	003D5B63:LocLootScaleSmall:KYWD	004E8564:LocThemeRaider:KYWD	0055C692:DungeonTypeCompound:KYWD	005723C8:LocEncMainBloodEagles:KYWD					0																																																																																																																																					0	0	0	None	0	002F70F6:SubRegionMountains10Location:Savage Divide	0.000000	1.000000	
0037FA96	LocCranberryNARRepairYardLocation	NAR Repair Yard	4	000012A1:LocRegionCranberryBog:KYWD	0033FE91:LocTypeFastTravelDestination:KYWD	003D5B63:LocLootScaleSmall:KYWD	004E8569:LocThemeOutdoors:KYWD										0																																																																																																																																					0	0	0	None	0	002F7092:SubRegionCranberry15Location:Cranberry Bog	0.000000	1.000000	
0037FA97	LocForestWidowsPerchLocation	Widow's Perch	9	0001564F:LocRegionForestFloodlands:KYWD	00064EDE:LocTypeClearable:KYWD	0033FE91:LocTypeFastTravelDestination:KYWD	0037FA7F:LocTypeDungeonPOI:KYWD	00396B77:LocTypeDungeon:KYWD	003D5B63:LocLootScaleSmall:KYWD	004E8569:LocThemeOutdoors:KYWD	0055C692:DungeonTypeCompound:KYWD	005723C8:LocEncMainBloodEagles:KYWD					0																																																																																																																																					0	0	0	None	0	0031AEEB:SubRegionForestFloodlands27Location:The Forest	0.000000	1.000000	
0037FA98	LocMountainsBaileyFamilyCabinLocation	Bailey Family Cabin	9	00064EDE:LocTypeClearable:KYWD	001789F7:LocRegionMountain:KYWD	0033FE91:LocTypeFastTravelDestination:KYWD	0037FA7F:LocTypeDungeonPOI:KYWD	00396B77:LocTypeDungeon:KYWD	003D5B63:LocLootScaleSmall:KYWD	004E8569:LocThemeOutdoors:KYWD	0055C694:DungeonTypeCabin:KYWD	0091A07C:SDOW_LocEncMainSlashers:KYWD					1	ESSChanceMainScorched	5.000000																																																																																																																																			0	0	0	None	0	002F70EF:SubRegionMountains03Location:Savage Divide	0.000000	1.000000	
0037FA99	LocCranberryDropSiteG3Location	Drop Site G3	8	000012A1:LocRegionCranberryBog:KYWD	00064EDE:LocTypeClearable:KYWD	0033FE91:LocTypeFastTravelDestination:KYWD	0037FA7F:LocTypeDungeonPOI:KYWD	00396B77:LocTypeDungeon:KYWD	003D5B63:LocLootScaleSmall:KYWD	004E8569:LocThemeOutdoors:KYWD	0055C692:DungeonTypeCompound:KYWD						3	ESSChanceMainGhouls	5.000000		EMSChanceVariantNormal	45.000000		EMSChanceVariantScorched	5.000000																																																																																																																													0	0	0	None	0	002F7090:SubRegionCranberry13Location:Cranberry Bog	0.000000	1.000000	
0037FA9B	LocCranberryQuarryX3Location	Quarry X3	10	000012A1:LocRegionCranberryBog:KYWD	00064EDE:LocTypeClearable:KYWD	0033FE91:LocTypeFastTravelDestination:KYWD	0037FA7F:LocTypeDungeonPOI:KYWD	00396B77:LocTypeDungeon:KYWD	003A5E71:LocEncSupportLarge:KYWD	003A5E72:LocEncSupportGiant:KYWD	003D5B63:LocLootScaleSmall:KYWD	004E855C:LocThemeWorkingClass:KYWD	0055C692:DungeonTypeCompound:KYWD				3	ESSChanceMainMirelurks	5.000000		EMSChanceVariantNormal	45.000000		EMSChanceVariantScorched	5.000000																																																																																																																													0	0	0	None	0	002F7090:SubRegionCranberry13Location:Cranberry Bog	0.000000	1.000000	
0037FA9C	LocMountainsSenecaGangCampLocation	Seneca Gang Camp	9	00064EDE:LocTypeClearable:KYWD	001789F7:LocRegionMountain:KYWD	0033FE91:LocTypeFastTravelDestination:KYWD	0037FA7F:LocTypeDungeonPOI:KYWD	00396B77:LocTypeDungeon:KYWD	003D5B63:LocLootScaleSmall:KYWD	004E8564:LocThemeRaider:KYWD	0055C692:DungeonTypeCompound:KYWD	005723C8:LocEncMainBloodEagles:KYWD					0																																																																																																																																					0	0	0	None	0	002F70F7:SubRegionMountains11Location:Savage Divide	0.000000	1.000000	
0037FA9D	LocCranberryDropSiteV9Location	Drop Site V9	8	000012A1:LocRegionCranberryBog:KYWD	00064EDE:LocTypeClearable:KYWD	0033FE91:LocTypeFastTravelDestination:KYWD	0037FA7F:LocTypeDungeonPOI:KYWD	00396B77:LocTypeDungeon:KYWD	003D5B63:LocLootScaleSmall:KYWD	004E8569:LocThemeOutdoors:KYWD	0055C692:DungeonTypeCompound:KYWD						3	ESSChanceMainScorched	5.000000		EMSChanceVariantNormal	45.000000		EMSChanceVariantScorched	5.000000																																																																																																																													0	0	0	None	0	002F7094:SubRegionCranberry17Location:Cranberry Bog	0.000000	1.000000	
0038E4BE	LocMountainsLookoutTower08Location	South Mountain Lookout	8	00064EDE:LocTypeClearable:KYWD	001789F7:LocRegionMountain:KYWD	0033FE91:LocTypeFastTravelDestination:KYWD	0037FA7F:LocTypeDungeonPOI:KYWD	00396B77:LocTypeDungeon:KYWD	003D5B63:LocLootScaleSmall:KYWD	004E8569:LocThemeOutdoors:KYWD	0055C6A1:DungeonTypeLookoutTower:KYWD						1	ESSChanceMainScorched	5.000000																																																																																																																																			0	0	0	None	0	00338739:SubRegionMountains25Location:Savage Divide	0.000000	1.000000	
003919F8	LocCranberryForwardStationDeltaLocation	Forward Station Delta	8	000012A1:LocRegionCranberryBog:KYWD	00064EDE:LocTypeClearable:KYWD	0033FE91:LocTypeFastTravelDestination:KYWD	0037FA7F:LocTypeDungeonPOI:KYWD	00396B77:LocTypeDungeon:KYWD	003D5B63:LocLootScaleSmall:KYWD	004E856B:LocThemeBoS:KYWD	0055C693:DungeonTypeCamp:KYWD						3	ESSChanceMainGhouls	5.000000		EMSChanceVariantNormal	45.000000		EMSChanceVariantScorched	5.000000																																																																																																																													0	0	0	None	0	002F7094:SubRegionCranberry17Location:Cranberry Bog	0.000000	1.000000	
003919FB	LocCranberryLostHomeLocation	Lost Home	4	000012A1:LocRegionCranberryBog:KYWD	0033FE91:LocTypeFastTravelDestination:KYWD	003D5B63:LocLootScaleSmall:KYWD	004E8569:LocThemeOutdoors:KYWD										3	ESSChanceMainViciousDog	5.000000		EMSChanceVariantNormal	45.000000		EMSChanceVariantScorched	5.000000																																																																																																																													0	0	0	None	0	002F7092:SubRegionCranberry15Location:Cranberry Bog	0.000000	1.000000	
003919D4	LocForestBleedingKatesGrinderLocation	Bleeding Kate's Grindhouse	8	0001564F:LocRegionForestFloodlands:KYWD	00064EDE:LocTypeClearable:KYWD	0033FE91:LocTypeFastTravelDestination:KYWD	0037FA7F:LocTypeDungeonPOI:KYWD	00396B77:LocTypeDungeon:KYWD	003D5B63:LocLootScaleSmall:KYWD	004E8564:LocThemeRaider:KYWD	0055C693:DungeonTypeCamp:KYWD						1	ESSChanceMainStingwingLARGE	5.000000																																																																																																																																			0	0	0	None	0	0031AEEB:SubRegionForestFloodlands27Location:The Forest	0.000000	1.000000	
003919B0	LocMountainsCliffwatchLocation	Cliffwatch	9	00064EDE:LocTypeClearable:KYWD	001789F7:LocRegionMountain:KYWD	0033FE91:LocTypeFastTravelDestination:KYWD	0037FA7F:LocTypeDungeonPOI:KYWD	00396B77:LocTypeDungeon:KYWD	003D5B63:LocLootScaleSmall:KYWD	004E8564:LocThemeRaider:KYWD	0055C692:DungeonTypeCompound:KYWD	005723C8:LocEncMainBloodEagles:KYWD					0																																																																																																																																					0	0	0	None	0	002F70F9:SubRegionMountains13LocationLOW:Savage Divide	0.000000	1.000000	
003919FF	LocCranberrySurveyCampAlphaLocation	Survey Camp Alpha	8	000012A1:LocRegionCranberryBog:KYWD	00064EDE:LocTypeClearable:KYWD	0033FE91:LocTypeFastTravelDestination:KYWD	0037FA7F:LocTypeDungeonPOI:KYWD	00396B77:LocTypeDungeon:KYWD	003D5B63:LocLootScaleSmall:KYWD	004E856B:LocThemeBoS:KYWD	0055C693:DungeonTypeCamp:KYWD						3	ESSChanceMainRobots	5.000000		EMSChanceVariantNormal	45.000000		EMSChanceVariantScorched	5.000000																																																																																																																													0	0	0	None	0	002F7093:SubRegionCranberry16Location:Cranberry Bog	0.000000	1.000000	
003919AB	LocMountainsSafeNCleanDisposalLocation	Safe 'n Clean Disposal	9	00064EDE:LocTypeClearable:KYWD	001789F7:LocRegionMountain:KYWD	0033FE91:LocTypeFastTravelDestination:KYWD	0037FA7F:LocTypeDungeonPOI:KYWD	00396B77:LocTypeDungeon:KYWD	003D5B63:LocLootScaleSmall:KYWD	004E855C:LocThemeWorkingClass:KYWD	0055C692:DungeonTypeCompound:KYWD	005918A0:LocEncMainFloater:KYWD					0																																																																																																																																					0	0	0	None	0	002F70FD:SubRegionMountains17Location:Savage Divide	0.000000	1.000000	
003919E4	LocMountainsAmmoDumpLocation	Ammo Dump	9	00064EDE:LocTypeClearable:KYWD	001789F7:LocRegionMountain:KYWD	0033FE91:LocTypeFastTravelDestination:KYWD	0037FA7F:LocTypeDungeonPOI:KYWD	00396B77:LocTypeDungeon:KYWD	003D5B63:LocLootScaleSmall:KYWD	004E8564:LocThemeRaider:KYWD	0055C693:DungeonTypeCamp:KYWD	005723C8:LocEncMainBloodEagles:KYWD					0																																																																																																																																					0	0	0	None	0	002F70F4:SubRegionMountains08Location:Savage Divide	0.000000	1.000000	
00391A01	LocCranberryOldMoldQuarryLocation	Old Mold Quarry	10	000012A1:LocRegionCranberryBog:KYWD	00064EDE:LocTypeClearable:KYWD	0033FE91:LocTypeFastTravelDestination:KYWD	0037FA7F:LocTypeDungeonPOI:KYWD	00396B77:LocTypeDungeon:KYWD	003A5E71:LocEncSupportLarge:KYWD	003D5B63:LocLootScaleSmall:KYWD	004E855C:LocThemeWorkingClass:KYWD	0055C692:DungeonTypeCompound:KYWD	005918A0:LocEncMainFloater:KYWD				2	EMSChanceVariantNormal	45.000000		EMSChanceVariantScorched	5.000000																																																																																																																																0	0	0	None	0	002EE4EE:SubRegionCranberry03Location:Cranberry Bog	0.000000	1.000000	
00391A04	LocCranberrySunriseFieldLocation	Sunrise Field	8	000012A1:LocRegionCranberryBog:KYWD	00064EDE:LocTypeClearable:KYWD	0033FE91:LocTypeFastTravelDestination:KYWD	0037FA7F:LocTypeDungeonPOI:KYWD	00396B77:LocTypeDungeon:KYWD	003D5B63:LocLootScaleSmall:KYWD	004E8569:LocThemeOutdoors:KYWD	0055C696:DungeonTypeFarm:KYWD						3	ESSChanceMainMirelurks	5.000000		EMSChanceVariantNormal	45.000000		EMSChanceVariantScorched	5.000000																																																																																																																													0	0	0	None	0	002F7093:SubRegionCranberry16Location:Cranberry Bog	0.000000	1.000000	
003919AE	LocMountainsYellowSandysStillLocation	Yellow Sandy's Still	4	001789F7:LocRegionMountain:KYWD	0033FE91:LocTypeFastTravelDestination:KYWD	003D5B63:LocLootScaleSmall:KYWD	004E8569:LocThemeOutdoors:KYWD										1	ESSChanceMainScorched	5.000000																																																																																																																																			0	0	0	None	0	002F70FA:SubRegionMountains14Location:Savage Divide	0.000000	1.000000	
00391999	LocMountainsRipperAlleyLocation	Ripper Alley	9	00064EDE:LocTypeClearable:KYWD	001789F7:LocRegionMountain:KYWD	0033FE91:LocTypeFastTravelDestination:KYWD	0037FA7F:LocTypeDungeonPOI:KYWD	00396B77:LocTypeDungeon:KYWD	003D5B63:LocLootScaleSmall:KYWD	004E8564:LocThemeRaider:KYWD	0055C692:DungeonTypeCompound:KYWD	005723C8:LocEncMainBloodEagles:KYWD					0																																																																																																																																					0	0	0	None	0	00338735:SubRegionMountains21Location:Savage Divide	0.000000	1.000000	
00391A07	LocCranberryForwardStationAlphaLocation	Forward Station Alpha	8	000012A1:LocRegionCranberryBog:KYWD	00064EDE:LocTypeClearable:KYWD	0033FE91:LocTypeFastTravelDestination:KYWD	0037FA7F:LocTypeDungeonPOI:KYWD	00396B77:LocTypeDungeon:KYWD	003D5B63:LocLootScaleSmall:KYWD	004E856B:LocThemeBoS:KYWD	0055C693:DungeonTypeCamp:KYWD						3	ESSChanceMainRobots	5.000000		EMSChanceVariantNormal	45.000000		EMSChanceVariantScorched	5.000000																																																																																																																													0	0	0	None	0	002EA098:SubRegionCranberry01Location:Cranberry Bog	0.000000	1.000000	
003919E9	LocMountainsSolomonsPondLocation	Solomon's Pond	9	00064EDE:LocTypeClearable:KYWD	001789F7:LocRegionMountain:KYWD	0033FE91:LocTypeFastTravelDestination:KYWD	0037FA7F:LocTypeDungeonPOI:KYWD	00396B77:LocTypeDungeon:KYWD	003A5E72:LocEncSupportGiant:KYWD	003D5B63:LocLootScaleSmall:KYWD	004E8569:LocThemeOutdoors:KYWD	0055C696:DungeonTypeFarm:KYWD					1	ESSChanceMainWolf	5.000000																																																																																																																																			0	0	0	None	0	002F7100:SubRegionMountains20Location:Savage Divide	0.000000	1.000000	
00391A0A	LocCranberryTheThornLocation	The Thorn	8	000012A1:LocRegionCranberryBog:KYWD	00064EDE:LocTypeClearable:KYWD	0033FE91:LocTypeFastTravelDestination:KYWD	0037FA7F:LocTypeDungeonPOI:KYWD	00396B77:LocTypeDungeon:KYWD	003D5B63:LocLootScaleSmall:KYWD	004E856B:LocThemeBoS:KYWD	0055C693:DungeonTypeCamp:KYWD						3	ESSChanceMainScorched	5.000000		EMSChanceVariantNormal	45.000000		EMSChanceVariantScorched	5.000000																																																																																																																													0	0	0	None	0	002EE524:SubRegionCranberry12Location:Cranberry Bog	0.000000	1.000000	
00391A0D	LocCranberryFirebaseMajorLocation	Firebase Major	8	000012A1:LocRegionCranberryBog:KYWD	00064EDE:LocTypeClearable:KYWD	0033FE91:LocTypeFastTravelDestination:KYWD	0037FA7F:LocTypeDungeonPOI:KYWD	00396B77:LocTypeDungeon:KYWD	003D5B63:LocLootScaleSmall:KYWD	004E856B:LocThemeBoS:KYWD	0055C693:DungeonTypeCamp:KYWD						3	ESSChanceMainGhouls	5.000000		EMSChanceVariantNormal	45.000000		EMSChanceVariantScorched	5.000000																																																																																																																													0	0	0	None	0	002EA098:SubRegionCranberry01Location:Cranberry Bog	0.000000	1.000000	
003919ED	LocMTRPleasantHillsCemeteryLocation	Pleasant Hills Cemetery	4	0001CA8B:LocRegionMTR:KYWD	0033FE91:LocTypeFastTravelDestination:KYWD	003D5B63:LocLootScaleSmall:KYWD	004E855B:LocThemeGeneral:KYWD										1	ESSChanceMainViciousDog	5.000000																																																																																																																																			0	0	0	None	0	002EE567:SubRegionMountainRemoval03Location:The Ash Heap	0.000000	1.000000	
00391A10	LocCranberryFirebaseLTLocation	Firebase LT	8	000012A1:LocRegionCranberryBog:KYWD	00064EDE:LocTypeClearable:KYWD	0033FE91:LocTypeFastTravelDestination:KYWD	0037FA7F:LocTypeDungeonPOI:KYWD	00396B77:LocTypeDungeon:KYWD	003D5B63:LocLootScaleSmall:KYWD	004E856B:LocThemeBoS:KYWD	0055C693:DungeonTypeCamp:KYWD						3	ESSChanceMainScorched	5.000000		EMSChanceVariantNormal	45.000000		EMSChanceVariantScorched	5.000000																																																																																																																													0	0	0	None	0	002EE4E5:SubRegionCranberry02Location:Cranberry Bog	0.000000	1.000000	
00391A13	LocCranberryFirebaseHancockLocation	Firebase Hancock	8	000012A1:LocRegionCranberryBog:KYWD	00064EDE:LocTypeClearable:KYWD	0033FE91:LocTypeFastTravelDestination:KYWD	0037FA7F:LocTypeDungeonPOI:KYWD	00396B77:LocTypeDungeon:KYWD	003D5B63:LocLootScaleSmall:KYWD	004E856B:LocThemeBoS:KYWD	0055C693:DungeonTypeCamp:KYWD						3	ESSChanceMainScorched	5.000000		EMSChanceVariantNormal	45.000000		EMSChanceVariantScorched	5.000000																																																																																																																													0	0	0	None	0	002F7092:SubRegionCranberry15Location:Cranberry Bog	0.000000	1.000000	
003919CE	LocMountainsJohnsonsAcreLocation	Johnson's Acre	9	00064EDE:LocTypeClearable:KYWD	001789F7:LocRegionMountain:KYWD	0033FE91:LocTypeFastTravelDestination:KYWD	0037FA7F:LocTypeDungeonPOI:KYWD	00396B77:LocTypeDungeon:KYWD	003D5B63:LocLootScaleSmall:KYWD	0051ABD4:LocThemeCultist:KYWD	0055C694:DungeonTypeCabin:KYWD	0055F245:LocEncMainCultist:KYWD					0																																																																																																																																					0	0	0	None	0	0033873E:SubRegionMountains30Location:Savage Divide	0.000000	1.000000	
00391A16	LocCranberrySuperiorSunsetFarmLocation	Superior Sunset Farm	8	000012A1:LocRegionCranberryBog:KYWD	00064EDE:LocTypeClearable:KYWD	0033FE91:LocTypeFastTravelDestination:KYWD	0037FA7F:LocTypeDungeonPOI:KYWD	00396B77:LocTypeDungeon:KYWD	003D5B63:LocLootScaleSmall:KYWD	004E8569:LocThemeOutdoors:KYWD	0055C696:DungeonTypeFarm:KYWD						3	ESSChanceMainMirelurks	5.000000		EMSChanceVariantNormal	45.000000		EMSChanceVariantScorched	5.000000																																																																																																																													0	0	0	None	0	002EE524:SubRegionCranberry12Location:Cranberry Bog	0.000000	1.000000	
003919F0	LocMTRRollinsWorkCampLocation	Rollins Labor Camp	10	0001CA8B:LocRegionMTR:KYWD	00064EDE:LocTypeClearable:KYWD	0033FE91:LocTypeFastTravelDestination:KYWD	0037FA7F:LocTypeDungeonPOI:KYWD	00396B77:LocTypeDungeon:KYWD	003D5B63:LocLootScaleSmall:KYWD	004E855C:LocThemeWorkingClass:KYWD	0055C693:DungeonTypeCamp:KYWD	0055C6AC:LocEncMainRaider:KYWD	005723C8:LocEncMainBloodEagles:KYWD				0																																																																																																																																					0	0	0	None	0	002EE56A:SubRegionMountainRemoval06Location:The Ash Heap	0.000000	1.000000	
00391A1A	LocToxicKnifeEdgeLocation	Knife Edge	8	00064EDE:LocTypeClearable:KYWD	00088AAB:LocRegionToxicValley:KYWD	0033FE91:LocTypeFastTravelDestination:KYWD	0037FA7F:LocTypeDungeonPOI:KYWD	00396B77:LocTypeDungeon:KYWD	003D5B63:LocLootScaleSmall:KYWD	004E8564:LocThemeRaider:KYWD	0055C692:DungeonTypeCompound:KYWD						1	ESSChanceMainScorpionsLARGE	5.000000																																																																																																																																			0	0	0	None	0	002F707F:SubRegionToxicValley04Location:Toxic Valley	0.000000	1.000000	
003919F3	LocMTRNicholsonsEndLocation	Nicholson's End	8	0001CA8B:LocRegionMTR:KYWD	00064EDE:LocTypeClearable:KYWD	0033FE91:LocTypeFastTravelDestination:KYWD	0037FA7F:LocTypeDungeonPOI:KYWD	00396B77:LocTypeDungeon:KYWD	003D5B62:LocLootScalePOI:KYWD	004E855C:LocThemeWorkingClass:KYWD	0055C692:DungeonTypeCompound:KYWD						1	ESSChanceMainSuperMutants	5.000000																																																																																																																																			0	0	0	None	0	002EE568:SubRegionMountainRemoval04Location:The Ash Heap	0.000000	1.000000	
003919D2	LocMountainsDentAndSonsConstructionLocation	Dent & Sons Construction	9	00064EDE:LocTypeClearable:KYWD	001789F7:LocRegionMountain:KYWD	0033FE91:LocTypeFastTravelDestination:KYWD	0037FA7F:LocTypeDungeonPOI:KYWD	00396B77:LocTypeDungeon:KYWD	003D5B63:LocLootScaleSmall:KYWD	003E9D50:LocEncMainBloodbug:KYWD	004E855C:LocThemeWorkingClass:KYWD	0055C692:DungeonTypeCompound:KYWD					0																																																																																																																																					0	0	0	None	0	00338769:SubRegionMountains33Location:Savage Divide	0.000000	1.000000	
00391A35	LocForestSlocumsJoeLocation	Slocum's Joe	4	0001564F:LocRegionForestFloodlands:KYWD	0033FE91:LocTypeFastTravelDestination:KYWD	003D5B62:LocLootScalePOI:KYWD	004E855B:LocThemeGeneral:KYWD										0																																																																																																																																					0	0	0	None	0	002EE52F:SubRegionForestFloodlands13LocationLOW:The Forest	0.000000	1.000000	
003919F5	LocMTRAMSTestSiteLocation	AMS Testing Site	10	0001CA8B:LocRegionMTR:KYWD	00064EDE:LocTypeClearable:KYWD	0033FE91:LocTypeFastTravelDestination:KYWD	0037FA7F:LocTypeDungeonPOI:KYWD	00396B77:LocTypeDungeon:KYWD	003A5E71:LocEncSupportLarge:KYWD	003D5B63:LocLootScaleSmall:KYWD	004E8563:LocThemeMiner:KYWD	0055C692:DungeonTypeCompound:KYWD	008A1490:LocTypeHostileTakeover:KYWD				1	ESSChanceMainGhouls	5.000000																																																																																																																																			0	0	0	None	0	002EE569:SubRegionMountainRemoval05Location:The Ash Heap	0.000000	1.000000	
00391A3E	LocForestAnchorFarmLocation	Anchor Farm	6	0001564F:LocRegionForestFloodlands:KYWD	00064EDE:LocTypeClearable:KYWD	0033FE91:LocTypeFastTravelDestination:KYWD	003D5B62:LocLootScalePOI:KYWD	004E8569:LocThemeOutdoors:KYWD	0055F9E1:LocEncMainSettler:KYWD								0																																																																																																																																					0	0	0	None	0	002EE526:SubRegionForestFloodlands07LocationLOW:The Forest	0.000000	1.000000	
003942AB	LocForestClancyManorLocation	Clancy Manor	9	0001564F:LocRegionForestFloodlands:KYWD	00064EDE:LocTypeClearable:KYWD	0033FE91:LocTypeFastTravelDestination:KYWD	0037FA7F:LocTypeDungeonPOI:KYWD	00396B77:LocTypeDungeon:KYWD	003D5B63:LocLootScaleSmall:KYWD	0051ABD4:LocThemeCultist:KYWD	0055C697:DungeonTypeHouse:KYWD	0055F245:LocEncMainCultist:KYWD					0																																																																																																																																					0	0	0	None	0	0004BE5A:SubRegionForestFloodlands03Location:The Forest	0.000000	1.000000	
003942AE	LocSwampExcelsiorModelHomeLocation	Excelsior Model Home	4	0001CA8C:LocRegionSwampForest:KYWD	0033FE91:LocTypeFastTravelDestination:KYWD	003D5B63:LocLootScaleSmall:KYWD	004E8569:LocThemeOutdoors:KYWD										2	EMSChanceVariantNormal	45.000000		EMSChanceVariantScorched	5.000000																																																																																																																																0	0	0	None	0	002F706C:SubRegionSwamp05Location:Mire	0.000000	1.000000	
003942B1	LocMountainsTheFreakShowLocation	The Freak Show	7	00064EDE:LocTypeClearable:KYWD	001789F7:LocRegionMountain:KYWD	0033FE91:LocTypeFastTravelDestination:KYWD	003A5E71:LocEncSupportLarge:KYWD	003A5E72:LocEncSupportGiant:KYWD	003D5B63:LocLootScaleSmall:KYWD	004E8564:LocThemeRaider:KYWD							16	ESSChanceMainInsects	5.000000		ESSChanceMainMirelurks	5.000000		ESSChanceSubInsect	5.000000		ESSChanceSubMirelurks	5.000000		ESSChanceMainHoneyBeastLARGE	3.000000		ESSChanceMainMolerats	5.000000		ESSChanceMainRats	5.000000		ESSChanceMainScorpionsLARGE	2.000000		ESSChanceSubHoneyBeastLARGE	3.000000		ESSChanceSubMolerats	5.000000		ESSChanceSubRats	5.000000		ESSChanceSubScorpionsLARGE	2.000000		ESSChanceMainWolf	5.000000		ESSChanceSubWolf	5.000000		ESSChanceMainToadLARGE	5.000000		ESSChanceSubToadLARGE	5.000000																																																																																						0	0	0	None	0	0033873A:SubRegionMountains26Location:Savage Divide	0.000000	1.000000	
0039C3CC	LocSwampTreetopsLocation	Treetops	7	0001CA8C:LocRegionSwampForest:KYWD	00064EDE:LocTypeClearable:KYWD	0033FE91:LocTypeFastTravelDestination:KYWD	003A5E71:LocEncSupportLarge:KYWD	003A5E72:LocEncSupportGiant:KYWD	003D5B63:LocLootScaleSmall:KYWD	004E8569:LocThemeOutdoors:KYWD							5	ESSChanceMainMutationsLARGE	5.000000		ESSChanceMainHoneyBeastLARGE	5.000000		ESSChanceMainMegaslothGIANTONLY	5.000000		EMSChanceVariantNormal	45.000000		EMSChanceVariantScorched	5.000000																																																																																																																							0	0	0	None	0	002F7071:SubRegionSwamp10Location:Mire	0.000000	1.000000	
0039EA8D	LocSwampFreeStatesBunker06Location	Abandoned Bunker	7	00003954:LocTypeInteriorCell:KYWD	0001CA8C:LocRegionSwampForest:KYWD	0033FE91:LocTypeFastTravelDestination:KYWD	003D5B63:LocLootScaleSmall:KYWD	004E855B:LocThemeGeneral:KYWD	0057E1EC:LocTypeInstancedCell:KYWD	007BD03F:LocTypeFishingExcluded:KYWD							2	EMSChanceVariantNormal	45.000000		EMSChanceVariantScorched	5.000000																																																																																																																																0	0	0	None	0	002F7069:SubRegionSwamp02Location:Mire	0.000000	1.000000	
0039EA8E	LocSwampFreeStatesBunker07Location	Ransacked Bunker	5	00003954:LocTypeInteriorCell:KYWD	0001CA8C:LocRegionSwampForest:KYWD	0033FE91:LocTypeFastTravelDestination:KYWD	003D5B63:LocLootScaleSmall:KYWD	004E855B:LocThemeGeneral:KYWD									2	EMSChanceVariantNormal	45.000000		EMSChanceVariantScorched	5.000000																																																																																																																																0	0	0	None	0	002F7070:SubRegionSwamp09Location:Mire	0.000000	1.000000	
0039F019	LocMTRBelchingBettyLocation	Belching Betty	9	00003954:LocTypeInteriorCell:KYWD	0001CA8B:LocRegionMTR:KYWD	000254BC:LocTypeDungeonMajor:KYWD	00064EDE:LocTypeClearable:KYWD	0033FE91:LocTypeFastTravelDestination:KYWD	00396B77:LocTypeDungeon:KYWD	003D4B10:LocLootScaleMedium:KYWD	004E8563:LocThemeMiner:KYWD	0055C69A:DungeonTypeMine:KYWD					1	ESSChanceMainScorched	5.000000																																																																																																																																			0	0	0	None	0	004429B0:SubRegionMountainRemoval08LocationLOW:The Ash Heap	0.000000	1.000000	
0039F08B	LocForestLookoutTower09Location	Flatwoods Lookout	5	0001564F:LocRegionForestFloodlands:KYWD	0033FE91:LocTypeFastTravelDestination:KYWD	003D5B63:LocLootScaleSmall:KYWD	004E855B:LocThemeGeneral:KYWD	0055C6A1:DungeonTypeLookoutTower:KYWD									0																																																																																																																																					0	0	0	None	0	002EE52F:SubRegionForestFloodlands13LocationLOW:The Forest	0.000000	1.000000	
003A07A0	LocForestLookoutTower10Location	Camp Adams Lookout	4	0001564F:LocRegionForestFloodlands:KYWD	0033FE91:LocTypeFastTravelDestination:KYWD	003D5B63:LocLootScaleSmall:KYWD	004E855B:LocThemeGeneral:KYWD										0																																																																																																																																					0	0	0	None	0	0031AEDF:SubRegionForestFloodlands21Location:The Forest	0.000000	1.000000	
003A57E9	LocCranberryFissureSiteEpsilonLocation	Fissure Site	5	000012A1:LocRegionCranberryBog:KYWD	0033FE91:LocTypeFastTravelDestination:KYWD	004713C5:ChallengeFissureEpsilon:KYWD	004713D6:LocTypeFissure_Challenges:KYWD	004E8569:LocThemeOutdoors:KYWD									2	EMSChanceVariantNormal	45.000000		EMSChanceVariantScorched	5.000000																																																																																																																																0	0	0	None	0	002EE4E5:SubRegionCranberry02Location:Cranberry Bog	0.000000	1.000000	
003A57F0	LocForestFissureSiteThetaLocation	Fissure Site	5	0001564F:LocRegionForestFloodlands:KYWD	0033FE91:LocTypeFastTravelDestination:KYWD	004713C9:ChallengeFissureTheta:KYWD	004713D6:LocTypeFissure_Challenges:KYWD	004E8569:LocThemeOutdoors:KYWD									0																																																																																																																																					0	0	0	None	0	002EE556:SubRegionForestFloodlands20Location:The Forest	0.000000	1.000000	
003A57EF	LocMountainsFissureSiteTauLocation	Fissure Site	5	001789F7:LocRegionMountain:KYWD	0033FE91:LocTypeFastTravelDestination:KYWD	004713CC:ChallengeFissureTau:KYWD	004713D6:LocTypeFissure_Challenges:KYWD	004E8564:LocThemeRaider:KYWD									0																																																																																																																																					0	0	0	None	0	002F70F9:SubRegionMountains13LocationLOW:Savage Divide	0.000000	1.000000	
003A57EE	LocMountainsFissureSiteSigmaLocation	Fissure Site	5	001789F7:LocRegionMountain:KYWD	0033FE91:LocTypeFastTravelDestination:KYWD	004713CB:ChallengeFissureSigma:KYWD	004713D6:LocTypeFissure_Challenges:KYWD	004E8564:LocThemeRaider:KYWD									0																																																																																																																																					0	0	0	None	0	002F70F2:SubRegionMountains06Location:Savage Divide	0.000000	1.000000	
003A57ED	LocSwampFissureSiteOmicronLocation	Fissure Site	5	0001CA8C:LocRegionSwampForest:KYWD	0033FE91:LocTypeFastTravelDestination:KYWD	004713CE:ChallengeFissureOmicron:KYWD	004713D6:LocTypeFissure_Challenges:KYWD	004E8569:LocThemeOutdoors:KYWD									2	EMSChanceVariantNormal	45.000000		EMSChanceVariantScorched	5.000000																																																																																																																																0	0	0	None	0	002F706B:SubRegionSwamp04Location:Mire	0.000000	1.000000	
003A57EC	LocMTRFissureSiteOmegaLocation	Fissure Site	5	0001CA8B:LocRegionMTR:KYWD	0033FE91:LocTypeFastTravelDestination:KYWD	004713CD:ChallengeFissureOmega:KYWD	004713D6:LocTypeFissure_Challenges:KYWD	004E8569:LocThemeOutdoors:KYWD									0																																																																																																																																					0	0	0	None	0	002EE56B:SubRegionMountainRemoval07Location:The Ash Heap	0.000000	1.000000	
003A57EB	LocForestFissureSiteLambdaLocation	Fissure Site	5	0001564F:LocRegionForestFloodlands:KYWD	0033FE91:LocTypeFastTravelDestination:KYWD	004713C8:ChallengeFissureLambda:KYWD	004713D6:LocTypeFissure_Challenges:KYWD	004E8564:LocThemeRaider:KYWD									0																																																																																																																																					0	0	0	None	0	0031AEEC:SubRegionForestFloodlands28Location:The Forest	0.000000	1.000000	
003A57EA	LocForestFissureSiteKappaLocation	Fissure Site	5	0001564F:LocRegionForestFloodlands:KYWD	0033FE91:LocTypeFastTravelDestination:KYWD	004713C7:ChallengeFissureKappa:KYWD	004713D6:LocTypeFissure_Challenges:KYWD	004E8564:LocThemeRaider:KYWD									0																																																																																																																																					0	0	0	None	0	0004BE5A:SubRegionForestFloodlands03Location:The Forest	0.000000	1.000000	
003A59B7	LocMTRStrikerRowLocation	Striker Row	8	0001CA8B:LocRegionMTR:KYWD	00064EDE:LocTypeClearable:KYWD	0033FE91:LocTypeFastTravelDestination:KYWD	0037FA7F:LocTypeDungeonPOI:KYWD	00396B77:LocTypeDungeon:KYWD	003D5B63:LocLootScaleSmall:KYWD	004E8563:LocThemeMiner:KYWD	0055C692:DungeonTypeCompound:KYWD						1	ESSChanceMainRobots	5.000000																																																																																																																																			0	0	0	None	0	002EE56B:SubRegionMountainRemoval07Location:The Ash Heap	0.000000	1.000000	
003A59B6	SubForestCampAdamsLocation	Camp Adams	7	0001564F:LocRegionForestFloodlands:KYWD	00064EDE:LocTypeClearable:KYWD	0033FE91:LocTypeFastTravelDestination:KYWD	0037FA7F:LocTypeDungeonPOI:KYWD	00396B77:LocTypeDungeon:KYWD	003D5B62:LocLootScalePOI:KYWD	004E8569:LocThemeOutdoors:KYWD							1	ESSChanceMainViciousDog	5.000000																																																																																																																																			0	0	0	None	0	0031AEDF:SubRegionForestFloodlands21Location:The Forest	0.000000	1.000000	
003A59B2	LocMountainsUS13CBivouacLocation	US-13C Bivouac	8	00064EDE:LocTypeClearable:KYWD	001789F7:LocRegionMountain:KYWD	0033FE91:LocTypeFastTravelDestination:KYWD	0037FA7F:LocTypeDungeonPOI:KYWD	00396B77:LocTypeDungeon:KYWD	003D5B63:LocLootScaleSmall:KYWD	004E855F:LocThemeMilitary:KYWD	0055C692:DungeonTypeCompound:KYWD						1	ESSChanceMainGhouls	5.000000																																																																																																																																			0	0	0	None	0	00338736:SubRegionMountains22Location:Savage Divide	0.000000	1.000000	
003A5A30	LocCranberryLookoutTower12Location	Ranger Lookout	4	000012A1:LocRegionCranberryBog:KYWD	0033FE91:LocTypeFastTravelDestination:KYWD	003D5B63:LocLootScaleSmall:KYWD	004E8569:LocThemeOutdoors:KYWD										3	ESSChanceMainScorched	5.000000		EMSChanceVariantNormal	45.000000		EMSChanceVariantScorched	5.000000																																																																																																																													0	0	0	None	0	002EE4E5:SubRegionCranberry02Location:Cranberry Bog	0.000000	1.000000	
003A5A33	LocSwampLookoutTower13Location	Dolly Sods Lookout	4	0001CA8C:LocRegionSwampForest:KYWD	0033FE91:LocTypeFastTravelDestination:KYWD	003D5B63:LocLootScaleSmall:KYWD	004E8569:LocThemeOutdoors:KYWD										2	EMSChanceVariantNormal	45.000000		EMSChanceVariantScorched	5.000000																																																																																																																																0	0	0	None	0	002F706B:SubRegionSwamp04Location:Mire	0.000000	1.000000	
003A5A2F	LocSwampLookoutTower11Location	East Ridge Lookout	4	0001CA8C:LocRegionSwampForest:KYWD	0033FE91:LocTypeFastTravelDestination:KYWD	003D5B63:LocLootScaleSmall:KYWD	004E855B:LocThemeGeneral:KYWD										5	EMSChanceVariantNormal	45.000000		EMSChanceVariantScorched	5.000000		ESSChanceMainBloodbug	5.000000		ESSChanceMainBloatfly	5.000000		ESSChanceMainRadAnt	5.000000																																																																																																																							0	0	0	None	0	002F7069:SubRegionSwamp02Location:Mire	0.000000	1.000000	
003A90BE	LocMountainsSludgeHoleLocation	The Sludge Hole	9	00064EDE:LocTypeClearable:KYWD	001789F7:LocRegionMountain:KYWD	0033FE91:LocTypeFastTravelDestination:KYWD	0037FA7F:LocTypeDungeonPOI:KYWD	00396B77:LocTypeDungeon:KYWD	003A5E71:LocEncSupportLarge:KYWD	003D5B63:LocLootScaleSmall:KYWD	004E8564:LocThemeRaider:KYWD	0055C693:DungeonTypeCamp:KYWD					1	ESSChanceMainToadLARGE	5.000000																																																																																																																																			0	0	0	None	0	002F70F7:SubRegionMountains11Location:Savage Divide	0.000000	1.000000	
003A9161	WarehouseHostileDetectionActorHoldingLocation		0														0																																																																																																																																					0	0	0	None	0		0.000000	1.000000	
003AB0C4	NoResetLocation	No Reset Location	0														0																																																																																																																																					0	0	0	Raid	0		0.000000	1.000000	
003AB0CC	LocForestHornwrightSummerVillaLocation	Hornwright Summer Villa	8	0001564F:LocRegionForestFloodlands:KYWD	00064EDE:LocTypeClearable:KYWD	0033FE91:LocTypeFastTravelDestination:KYWD	0037FA7F:LocTypeDungeonPOI:KYWD	00396B77:LocTypeDungeon:KYWD	003D5B63:LocLootScaleSmall:KYWD	004E8560:LocThemeWealthy:KYWD	0055C697:DungeonTypeHouse:KYWD						1	ESSChanceMainLiberators	5.000000																																																																																																																																			0	0	0	None	0	0004BDFD:SubRegionForestFloodlands02Location:The Forest	0.000000	1.000000	
003AB0F1	LocForestSugarmapleLocation	Sugarmaple	9	0001564F:LocRegionForestFloodlands:KYWD	00064EDE:LocTypeClearable:KYWD	0009860C:LocTypeWealthy:KYWD	0033FE91:LocTypeFastTravelDestination:KYWD	0037FA7F:LocTypeDungeonPOI:KYWD	00396B77:LocTypeDungeon:KYWD	003D5B62:LocLootScalePOI:KYWD	004E8560:LocThemeWealthy:KYWD	0055C697:DungeonTypeHouse:KYWD					1	ESSChanceMainViciousDog	5.000000																																																																																																																																			0	0	0	None	0	0031AEEC:SubRegionForestFloodlands28Location:The Forest	0.000000	1.000000	
003AB0FE	LocForestTorranceHouseLocation	Torrance House	9	0001564F:LocRegionForestFloodlands:KYWD	00064EDE:LocTypeClearable:KYWD	0009860C:LocTypeWealthy:KYWD	0033FE91:LocTypeFastTravelDestination:KYWD	0037FA7F:LocTypeDungeonPOI:KYWD	00396B77:LocTypeDungeon:KYWD	003D5B63:LocLootScaleSmall:KYWD	004E8560:LocThemeWealthy:KYWD	0055C697:DungeonTypeHouse:KYWD					1	ESSChanceMainRobots	5.000000																																																																																																																																			0	0	0	None	0	0031AEEC:SubRegionForestFloodlands28Location:The Forest	0.000000	1.000000	
003AB45A	LocSwampBigMawLocation	Big Maw	11	0001CA8C:LocRegionSwampForest:KYWD	00064EDE:LocTypeClearable:KYWD	0033FE91:LocTypeFastTravelDestination:KYWD	0037FA7F:LocTypeDungeonPOI:KYWD	00396B77:LocTypeDungeon:KYWD	003A5E71:LocEncSupportLarge:KYWD	003D5B62:LocLootScalePOI:KYWD	004E8569:LocThemeOutdoors:KYWD	0055C69C:DungeonTypeWilderness:KYWD	005918A0:LocEncMainFloater:KYWD	00804F7D:LocTypeFishingLocalLegend:KYWD			2	EMSChanceVariantNormal	45.000000		EMSChanceVariantScorched	5.000000																																																																																																																																0	0	0	None	0	002F706D:SubRegionSwamp06Location:Mire	0.000000	1.000000	
003ABECC	LocForestBurdetteManorLocation	The Kill Box	10	0001564F:LocRegionForestFloodlands:KYWD	00064EDE:LocTypeClearable:KYWD	0009860C:LocTypeWealthy:KYWD	0033FE91:LocTypeFastTravelDestination:KYWD	0037FA7F:LocTypeDungeonPOI:KYWD	00396B77:LocTypeDungeon:KYWD	003D5B63:LocLootScaleSmall:KYWD	004E8564:LocThemeRaider:KYWD	0055C697:DungeonTypeHouse:KYWD	005723C8:LocEncMainBloodEagles:KYWD				0																																																																																																																																					0	0	0	None	0	0031AEEB:SubRegionForestFloodlands27Location:The Forest	0.000000	1.000000	
003AD72B	LocForestDeathclawIslandLocation	Deathclaw Island	6	0001564F:LocRegionForestFloodlands:KYWD	000581DD:LocEncMainDeathclaw:KYWD	0033FE91:LocTypeFastTravelDestination:KYWD	003A5E72:LocEncSupportGiant:KYWD	003D5B63:LocLootScaleSmall:KYWD	004E8569:LocThemeOutdoors:KYWD								0																																																																																																																																					0	0	0	None	0	0004BE65:SubRegionForestFloodlands04Location:The Forest	0.000000	1.000000	
003ADDED	FSLureForest01Location	Holdingford Homestead	2	0033FE91:LocTypeFastTravelDestination:KYWD	003D5B63:LocLootScaleSmall:KYWD												0																																																																																																																																					0	0	0	None	0	002EE534:SubRegionForestFloodlands15Location:The Forest	0.000000	1.000000	
003ADDEE	FSLureForest02Location	Huntsman's Glade	2	0033FE91:LocTypeFastTravelDestination:KYWD	003D5B62:LocLootScalePOI:KYWD												0																																																																																																																																					0	0	0	None	0	0031AEEB:SubRegionForestFloodlands27Location:The Forest	0.000000	1.000000	
003ADE1B	LocMountainsNARRegionalLocation	98 NAR Regional	4	001789F7:LocRegionMountain:KYWD	0033FE91:LocTypeFastTravelDestination:KYWD	003D5B63:LocLootScaleSmall:KYWD	004E8569:LocThemeOutdoors:KYWD										0																																																																																																																																					0	0	0	None	0	002F70F9:SubRegionMountains13LocationLOW:Savage Divide	0.000000	1.000000	
003AF11A	LocForestMoonshinersShackLocation	Moonshiner's Shack	5	0001564F:LocRegionForestFloodlands:KYWD	00064EDE:LocTypeClearable:KYWD	0033FE91:LocTypeFastTravelDestination:KYWD	003D5B62:LocLootScalePOI:KYWD	004E8569:LocThemeOutdoors:KYWD									0																																																																																																																																					0	0	0	None	0	002EE52F:SubRegionForestFloodlands13LocationLOW:The Forest	0.000000	1.000000	
003B404A	LocToxicGraftonLakeLocation	Grafton Lake	2	00088AAB:LocRegionToxicValley:KYWD	004E855B:LocThemeGeneral:KYWD												2	ESSChanceMainMirelurks	5.000000		ESSChanceSubMirelurks	5.000000																																																																																																																																0	0	0	None	0	002F7082:SubRegionToxicValley07Location:Toxic Valley	0.000000	1.000000	
003CAC62	FSLureMountains01Location	Jaggy's Crag	0														0																																																																																																																																					0	0	0	None	0	002F70F7:SubRegionMountains11Location:Savage Divide	0.000000	1.000000	
003CAC64	FSLureMTR01Location	Slurry Run	0														0																																																																																																																																					0	0	0	None	0	002EE569:SubRegionMountainRemoval05Location:The Ash Heap	0.000000	1.000000	
003CAC63	FSLureCranberryBog01Location	Soggy Bottom	2	0033FE91:LocTypeFastTravelDestination:KYWD	003D5B62:LocLootScalePOI:KYWD												0																																																																																																																																					0	0	0	None	0	002EE4E5:SubRegionCranberry02Location:Cranberry Bog	0.000000	1.000000	
003CD1A2	FSLureToxicValley02Location	Old Pete's End	2	0033FE91:LocTypeFastTravelDestination:KYWD	003D5B63:LocLootScaleSmall:KYWD												0																																																																																																																																					0	0	0	None	0	002F7082:SubRegionToxicValley07Location:Toxic Valley	0.000000	1.000000	
003CD19F	FSLureToxicValley01Location	FSLureToxicValley01	2	0033FE91:LocTypeFastTravelDestination:KYWD	003D5B62:LocLootScalePOI:KYWD												0																																																																																																																																					0	0	0	None	0	002F707C:SubRegionToxicValley01Location:Toxic Valley	0.000000	1.000000	
003CD1A3	FSLureSwamp01Location	Harrison Heights	2	0033FE91:LocTypeFastTravelDestination:KYWD	003D5B62:LocLootScalePOI:KYWD												0																																																																																																																																					0	0	0	None	0	002F7070:SubRegionSwamp09Location:Mire	0.000000	1.000000	
003CD1A0	FSLureMountains02Location	Devil's Alley	0														3	ESSChanceMainMutationsLARGE	5.000000		ESSChanceMainYaoGuaiLARGE	5.000000		ESSChanceSubStingwingLARGE	5.000000																																																																																																																													0	0	0	None	0	0033873D:SubRegionMountains29Location:Savage Divide	0.000000	1.000000	
003CD1A1	FSLureMTR02Location	Dusty Heap	0														0																																																																																																																																					0	0	0	None	0	002EE566:SubRegionMountainRemoval02Location:The Ash Heap	0.000000	1.000000	
003CD1A4	FSLureCranberryBog02Location	Giese Berry Bog	2	0033FE91:LocTypeFastTravelDestination:KYWD	003D5B62:LocLootScalePOI:KYWD												0																																																																																																																																					0	0	0	None	0	002F7093:SubRegionCranberry16Location:Cranberry Bog	0.000000	1.000000	
003CD1A5	FSLureSwamp02Location	Cliffwalk Track	2	0033FE91:LocTypeFastTravelDestination:KYWD	003D5B63:LocLootScaleSmall:KYWD												0																																																																																																																																					0	0	0	None	0	002F706D:SubRegionSwamp06Location:Mire	0.000000	1.000000	
003E03B2	LocMountainsSugarGroveMissileSiloShortNameLocation	Alpha	1	00180819:EMSIgnoredLocation:KYWD													0																																																																																																																																					0	0	0	None	0	000921AE:LocMountainsSugarGroveMissileSiloInteriorLocation:Missile Silo Alpha	0.000000	1.000000	
003EAF82	TW004_Target_Honeybeast	Honey Beast	1	00180819:EMSIgnoredLocation:KYWD													0																																																																																																																																					0	0	0	None	0		0.000000	1.000000	
003EAF7D	TW004_Target_Radstag	Radstag	1	00180819:EMSIgnoredLocation:KYWD													0																																																																																																																																					0	0	0	None	0		0.000000	1.000000	
003EAF7A	TW004_Target_Stingwing	Stingwing	1	00180819:EMSIgnoredLocation:KYWD													0																																																																																																																																					0	0	0	None	0		0.000000	1.000000	
003EAF7C	TW004_Target_ViciousDog	Mongrel	1	00180819:EMSIgnoredLocation:KYWD													0																																																																																																																																					0	0	0	None	0		0.000000	1.000000	
003EAF7B	TW004_Target_Mirelurk	Mirelurk	1	00180819:EMSIgnoredLocation:KYWD													0																																																																																																																																					0	0	0	None	0		0.000000	1.000000	
003EAF83	TW004_Target_Snallygaster	Snallygaster	1	00180819:EMSIgnoredLocation:KYWD													0																																																																																																																																					0	0	0	None	0		0.000000	1.000000	
003EAF7E	TW004_Target_YaoGuai	Yao Guai	1	00180819:EMSIgnoredLocation:KYWD													0																																																																																																																																					0	0	0	None	0		0.000000	1.000000	
003EAF85	TW004_Target_Radtoad	Radtoad	1	00180819:EMSIgnoredLocation:KYWD													0																																																																																																																																					0	0	0	None	0		0.000000	1.000000	
003EAF84	TW004_Target_Bloodbug	Bloodbug	1	00180819:EMSIgnoredLocation:KYWD													0																																																																																																																																					0	0	0	None	0		0.000000	1.000000	
003EAF7F	TW004_Target_Radscorpion	Radscorpion	1	00180819:EMSIgnoredLocation:KYWD													0																																																																																																																																					0	0	0	None	0		0.000000	1.000000	
003EAF81	TW004_Target_Angler	Angler	1	00180819:EMSIgnoredLocation:KYWD													0																																																																																																																																					0	0	0	None	0		0.000000	1.000000	
003EAF80	TW004_Target_SuperMutant	Super Mutant	1	00180819:EMSIgnoredLocation:KYWD													0																																																																																																																																					0	0	0	None	0		0.000000	1.000000	
003EB328	TestTractorSupplyStoreLocation	Tractor Supply Store	0														3	ESSChanceMainScorched	5.000000		ESSChanceMainSuperMutants	5.000000		ESSChanceSubRats	5.000000																																																																																																																													0	0	1	None	10		0.000000	1.000000	
004EA916	DebugDobertLocation	Test Dobert Location	0														0																																																																																																																																					0	0	50	None	99		0.000000	1.000000	
004ED841	TargetName_Scorched	Scorched	1	00180819:EMSIgnoredLocation:KYWD													0																																																																																																																																					0	0	0	None	0		0.000000	1.000000	
004F4738	TargetName_Radsquirrel	Squirrel	1	00180819:EMSIgnoredLocation:KYWD													0																																																																																																																																					0	0	0	None	0		0.000000	1.000000	
004F473A	TargetName_Mongrel	Mongrel	1	00180819:EMSIgnoredLocation:KYWD													0																																																																																																																																					0	0	0	None	0		0.000000	1.000000	
004F4739	TargetName_Fox	Fox	1	00180819:EMSIgnoredLocation:KYWD													0																																																																																																																																					0	0	0	None	0		0.000000	1.000000	
004F55B1	LocForestHuntersRidgeLocation	Hunter's Ridge	9	0001564F:LocRegionForestFloodlands:KYWD	00064EDE:LocTypeClearable:KYWD	0033FE91:LocTypeFastTravelDestination:KYWD	0037FA7F:LocTypeDungeonPOI:KYWD	00396B77:LocTypeDungeon:KYWD	003D5B63:LocLootScaleSmall:KYWD	004E8569:LocThemeOutdoors:KYWD	0055C692:DungeonTypeCompound:KYWD	005723C8:LocEncMainBloodEagles:KYWD					0																																																																																																																																					0	0	0	None	0	002EE52D:SubRegionForestFloodlands11LocationLOW:The Forest	0.000000	1.000000	
004F59BF	PowerPlantTitleNameLocation_ThunderMt	Thunder Mountain	1	00180819:EMSIgnoredLocation:KYWD													0																																																																																																																																					0	0	0	Power Plant	0	000955B5:LocSwampThunderMountainPowerPlantLocation:Thunder Mountain Power Plant	0.000000	1.000000	
004F59BE	PowerPlantTitleNameLocation_Poseidon	Poseidon	1	00180819:EMSIgnoredLocation:KYWD													0																																																																																																																																					0	0	0	Power Plant	0	00095004:RegionForestFloodlandsLocation:The Forest	0.000000	1.000000	
004F59BD	PowerPlantTitleNameLocation_Monongah	Monongah	1	00180819:EMSIgnoredLocation:KYWD													0																																																																																																																																					0	0	0	Power Plant	0	00095004:RegionForestFloodlandsLocation:The Forest	0.000000	1.000000	
00501FC0	LocSwampSouthhamptonEstateLocation	Southhampton Estate	5	0001CA8C:LocRegionSwampForest:KYWD	0033FE91:LocTypeFastTravelDestination:KYWD	003D5B63:LocLootScaleSmall:KYWD	003E9D50:LocEncMainBloodbug:KYWD	004E8569:LocThemeOutdoors:KYWD									0																																																																																																																																					0	0	0	None	0	002F7069:SubRegionSwamp02Location:Mire	0.000000	1.000000	
00501FAF	LocForestTheCrosshairLocation	The Crosshair	9	0001564F:LocRegionForestFloodlands:KYWD	00064EDE:LocTypeClearable:KYWD	0033FE91:LocTypeFastTravelDestination:KYWD	0037FA7F:LocTypeDungeonPOI:KYWD	00396B77:LocTypeDungeon:KYWD	003D5B63:LocLootScaleSmall:KYWD	004E8564:LocThemeRaider:KYWD	0055C693:DungeonTypeCamp:KYWD	005723C8:LocEncMainBloodEagles:KYWD					0																																																																																																																																					0	0	0	None	0	0004BE5A:SubRegionForestFloodlands03Location:The Forest	0.000000	1.000000	
00501FA0	LocMountainsSylvieAndSonsLoggingCampLocation	Sylvie & Sons Logging Camp	8	00064EDE:LocTypeClearable:KYWD	001789F7:LocRegionMountain:KYWD	0033FE91:LocTypeFastTravelDestination:KYWD	0037FA7F:LocTypeDungeonPOI:KYWD	00396B77:LocTypeDungeon:KYWD	003D5B63:LocLootScaleSmall:KYWD	004E8569:LocThemeOutdoors:KYWD	0055C693:DungeonTypeCamp:KYWD						1	ESSChanceMainViciousDog	5.000000																																																																																																																																			0	0	0	None	0	002F70F5:SubRegionMountains09Location:Savage Divide	0.000000	1.000000	
00509319	LocMountainsTwinLakesLocation	Twin Lakes	3	001789F7:LocRegionMountain:KYWD	0033FE91:LocTypeFastTravelDestination:KYWD	003D5B62:LocLootScalePOI:KYWD											0																																																																																																																																					0	0	0	None	0	00338735:SubRegionMountains21Location:Savage Divide	0.000000	1.000000	
0050934B	LocCranberryPylonV13Location	Pylon V-13	5	000012A1:LocRegionCranberryBog:KYWD	0033FE91:LocTypeFastTravelDestination:KYWD	003A5E71:LocEncSupportLarge:KYWD	003D5B62:LocLootScalePOI:KYWD	004E855B:LocThemeGeneral:KYWD									6	ESSChanceMainMutationsLARGE	5.000000		EMSChanceVariantNormal	45.000000		EMSChanceVariantScorched	5.000000		ESSChanceMainGulperLARGE	5.000000		ESSChanceMainAnglerLARGE	5.000000		ESSChanceMainFogCrawlerLARGE	5.000000																																																																																																																				0	0	0	None	0	002EE4EE:SubRegionCranberry03Location:Cranberry Bog	0.000000	1.000000	
00509350	LocMountainsBastionParkLocation	Bastion Park	8	00064EDE:LocTypeClearable:KYWD	001789F7:LocRegionMountain:KYWD	0033FE91:LocTypeFastTravelDestination:KYWD	0037FA7F:LocTypeDungeonPOI:KYWD	00396B77:LocTypeDungeon:KYWD	003D5B62:LocLootScalePOI:KYWD	004E8569:LocThemeOutdoors:KYWD	0055C6A7:DungeonTypePark:KYWD						1	ESSChanceMainInsects	5.000000																																																																																																																																			0	0	0	None	0	00338737:SubRegionMountains23Location:Savage Divide	0.000000	1.000000	
0050ABE4	DQ_TargetName_Cat	Cat	1	00180819:EMSIgnoredLocation:KYWD													0																																																																																																																																					0	0	0	None	0		0.000000	1.000000	
0050ABE5	DQ_TargetName_Chicken	Chicken	1	00180819:EMSIgnoredLocation:KYWD													0																																																																																																																																					0	0	0	None	0		0.000000	1.000000	
0050ABE6	DQ_TargetName_Frog	Frog	1	00180819:EMSIgnoredLocation:KYWD													0																																																																																																																																					0	0	0	None	0		0.000000	1.000000	
0050ABE7	DQ_TargetName_Owlet	Owlet	1	00180819:EMSIgnoredLocation:KYWD													0																																																																																																																																					0	0	0	None	0		0.000000	1.000000	
0050ABE8	DQ_TargetName_Rabbit	Rabbit	1	00180819:EMSIgnoredLocation:KYWD													0																																																																																																																																					0	0	0	None	0		0.000000	1.000000	
0050ABE9	DQ_TargetName_Squirrel	Squirrel	1	00180819:EMSIgnoredLocation:KYWD													0																																																																																																																																					0	0	0	None	0		0.000000	1.000000	
0050FDF4	LocMountainsSugarGroveMissileSiloExteriorLocation	Missile Silo Alpha	5	001789F7:LocRegionMountain:KYWD	0033FE91:LocTypeFastTravelDestination:KYWD	003D5B62:LocLootScalePOI:KYWD	003DA753:LocTypeMissileSilo:KYWD	004E855F:LocThemeMilitary:KYWD									1	ESSChanceMainRobots	5.000000																																																																																																																																			0	0	35	None	99	002F70FB:SubRegionMountains15Location:Savage Divide	0.000000	1.000000	
0051B043	LocMountainsSpruceKnobMissileSiloShortNameLocation	Charlie	1	00180819:EMSIgnoredLocation:KYWD													0																																																																																																																																					0	0	0	None	0	00092214:LocMountainsSpruceKnobMissileSiloInteriorLocation:Missile Silo Charlie	0.000000	1.000000	
0051B042	LocMountainsMonongahMissileSiloShortNameLocation	Bravo	1	00180819:EMSIgnoredLocation:KYWD													0																																																																																																																																					0	0	0	None	0	00092213:LocMountainsMonongahMissileSiloInteriorLocation:Missile Silo Bravo	0.000000	1.000000	
0051B059	LocMountainsMonongahMissileSiloExteriorLocation	Missile Silo Bravo	5	001789F7:LocRegionMountain:KYWD	0033FE91:LocTypeFastTravelDestination:KYWD	003D5B62:LocLootScalePOI:KYWD	003DA753:LocTypeMissileSilo:KYWD	004E855F:LocThemeMilitary:KYWD									0																																																																																																																																					0	0	35	None	99	002F70F0:SubRegionMountains04Location:Savage Divide	0.000000	1.000000	
0051B05A	LocMountainsSpruceKnobMissileSiloExteriorLocation	Missile Silo Charlie	5	001789F7:LocRegionMountain:KYWD	0033FE91:LocTypeFastTravelDestination:KYWD	003D5B62:LocLootScalePOI:KYWD	003DA753:LocTypeMissileSilo:KYWD	004E855F:LocThemeMilitary:KYWD									0																																																																																																																																					0	0	35	None	99	0033873C:SubRegionMountains28Location:Savage Divide	0.000000	1.000000	
0051B147	TestTrevorLocation	Trevor's Garbage Dump	0														1	ESSChanceMainGhouls	5.000000																																																																																																																																			0	0	1	None	99		0.000000	1.000000	
005253D3	LocSwampGnarledShallowsLocation	Gnarled Shallows	8	0001CA8C:LocRegionSwampForest:KYWD	00064EDE:LocTypeClearable:KYWD	0033FE91:LocTypeFastTravelDestination:KYWD	0037FA7F:LocTypeDungeonPOI:KYWD	00396B77:LocTypeDungeon:KYWD	003D5B62:LocLootScalePOI:KYWD	004E8569:LocThemeOutdoors:KYWD	0055C69C:DungeonTypeWilderness:KYWD						3	EMSChanceVariantNormal	45.000000		EMSChanceVariantScorched	5.000000		ESSChanceMainAnglerLARGE	5.000000																																																																																																																													0	0	0	None	0	002F7068:SubRegionSwamp01Location:Mire	0.000000	1.000000	
0052534E	LocSwampHighlandMarshLocation	Highland Marsh	8	0001CA8C:LocRegionSwampForest:KYWD	00064EDE:LocTypeClearable:KYWD	0033FE91:LocTypeFastTravelDestination:KYWD	0037FA7F:LocTypeDungeonPOI:KYWD	00396B77:LocTypeDungeon:KYWD	003D5B62:LocLootScalePOI:KYWD	004E8569:LocThemeOutdoors:KYWD	0055C69C:DungeonTypeWilderness:KYWD						3	ESSChanceMainMirelurks	5.000000		EMSChanceVariantNormal	45.000000		EMSChanceVariantScorched	5.000000																																																																																																																													0	0	0	None	0	002F7069:SubRegionSwamp02Location:Mire	0.000000	1.000000	
005253A5	LocSwampGulperLagoonLocation	Gulper Lagoon	8	0001CA8C:LocRegionSwampForest:KYWD	00064EDE:LocTypeClearable:KYWD	0033FE91:LocTypeFastTravelDestination:KYWD	0037FA7F:LocTypeDungeonPOI:KYWD	00396B77:LocTypeDungeon:KYWD	003D5B62:LocLootScalePOI:KYWD	004E8569:LocThemeOutdoors:KYWD	0055C69C:DungeonTypeWilderness:KYWD						3	EMSChanceVariantNormal	45.000000		EMSChanceVariantScorched	5.000000		ESSChanceMainGulperLARGE	5.000000																																																																																																																													0	0	0	None	0	002F706B:SubRegionSwamp04Location:Mire	0.000000	1.000000	
0052BB6A	TestWillLocation		0														0																																																																																																																																					0	0	0	None	0		0.000000	1.000000	
0053073B	DebugMartinLocation	Martins Test Cell	0														0																																																																																																																																					0	0	1	None	99		0.000000	1.000000	
003C2764	76TrailerLocation		0														0																																																																																																																																					0	0	0	None	0		0.000000	1.000000	
003A8CD8	LocCranberryFissureSiteZetaLocation	Fissure Site Prime	5	000012A1:LocRegionCranberryBog:KYWD	0033FE91:LocTypeFastTravelDestination:KYWD	004713C6:ChallengeFissureZeta:KYWD	004713D6:LocTypeFissure_Challenges:KYWD	004E8569:LocThemeOutdoors:KYWD									2	EMSChanceVariantNormal	45.000000		EMSChanceVariantScorched	5.000000																																																																																																																																0	0	0	None	0	002F7094:SubRegionCranberry17Location:Cranberry Bog	0.000000	1.000000	
002089A8	DebugJamesPLocation	James' Test Cell	0														0																																																																																																																																					0	0	3	None	99	000012A2:RegionCranberryBogLocation:Cranberry Bog	0.000000	1.000000	
001317BB	LocForestOverseersCAMPLocation	Overseer's Camp	3	0001564F:LocRegionForestFloodlands:KYWD	0033FE91:LocTypeFastTravelDestination:KYWD	004E8569:LocThemeOutdoors:KYWD											0																																																																																																																																					0	0	0	None	0	002EE52F:SubRegionForestFloodlands13LocationLOW:The Forest	0.000000	1.000000	
0038C1E0	76RegionHoldingCellMireLocation		0														0																																																																																																																																					0	0	0	None	0		0.000000	1.000000	
0031EC2D	LocMountainsSenecaRocksLocation	Seneca Rocks	4	001789F7:LocRegionMountain:KYWD	0033FE91:LocTypeFastTravelDestination:KYWD	003D5B63:LocLootScaleSmall:KYWD	004E8564:LocThemeRaider:KYWD										0																																																																																																																																					0	0	0	None	0	002F70F6:SubRegionMountains10Location:Savage Divide	0.000000	1.000000	
002FF478	LocSwampTanagraTownLocation	Tanagra Town	6	0001CA8C:LocRegionSwampForest:KYWD	00022612:LocTypeResponderEyebot:KYWD	0033FE91:LocTypeFastTravelDestination:KYWD	003A5E72:LocEncSupportGiant:KYWD	003D5B63:LocLootScaleSmall:KYWD	004E855C:LocThemeWorkingClass:KYWD								6	ESSChanceMainDeathclawGIANTONLY	5.000000		ESSChanceMainMegaslothGIANTONLY	5.000000		EMSChanceVariantNormal	45.000000		EMSChanceVariantScorched	5.000000		ESSChanceMainFogCrawlerLARGE	5.000000		ESSChanceSubCaveCricket	5.000000																																																																																																																				0	0	0	None	0	002F706D:SubRegionSwamp06Location:Mire	0.000000	1.000000	
00217A8D	LocMTRBrimQuarryLocation	Brim Quarry	9	0001CA8B:LocRegionMTR:KYWD	00064EDE:LocTypeClearable:KYWD	0033FE91:LocTypeFastTravelDestination:KYWD	0037FA7F:LocTypeDungeonPOI:KYWD	00396B77:LocTypeDungeon:KYWD	003D5B63:LocLootScaleSmall:KYWD	004E8563:LocThemeMiner:KYWD	0055C692:DungeonTypeCompound:KYWD	008A1490:LocTypeHostileTakeover:KYWD					1	ESSChanceMainMoleMiner	5.000000																																																																																																																																			0	0	0	None	0	002EE565:SubRegionMountainRemoval01Location:The Ash Heap	0.000000	1.000000	
0002E8E5	TargetName_Player	Human	1	00180819:EMSIgnoredLocation:KYWD													0																																																																																																																																					0	0	0	None	0		0.000000	1.000000	
0029D613	LocForestNewRiverGorgeBridgeWestLocation	New River Gorge Bridge - West	2	0033FE91:LocTypeFastTravelDestination:KYWD	003D5B63:LocLootScaleSmall:KYWD												0																																																																																																																																					0	0	0	None	0	0031AEE0:SubRegionForestFloodlands22Location:The Forest	5000.000000	1.000000	
0029C2B1	LocForestNewRiverGorgeBridgeEastLocation	New River Gorge Bridge - East	2	0033FE91:LocTypeFastTravelDestination:KYWD	003D5B62:LocLootScalePOI:KYWD												0																																																																																																																																					0	0	0	None	0	0031AEE0:SubRegionForestFloodlands22Location:The Forest	5000.000000	1.000000	
0020FEBF	NVEShelterLocation	VR Cell	0														0																																																																																																																																					0	0	1	None	99		0.000000	1.000000	
003C4AB9	DEL_LocMountainsMoleMinerNetwork02Location	Mole Miner Tunnel	2	001789F7:LocRegionMountain:KYWD	004E8569:LocThemeOutdoors:KYWD												1	ESSChanceMainMoleMiner	5.000000																																																																																																																																			0	0	0	Workshop	0	00338739:SubRegionMountains25Location:Savage Divide	0.000000	1.000000	
00309269	LocForestPortsidePubLocation	Portside Pub	4	0001564F:LocRegionForestFloodlands:KYWD	0033FE91:LocTypeFastTravelDestination:KYWD	003D5B63:LocLootScaleSmall:KYWD	004E855B:LocThemeGeneral:KYWD										1	ESSChanceMainScorched	5.000000																																																																																																																																			0	0	0	None	0	002EE528:SubRegionForestFloodlands09Location:The Forest	2500.000000	1.000000	
0030927C	LocSwampBraxsonsQualityMedicalSuppliesLocation	Braxson's Quality Medical Supplies	5	0001CA8C:LocRegionSwampForest:KYWD	00022612:LocTypeResponderEyebot:KYWD	0033FE91:LocTypeFastTravelDestination:KYWD	003D5B63:LocLootScaleSmall:KYWD	004E856A:LocThemeMedical:KYWD									2	EMSChanceVariantNormal	45.000000		EMSChanceVariantScorched	5.000000																																																																																																																																0	0	0	None	0	002F706E:SubRegionSwamp07Location:Mire	0.000000	1.000000	
0030924D	LocSwampKMAXTransmissionLocation	KMAX Transmission	4	0001CA8C:LocRegionSwampForest:KYWD	0033FE91:LocTypeFastTravelDestination:KYWD	003D5B63:LocLootScaleSmall:KYWD	004E855C:LocThemeWorkingClass:KYWD										3	ESSChanceMainGhouls	5.000000		EMSChanceVariantNormal	45.000000		EMSChanceVariantScorched	5.000000																																																																																																																													0	0	0	None	0	002F7072:SubRegionSwamp11Location:Mire	0.000000	1.000000	
00309227	LocSwampBigBsRestStopLocation	Big B's Rest Stop	9	0001CA8C:LocRegionSwampForest:KYWD	0033FE91:LocTypeFastTravelDestination:KYWD	0037FA7F:LocTypeDungeonPOI:KYWD	00396B77:LocTypeDungeon:KYWD	003D5B63:LocLootScaleSmall:KYWD	004E855C:LocThemeWorkingClass:KYWD	0055C69E:DungeonTypeStore:KYWD	0055C6A0:DungeonTypeRestaurant:KYWD	005918A0:LocEncMainFloater:KYWD					2	EMSChanceVariantNormal	45.000000		EMSChanceVariantScorched	5.000000																																																																																																																																0	0	0	None	0	002F7071:SubRegionSwamp10Location:Mire	0.000000	1.000000	
00309226	LocMTRUnfinishedMansionLocation	Unfinished Mansion	4	0001CA8B:LocRegionMTR:KYWD	00180819:EMSIgnoredLocation:KYWD	0033FE91:LocTypeFastTravelDestination:KYWD	003D5B62:LocLootScalePOI:KYWD										0																																																																																																																																					0	0	0	None	0	002EE56A:SubRegionMountainRemoval06Location:The Ash Heap	0.000000	1.000000	
00309266	LocSwampSouthernBelleMotelLocation	Southern Belle Motel	4	0001CA8C:LocRegionSwampForest:KYWD	0033FE91:LocTypeFastTravelDestination:KYWD	003D5B62:LocLootScalePOI:KYWD	004E855C:LocThemeWorkingClass:KYWD										3	ESSChanceMainGhouls	5.000000		EMSChanceVariantNormal	45.000000		EMSChanceVariantScorched	5.000000																																																																																																																													0	0	0	None	0	002F7070:SubRegionSwamp09Location:Mire	0.000000	1.000000	
00521C99	LocMTRMountBlairWarehouseBasementLocation	Warehouse Basement	4	00003954:LocTypeInteriorCell:KYWD	0001CA8B:LocRegionMTR:KYWD	00180819:EMSIgnoredLocation:KYWD	004E855B:LocThemeGeneral:KYWD										0																																																																																																																																					0	0	0	None	0	002EE566:SubRegionMountainRemoval02Location:The Ash Heap	0.000000	1.000000	
0037D1D4	LocToxicHemlockHolesWorkshopLocation	Hemlock Holes Maintenance	9	000234F1:LocTypeWorkshop:KYWD	00064EDE:LocTypeClearable:KYWD	00088AAB:LocRegionToxicValley:KYWD	0033FE91:LocTypeFastTravelDestination:KYWD	003A5E71:LocEncSupportLarge:KYWD	003A5E72:LocEncSupportGiant:KYWD	003AEDF7:LocTypeWorkshopPublic:KYWD	003D5B62:LocLootScalePOI:KYWD	004E8560:LocThemeWealthy:KYWD					5	Food	3.000000		Water	3.000000		ESSChanceMainGhouls	5.000000		ResourceAV_FertilizerBrahmin	1.000000		ResourceAV_Scavenge	1.000000																																																																																																																							0	0	0	Workshop	0	002F707C:SubRegionToxicValley01Location:Toxic Valley	0.000000	1.000000	
003869C4	LocForestWVLumberCoLocation	WV Lumber Co.	6	0001564F:LocRegionForestFloodlands:KYWD	00022612:LocTypeResponderEyebot:KYWD	0033FE91:LocTypeFastTravelDestination:KYWD	003D4B10:LocLootScaleMedium:KYWD	004E8569:LocThemeOutdoors:KYWD	0055C6AC:LocEncMainRaider:KYWD								0																																																																																																																																					0	0	0	None	0	0004BDFC:SubRegionForestFloodlands01Location:The Forest	0.000000	1.000000	
002B7A4F	LocForestGauleyMineLocation	Gauley Mine	10	00003954:LocTypeInteriorCell:KYWD	0001564F:LocRegionForestFloodlands:KYWD	00022612:LocTypeResponderEyebot:KYWD	0004F21B:LocTypeSubterranean:KYWD	00064EDE:LocTypeClearable:KYWD	0033FE91:LocTypeFastTravelDestination:KYWD	003D4B10:LocLootScaleMedium:KYWD	004E8563:LocThemeMiner:KYWD	0057E1EC:LocTypeInstancedCell:KYWD	007BD03F:LocTypeFishingExcluded:KYWD				1	ESSChanceMainScorched	5.000000																																																																																																																																			0	0	0	None	0	002EE533:SubRegionForestFloodlands14Location:The Forest	0.000000	1.000000	
002B9651	LocForestPoseidonEnergyWorkshopLocation	Poseidon Energy Plant Yard	11	0001564F:LocRegionForestFloodlands:KYWD	000234F1:LocTypeWorkshop:KYWD	00064EDE:LocTypeClearable:KYWD	0033FE91:LocTypeFastTravelDestination:KYWD	003A5E71:LocEncSupportLarge:KYWD	003A5E72:LocEncSupportGiant:KYWD	003AEDF7:LocTypeWorkshopPublic:KYWD	003D5B63:LocLootScaleSmall:KYWD	003E7F19:PowerPlantLocationKeyword:KYWD	004E855C:LocThemeWorkingClass:KYWD	0050DC84:LocNoAutoPlacedScorchedStatues:KYWD			8	Food	9.000000		Water	8.000000		ESSChanceMainScorched	5.000000		ESSChanceSubGhoul	5.000000		ResourceAV_FertilizerBrahmin	1.000000		ResourceAV_Scavenge	1.000000		WorkshopBudgetLocation	750.000000		ResourceAV_FusionCore	1.000000																																																																																																														0	0	0	Workshop	0	000041FC:LocForestPoseidonEnergyLocation:Poseidon Energy Plant WV-06	0.000000	1.000000	
003D4B18	LocSwampThunderMountainPowerPlantWorkshopLocation	Thunder Mt. Power Plant Yard	10	0001CA8C:LocRegionSwampForest:KYWD	000234F1:LocTypeWorkshop:KYWD	00064EDE:LocTypeClearable:KYWD	0033FE91:LocTypeFastTravelDestination:KYWD	003A5E71:LocEncSupportLarge:KYWD	003A5E72:LocEncSupportGiant:KYWD	003AEDF7:LocTypeWorkshopPublic:KYWD	003D4B10:LocLootScaleMedium:KYWD	003E7F19:PowerPlantLocationKeyword:KYWD	004E855C:LocThemeWorkingClass:KYWD				12	Food	7.000000		Water	9.000000		ESSChanceMainScorched	5.000000		ResourceAV_Wood	1.000000		ResourceAV_Steel	1.000000		ResourceAV_FertilizerBrahmin	1.000000		ResourceAV_Nuclear	1.000000		ResourceAV_Crystal	1.000000		ResourceAV_Scavenge	1.000000		EMSChanceVariantNormal	45.000000		EMSChanceVariantScorched	5.000000		ResourceAV_FusionCore	1.000000																																																																																																		0	0	0	Workshop	0	000955B5:LocSwampThunderMountainPowerPlantLocation:Thunder Mountain Power Plant	0.000000	1.000000	
003D4B17	LocMountainsMonongahPowerPlantWorkshopLocation	Monongah Power Plant Yard	10	000234F1:LocTypeWorkshop:KYWD	00064EDE:LocTypeClearable:KYWD	001789F7:LocRegionMountain:KYWD	0033FE91:LocTypeFastTravelDestination:KYWD	003A5E71:LocEncSupportLarge:KYWD	003A5E72:LocEncSupportGiant:KYWD	003AEDF7:LocTypeWorkshopPublic:KYWD	003D5B63:LocLootScaleSmall:KYWD	003E7F19:PowerPlantLocationKeyword:KYWD	004E855C:LocThemeWorkingClass:KYWD				11	Food	8.000000		Water	9.000000		ESSChanceMainGhouls	5.000000		ESSChanceSubMoleMiners	5.000000		ResourceAV_Wood	1.000000		ResourceAV_FertilizerBrahmin	1.000000		ResourceAV_Nuclear	1.000000		ResourceAV_Acid	1.000000		ResourceAV_Scavenge	1.000000		ResourceAV_Silver	1.000000		ResourceAV_FusionCore	1.000000																																																																																																					0	0	0	Workshop	0	00091F07:LocMountainsMonongahPowerPlantLocation:Monongah Power Plant	0.000000	1.000000	
003D7F62	TextReplacement_BoS02_Q1_02	George Washington	0														0																																																																																																																																					0	0	0	None	0		0.000000	1.000000	
003D7F63	TextReplacement_BoS02_Q1_03	Private Parts	0														0																																																																																																																																					0	0	0	None	0		0.000000	1.000000	
003D7F64	TextReplacement_BoS02_Q1_04	Anonymous	0														0																																																																																																																																					0	0	0	None	0		0.000000	1.000000	
003D7F65	TextReplacement_BoS02_Q2_02	Survivor	0														0																																																																																																																																					0	0	0	None	0		0.000000	1.000000	
003D7F66	TextReplacement_BoS02_Q2_01	US Army Soldier	0														0																																																																																																																																					0	0	0	None	0		0.000000	1.000000	
003D7F67	TextReplacement_BoS02_Q2_03	Encyclopedia Salesman	0														0																																																																																																																																					0	0	0	None	0		0.000000	1.000000	
003D7F68	TextReplacement_BoS02_Q2_04	Unspecified	0														0																																																																																																																																					0	0	0	None	0		0.000000	1.000000	
003D7F69	TextReplacement_BoS02_Q3_01	Vault 76	0														0																																																																																																																																					0	0	0	None	0		0.000000	1.000000	
003D7F6A	TextReplacement_BoS02_Q3_02	100 Witchita Avenue	0														0																																																																																																																																					0	0	0	None	0		0.000000	1.000000	
003D7F6B	TextReplacement_BoS02_Q3_03	No Current Address	0														0																																																																																																																																					0	0	0	None	0		0.000000	1.000000	
003D7F6C	TextReplacement_BoS02_Q3_04	1 Apocalypse Lane	0														0																																																																																																																																					0	0	0	None	0		0.000000	1.000000	
003D7F6D	TextReplacement_BoS02_Q1_01	Your Name	0														0																																																																																																																																					0	0	0	None	0		0.000000	1.000000	
003D69C3	LocCranberryAbandonedBogTownWorkshopLocation	Abandoned Bog Town	9	000012A1:LocRegionCranberryBog:KYWD	000234F1:LocTypeWorkshop:KYWD	00064EDE:LocTypeClearable:KYWD	0033FE91:LocTypeFastTravelDestination:KYWD	003A5E71:LocEncSupportLarge:KYWD	003A5E72:LocEncSupportGiant:KYWD	003AEDF7:LocTypeWorkshopPublic:KYWD	003D4B10:LocLootScaleMedium:KYWD	004E855C:LocThemeWorkingClass:KYWD					7	Food	7.000000		Water	3.000000		ESSChanceMainSuperMutants	5.000000		ResourceAV_FertilizerBrahmin	1.000000		ResourceAV_Scavenge	1.000000		EMSChanceVariantNormal	45.000000		EMSChanceVariantScorched	5.000000																																																																																																																	0	0	0	Workshop	0	002F7091:SubRegionCranberry14Location:Cranberry Bog	0.000000	1.000000	
003A1AA9	TestBossLocation		0														0																																																																																																																																					0	0	0	None	0		0.000000	1.000000	
0051E212	DELETED_OBMountainPOI07Location		0														0																																																																																																																																					0	0	0	None	0		2500.000000	1.000000	
0051EF56	76CharGen05Location	Vault 76	1	005912D5:76CharGenLocationKeyword:KYWD													0																																																																																																																																					0	0	0	None	1		0.000000	1.000000	
0050199C	LocForestCharlestonHeraldLocation	Charleston Herald	1	0033FE91:LocTypeFastTravelDestination:KYWD													0																																																																																																																																					0	0	0	None	0	0031AEE4:SubRegionForestFloodlands26Location:The Forest	0.000000	1.000000	
003D006D	LocForestShelterPondLocation	Shelter Pond	0														0																																																																																																																																					0	0	0	None	0	0031AEEB:SubRegionForestFloodlands27Location:The Forest	0.000000	1.000000	
0050B2B9	LocMountainsDesertedMineLocation	Deserted Mine	2	001789F7:LocRegionMountain:KYWD	004E8569:LocThemeOutdoors:KYWD												0																																																																																																																																					0	0	0	None	0	00501FAF:LocForestTheCrosshairLocation:The Crosshair	0.000000	1.000000	
0050B2BA	DEL_LocMountainsMoleMinerNetwork03Location	Mole Miner Tunnel	2	001789F7:LocRegionMountain:KYWD	004E8569:LocThemeOutdoors:KYWD												1	ESSChanceMainMoleMiner	5.000000																																																																																																																																			0	0	0	Workshop	0	00338739:SubRegionMountains25Location:Savage Divide	0.000000	1.000000	
0050BF44	LocMountainsScenicOverlookLocation	Scenic Overlook	5	001789F7:LocRegionMountain:KYWD	0033FE91:LocTypeFastTravelDestination:KYWD	003A5E71:LocEncSupportLarge:KYWD	003D5B62:LocLootScalePOI:KYWD	004E8564:LocThemeRaider:KYWD									0																																																																																																																																					0	0	0	None	0	002F70F3:SubRegionMountains07Location:Savage Divide	0.000000	1.000000	
0050CB70	LocMountainsLakeEloiseLocation	Lake Eloise	5	001789F7:LocRegionMountain:KYWD	0033FE91:LocTypeFastTravelDestination:KYWD	003D5B62:LocLootScalePOI:KYWD	004E8569:LocThemeOutdoors:KYWD	005918A0:LocEncMainFloater:KYWD									0																																																																																																																																					0	0	0	None	0	0033873D:SubRegionMountains29Location:Savage Divide	0.000000	1.000000	
0050CB6E	LocMountainsSpruceKnobChannelsLocation	Spruce Knob Channels	4	001789F7:LocRegionMountain:KYWD	0033FE91:LocTypeFastTravelDestination:KYWD	003D5B62:LocLootScalePOI:KYWD	004E8569:LocThemeOutdoors:KYWD										0																																																																																																																																					0	0	0	None	0	0033873C:SubRegionMountains28Location:Savage Divide	0.000000	1.000000	
0050CB6D	LocMountainsSpruceKnobLakeLocation	Spruce Knob Lake	8	00064EDE:LocTypeClearable:KYWD	001789F7:LocRegionMountain:KYWD	0033FE91:LocTypeFastTravelDestination:KYWD	0037FA7F:LocTypeDungeonPOI:KYWD	00396B77:LocTypeDungeon:KYWD	003D5B62:LocLootScalePOI:KYWD	004E8569:LocThemeOutdoors:KYWD	0055C69C:DungeonTypeWilderness:KYWD						1	ESSChanceMainMirelurks	5.000000																																																																																																																																			0	0	0	None	0	00338739:SubRegionMountains25Location:Savage Divide	0.000000	1.000000	
0050CB71	LocMountainsMonoRailElevatorLocation	Monorail Elevator	4	001789F7:LocRegionMountain:KYWD	0033FE91:LocTypeFastTravelDestination:KYWD	003D5B62:LocLootScalePOI:KYWD	004E8569:LocThemeOutdoors:KYWD										0																																																																																																																																					0	0	0	None	0	0033873D:SubRegionMountains29Location:Savage Divide	0.000000	1.000000	
0050DADF	SFS09_Habitat_Belle	Belle	1	00180819:EMSIgnoredLocation:KYWD													0																																																																																																																																					0	0	0	None	0		0.000000	1.000000	
0050DAE0	SFS09_Habitat_Benny	Benny	1	00180819:EMSIgnoredLocation:KYWD													0																																																																																																																																					0	0	0	None	0		0.000000	1.000000	
0050DAE1	SFS09_Habitat_Nasha	Nasha	1	00180819:EMSIgnoredLocation:KYWD													0																																																																																																																																					0	0	0	None	0		0.000000	1.000000	
0050DAE2	SFS09_Habitat_Lucky	Lucky	1	00180819:EMSIgnoredLocation:KYWD													0																																																																																																																																					0	0	0	None	0		0.000000	1.000000	
0050DAE6	SFS09_Habitat_Laddie	Laddie	1	00180819:EMSIgnoredLocation:KYWD													0																																																																																																																																					0	0	0	None	0		0.000000	1.000000	
0050DAE3	SFS09_Habitat_Hamlet	Hamlet	1	00180819:EMSIgnoredLocation:KYWD													0																																																																																																																																					0	0	0	None	0		0.000000	1.000000	
0050DAE4	SFS09_Habitat_Zephyr	Zephyr	1	00180819:EMSIgnoredLocation:KYWD													0																																																																																																																																					0	0	0	None	0		0.000000	1.000000	
0050DAE5	SFS09_Habitat_Penny	Penny	1	00180819:EMSIgnoredLocation:KYWD													0																																																																																																																																					0	0	0	None	0		0.000000	1.000000	
0050DAE7	SFS09_Habitat_Smokey	Smokey	1	00180819:EMSIgnoredLocation:KYWD													0																																																																																																																																					0	0	0	None	0		0.000000	1.000000	
0050DAE8	SFS09_Habitat_Rover	Rover	1	00180819:EMSIgnoredLocation:KYWD													0																																																																																																																																					0	0	0	None	0		0.000000	1.000000	
0050DAEA	SFS09_Habitat_Barney	Barney	1	00180819:EMSIgnoredLocation:KYWD													0																																																																																																																																					0	0	0	None	0		0.000000	1.000000	
0050DAE9	SFS09_Habitat_Mittens	Mittens	1	00180819:EMSIgnoredLocation:KYWD													0																																																																																																																																					0	0	0	None	0		0.000000	1.000000	
0050DADE	SFS09_Habitat_Pinchy	Pinchy	1	00180819:EMSIgnoredLocation:KYWD													0																																																																																																																																					0	0	0	None	0		0.000000	1.000000	
0050DADA	SFS09_Habitat_Fluffy	Fluffy	1	00180819:EMSIgnoredLocation:KYWD													0																																																																																																																																					0	0	0	None	0		0.000000	1.000000	
0050DADB	SFS09_Habitat_Spot	Spot	1	00180819:EMSIgnoredLocation:KYWD													0																																																																																																																																					0	0	0	None	0		0.000000	1.000000	
0050DADC	SFS09_Habitat_Fido	Fido	1	00180819:EMSIgnoredLocation:KYWD													0																																																																																																																																					0	0	0	None	0		0.000000	1.000000	
0050DADD	SFS09_Habitat_Whiskers	Whiskers	1	00180819:EMSIgnoredLocation:KYWD													0																																																																																																																																					0	0	0	None	0		0.000000	1.000000	
0050DCDB	SFS09_Habitat_Ottis	Ottis	1	00180819:EMSIgnoredLocation:KYWD													0																																																																																																																																					0	0	0	None	0		0.000000	1.000000	
004F8A6F	LocCranberrySundewGrove04Location	Sparse Sundew Grove	5	000012A1:LocRegionCranberryBog:KYWD	0033FE91:LocTypeFastTravelDestination:KYWD	003A5E71:LocEncSupportLarge:KYWD	003D5B63:LocLootScaleSmall:KYWD	004E8569:LocThemeOutdoors:KYWD									2	EMSChanceVariantNormal	45.000000		EMSChanceVariantScorched	5.000000																																																																																																																																0	0	0	None	0	002F7092:SubRegionCranberry15Location:Cranberry Bog	0.000000	1.000000	
004F8A6B	LocCranberrySundewGrove01Location	Overgrown Sundew Grove	4	000012A1:LocRegionCranberryBog:KYWD	0033FE91:LocTypeFastTravelDestination:KYWD	003D5B63:LocLootScaleSmall:KYWD	004E8569:LocThemeOutdoors:KYWD										2	EMSChanceVariantNormal	45.000000		EMSChanceVariantScorched	5.000000																																																																																																																																0	0	0	None	0	002F7094:SubRegionCranberry17Location:Cranberry Bog	0.000000	1.000000	
004F8A6D	LocCranberrySundewGrove02Location	Veiled Sundew Grove	5	000012A1:LocRegionCranberryBog:KYWD	0033FE91:LocTypeFastTravelDestination:KYWD	003D5B63:LocLootScaleSmall:KYWD	004E8569:LocThemeOutdoors:KYWD	005918A0:LocEncMainFloater:KYWD									2	EMSChanceVariantNormal	45.000000		EMSChanceVariantScorched	5.000000																																																																																																																																0	0	0	None	0	002F7090:SubRegionCranberry13Location:Cranberry Bog	0.000000	1.000000	
004F8A6E	LocCranberrySundewGrove03Location	Creekside Sundew Grove	4	000012A1:LocRegionCranberryBog:KYWD	0033FE91:LocTypeFastTravelDestination:KYWD	003D5B63:LocLootScaleSmall:KYWD	004E8569:LocThemeOutdoors:KYWD										2	EMSChanceVariantNormal	45.000000		EMSChanceVariantScorched	5.000000																																																																																																																																0	0	0	None	0	002EE4E5:SubRegionCranberry02Location:Cranberry Bog	0.000000	1.000000	
004FA7AA	LocForestNewRiverGorgeRopesCourseLocation	New River Gorge Ropes Course	3	0001564F:LocRegionForestFloodlands:KYWD	003D5B63:LocLootScaleSmall:KYWD	004E8569:LocThemeOutdoors:KYWD											0																																																																																																																																					0	0	0	None	0	002EE554:SubRegionForestFloodlands18Location:The Forest	0.000000	1.000000	
004FB0F7	LocForestPOIForest25Location	Safe Shack	3	0001564F:LocRegionForestFloodlands:KYWD	003D5B63:LocLootScaleSmall:KYWD	004E8569:LocThemeOutdoors:KYWD											5	ESSChanceMainGhouls	5.000000		ESSChanceMainScorched	5.000000		ESSChanceMainLiberators	5.000000		ESSChanceMainViciousDog	5.000000		ESSChanceMainMolerats	5.000000																																																																																																																							0	0	0	None	0	0004BE65:SubRegionForestFloodlands04Location:The Forest	0.000000	1.000000	
004FB74E	EN07_SiloState_03_Launching	LAUNCHING!	0														0																																																																																																																																					0	0	0	None	0		0.000000	1.000000	
004FB74C	EN07_SiloState_01_OpenNeedsLaunchControl	Launch Prep Required	0														0																																																																																																																																					0	0	0	None	0		0.000000	1.000000	
004FB754	EN07_SiloState_05_ERROR	ERROR! System Temporarily Unavailable!	0														0																																																																																																																																					0	0	0	None	0		0.000000	1.000000	
004FB74F	EN07_SiloState_04_Reconstructing	Missile Reconstruction Engaged	0														0																																																																																																																																					0	0	0	None	0		0.000000	1.000000	
004FB74D	EN07_SiloState_02_ReadyToLaunch	Ready to Launch	0														0																																																																																																																																					0	0	0	None	0		0.000000	1.000000	
00437F44	SFS09_Habitat_Wonky	Wonky	1	00180819:EMSIgnoredLocation:KYWD													0																																																																																																																																					0	0	0	None	0		0.000000	1.000000	
00437F45	SFS09_Habitat_Choco	Choco	1	00180819:EMSIgnoredLocation:KYWD													0																																																																																																																																					0	0	0	None	0		0.000000	1.000000	
00438563	LocToxicGraftonSteelWorkshopLocation	Grafton Steel Yard	8	00022612:LocTypeResponderEyebot:KYWD	000234F1:LocTypeWorkshop:KYWD	00064EDE:LocTypeClearable:KYWD	00088AAB:LocRegionToxicValley:KYWD	0033FE91:LocTypeFastTravelDestination:KYWD	003AEDF7:LocTypeWorkshopPublic:KYWD	003D4B10:LocLootScaleMedium:KYWD	004E855C:LocThemeWorkingClass:KYWD						7	Food	2.000000		Water	2.000000		ESSChanceSubGhoul	10.000000		ESSChanceMainSuperMutants	5.000000		ResourceAV_Steel	4.000000		ResourceAV_FertilizerBrahmin	1.000000		ResourceAV_Scavenge	1.000000																																																																																																																	0	0	0	Workshop	0	0006D2F2:LocToxicGraftonSteelLocation:Grafton Steel	0.000000	1.000000	
0043C468	DebugAmbushShareLocation	Debug Ambush Test Cell	0														1	ESSChanceMainScorched	5.000000																																																																																																																																			0	0	0	None	0	002F7091:SubRegionCranberry14Location:Cranberry Bog	0.000000	1.000000	
004429B0	SubRegionMountainRemoval08LocationLOW	The Ash Heap	3	0001CA8B:LocRegionMTR:KYWD	003A404E:LocTypeSubRegion:KYWD	003CD32C:EMSAllowLoadedReRoll:KYWD											27	ESSChanceMainGhouls	5.000000		ESSChanceMainScorched	10.000000		ESSChanceMainRobots	5.000000		ESSChanceSubGhoul	5.000000		ESSChanceSubRobots	5.000000		ESSChanceSubScorched	10.000000		ESSChanceMainSuperMutants	5.000000		ESSChanceSubSuperMutants	5.000000		ESSChanceMainLiberators	5.000000		ESSChanceMainViciousDog	5.000000		ESSChanceMainMolerats	10.000000		ESSChanceMainRats	5.000000		ESSChanceSubLiberators	5.000000		ESSChanceMainMoleMiner	15.000000		ESSChanceSubViciousDog	5.000000		ESSChanceSubMolerats	10.000000		ESSChanceSubRats	5.000000		ESSChanceSubScorpionsLARGE	5.000000		ESSChanceSubMoleMiners	15.000000		ESSChanceCritterAFirefly	5.000000		ESSChanceCritterAOpposum	5.000000		ESSChanceCritterBFirefly	5.000000		ESSChanceCritterBOpposum	5.000000		ESSChanceMainBloatfly	5.000000		ESSChanceSubBloatfly	5.000000		ESSChanceMainCaveCricket	5.000000		ESSChanceSubCaveCricket	5.000000																																																					0	0	15	None	20	000045D0:RegionMTRLocation:Ash Heap	0.000000	1.000000	
0044A6ED	CUT_OldMissileSiloLocation		6	0004E16F:SQ_IgnoreDeath:KYWD	001789F7:LocRegionMountain:KYWD	0033FE91:LocTypeFastTravelDestination:KYWD	003D5B65:LocLootScaleGiant:KYWD	003DA753:LocTypeMissileSilo:KYWD	004E855F:LocThemeMilitary:KYWD								0																																																																																																																																					0	0	35	None	99		0.000000	1.000000	
00451E38	DEBUG_Loc_NEEDS_SETUP_Challenges		0														0																																																																																																																																					0	0	0	None	0		0.000000	1.000000	
00473903	LocForestTheNukashineLocation	Big Al's Tattoo Parlor	5	00003954:LocTypeInteriorCell:KYWD	0001564F:LocRegionForestFloodlands:KYWD	0033FE91:LocTypeFastTravelDestination:KYWD	003D5B62:LocLootScalePOI:KYWD	004E855C:LocThemeWorkingClass:KYWD									0																																																																																																																																					0	0	0	None	0	00048318:LocForestMorgantownLocation:Morgantown	0.000000	1.000000	
00474D99	LocMTRVanLoweTaxidermyLocation	Van Lowe Taxidermy	4	00003954:LocTypeInteriorCell:KYWD	0001CA8B:LocRegionMTR:KYWD	003D5B62:LocLootScalePOI:KYWD	004E855B:LocThemeGeneral:KYWD										0																																																																																																																																					0	0	0	None	0	002EE567:SubRegionMountainRemoval03Location:The Ash Heap	0.000000	1.000000	
004774BD	LocForestArktosPharmaLabInteriorLocation	Arktos Pharma Biome Lab	12	00003954:LocTypeInteriorCell:KYWD	0001564F:LocRegionForestFloodlands:KYWD	000254BC:LocTypeDungeonMajor:KYWD	0004F21B:LocTypeSubterranean:KYWD	00064EDE:LocTypeClearable:KYWD	00396B77:LocTypeDungeon:KYWD	003A5E71:LocEncSupportLarge:KYWD	003A5E72:LocEncSupportGiant:KYWD	003D4B10:LocLootScaleMedium:KYWD	004E856A:LocThemeMedical:KYWD	0055C6A4:DungeonTypeMedicalFacility:KYWD	007BD03F:LocTypeFishingExcluded:KYWD		2	ESSChanceMainRobots	5.000000		ESSChanceSubGhoul	5.000000																																																																																																																																0	0	50	None	99	0011293A:LocForestArktosPharmaLocation:Arktos Pharma	0.000000	1.000000	
0047770A	LocSwampBurrowsInteriorLocation	The Burrows	10	00003954:LocTypeInteriorCell:KYWD	0001CA8C:LocRegionSwampForest:KYWD	000254BC:LocTypeDungeonMajor:KYWD	00064EDE:LocTypeClearable:KYWD	0033FE91:LocTypeFastTravelDestination:KYWD	00396B77:LocTypeDungeon:KYWD	003D5B64:LocLootScaleLarge:KYWD	004E855C:LocThemeWorkingClass:KYWD	0055C6B4:DungeonTypeTunnel:KYWD	005ADD9E:LocTypeDailyOps:KYWD				2	ESSChanceMainRobots	5.000000		ESSChanceSubGhoul	5.000000																																																																																																																																0	0	15	None	99	00070368:LocSwampHarpersFerryLocation:Harpers Ferry	0.000000	1.000000	
00477C6E	LocForestPiFraternityHouseLocation	Pi House	4	00003954:LocTypeInteriorCell:KYWD	0001564F:LocRegionForestFloodlands:KYWD	003D5B62:LocLootScalePOI:KYWD	004E855C:LocThemeWorkingClass:KYWD										1	ESSChanceMainGhouls	5.000000																																																																																																																																			0	0	0	None	0	00048318:LocForestMorgantownLocation:Morgantown	0.000000	1.000000	
00478927	LocForestEtaPsiFraternityHouseLocation	Eta Psi House	4	00003954:LocTypeInteriorCell:KYWD	0001564F:LocRegionForestFloodlands:KYWD	003D5B62:LocLootScalePOI:KYWD	004E855C:LocThemeWorkingClass:KYWD										0																																																																																																																																					0	0	0	None	0	00048318:LocForestMorgantownLocation:Morgantown	0.000000	1.000000	
0047F038	D01A_AlcoholName_Nukashine	Nukashine	1	00180819:EMSIgnoredLocation:KYWD													0																																																																																																																																					0	0	0	None	0		0.000000	1.000000	
0047F2D4	D01A_Tipsy_StatName_Agility	Agility	1	00180819:EMSIgnoredLocation:KYWD													0																																																																																																																																					0	0	0	None	0		0.000000	1.000000	
0047F2D0	D01A_Tipsy_StatName_Perception	Perception	1	00180819:EMSIgnoredLocation:KYWD													0																																																																																																																																					0	0	0	None	0		0.000000	1.000000	
0047F2D5	D01A_Tipsy_StatName_Luck	Luck	1	00180819:EMSIgnoredLocation:KYWD													0																																																																																																																																					0	0	0	None	0		0.000000	1.000000	
0047F2D1	D01A_Tipsy_StatName_Endurance	Endurance	1	00180819:EMSIgnoredLocation:KYWD													0																																																																																																																																					0	0	0	None	0		0.000000	1.000000	
0047F2D2	D01A_Tipsy_StatName_Charisma	Charisma	1	00180819:EMSIgnoredLocation:KYWD													0																																																																																																																																					0	0	0	None	0		0.000000	1.000000	
0047F2CF	D01A_Tipsy_StatName_Strength	Strength	1	00180819:EMSIgnoredLocation:KYWD													0																																																																																																																																					0	0	0	None	0		0.000000	1.000000	
0047F2D3	D01A_Tipsy_StatName_Intelligence	Intelligence	1	00180819:EMSIgnoredLocation:KYWD													0																																																																																																																																					0	0	0	None	0		0.000000	1.000000	
00454D39	D01A_AlcoholName_LeadChampagne	Lead Champagne	1	00180819:EMSIgnoredLocation:KYWD													0																																																																																																																																					0	0	0	None	0		0.000000	1.000000	
00454D3A	D01A_AlcoholName_HoppyHunter	Hoppy Hunter IPA	1	00180819:EMSIgnoredLocation:KYWD													0																																																																																																																																					0	0	0	None	0		0.000000	1.000000	
00454D3B	SFS09_Habitat_Dmitri	Dmitri	1	00180819:EMSIgnoredLocation:KYWD													0																																																																																																																																					0	0	0	None	0		0.000000	1.000000	
0046830B	E01B_Herd_FarmhandNameLocBeckwith	Beckwith Farmhand	1	00180819:EMSIgnoredLocation:KYWD													0																																																																																																																																					0	0	0	None	0		0.000000	1.000000	
0046959B	E01B_Herd_FarmhandNameLocDelano	Delano Farmhand	1	00180819:EMSIgnoredLocation:KYWD													0																																																																																																																																					0	0	0	None	0		0.000000	1.000000	
0046959C	E01B_Herd_FarmhandNameLocAaronholt	Aaronholt Farmhand	1	00180819:EMSIgnoredLocation:KYWD													0																																																																																																																																					0	0	0	None	0		0.000000	1.000000	
0046A56D	E01B_Herd_BrahminName_Duke	Duke	1	00180819:EMSIgnoredLocation:KYWD													0																																																																																																																																					0	0	0	None	0		0.000000	1.000000	
0046A56E	E01B_Herd_BrahminName_Earl	Earl	1	00180819:EMSIgnoredLocation:KYWD													0																																																																																																																																					0	0	0	None	0		0.000000	1.000000	
0046A56F	E01B_Herd_BrahminName_Homer	Homer	1	00180819:EMSIgnoredLocation:KYWD													0																																																																																																																																					0	0	0	None	0		0.000000	1.000000	
0046A577	E01B_Herd_BrahminName_Bourbon	Bourbon	1	00180819:EMSIgnoredLocation:KYWD													0																																																																																																																																					0	0	0	None	0		0.000000	1.000000	
0046A570	E01B_Herd_BrahminName_Humphry	Humphry	1	00180819:EMSIgnoredLocation:KYWD													0																																																																																																																																					0	0	0	None	0		0.000000	1.000000	
0046A571	E01B_Herd_BrahminName_Sampson	Sampson	1	00180819:EMSIgnoredLocation:KYWD													0																																																																																																																																					0	0	0	None	0		0.000000	1.000000	
0046A572	E01B_Herd_BrahminName_Bessie	Bessie	1	00180819:EMSIgnoredLocation:KYWD													0																																																																																																																																					0	0	0	None	0		0.000000	1.000000	
0046A573	E01B_Herd_BrahminName_Daisy	Daisy	1	00180819:EMSIgnoredLocation:KYWD													0																																																																																																																																					0	0	0	None	0		0.000000	1.000000	
0046A574	E01B_Herd_BrahminName_Dahlia	Dahlia	1	00180819:EMSIgnoredLocation:KYWD													0																																																																																																																																					0	0	0	None	0		0.000000	1.000000	
0046A575	E01B_Herd_BrahminName_Esmeralda	Esmeralda	1	00180819:EMSIgnoredLocation:KYWD													0																																																																																																																																					0	0	0	None	0		0.000000	1.000000	
0046A576	E01B_Herd_BrahminName_Penelope	Penelope	1	00180819:EMSIgnoredLocation:KYWD													0																																																																																																																																					0	0	0	None	0		0.000000	1.000000	
0046A578	E01B_Herd_BrahminName_Dandy	Dandy	1	00180819:EMSIgnoredLocation:KYWD													0																																																																																																																																					0	0	0	None	0		0.000000	1.000000	
0046A579	E01B_Herd_BrahminName_Grognak	Grognak	1	00180819:EMSIgnoredLocation:KYWD													0																																																																																																																																					0	0	0	None	0		0.000000	1.000000	
0046A57A	E01B_Herd_BrahminName_NukaCowla	Nuka-Cowla	1	00180819:EMSIgnoredLocation:KYWD													0																																																																																																																																					0	0	0	None	0		0.000000	1.000000	
0046A57B	E01B_Herd_BrahminName_SugarBomb	Sugar Bomb	1	00180819:EMSIgnoredLocation:KYWD													0																																																																																																																																					0	0	0	None	0		0.000000	1.000000	
0046A56C	LocSwampDelanoGrangeLocation	Delano Grange	3	0001CA8C:LocRegionSwampForest:KYWD	0033FE91:LocTypeFastTravelDestination:KYWD	004E8569:LocThemeOutdoors:KYWD											0																																																																																																																																					0	0	0	None	0	002F7070:SubRegionSwamp09Location:Mire	0.000000	1.000000	
003EC3DD	D01A_AlcoholName_TickBloodTequila	Tick Blood Tequila	1	00180819:EMSIgnoredLocation:KYWD													0																																																																																																																																					0	0	0	None	0		0.000000	1.000000	
003EC3DB	D01A_AlcoholName_BallisticBock	Ballistic Bock	1	00180819:EMSIgnoredLocation:KYWD													0																																																																																																																																					0	0	0	None	0		0.000000	1.000000	
003EC3DC	D01A_AlcoholName_FirecrackerWhiskey	Firecracker Whiskey	1	00180819:EMSIgnoredLocation:KYWD													0																																																																																																																																					0	0	0	None	0		0.000000	1.000000	
003EC435	LocMTRPylonAmbushSiteLocation	Pylon Ambush Site	5	0001CA8B:LocRegionMTR:KYWD	00064EDE:LocTypeClearable:KYWD	0033FE91:LocTypeFastTravelDestination:KYWD	003A5E72:LocEncSupportGiant:KYWD	004E8563:LocThemeMiner:KYWD									1	ESSChanceMainGhouls	5.000000																																																																																																																																			0	0	0	None	0	002EE567:SubRegionMountainRemoval03Location:The Ash Heap	0.000000	1.000000	
003F04E0	D01A_AlcoholName_PickAxePilsner	Pickaxe Pilsner	1	00180819:EMSIgnoredLocation:KYWD													0																																																																																																																																					0	0	0	None	0		0.000000	1.000000	
003F04D8	D01A_AlcoholName_HighVoltageHefe	High Voltage Hefe	1	00180819:EMSIgnoredLocation:KYWD													0																																																																																																																																					0	0	0	None	0		0.000000	1.000000	
003F04E1	D01A_AlcoholName_Rum	Rum	1	00180819:EMSIgnoredLocation:KYWD													0																																																																																																																																					0	0	0	None	0		0.000000	1.000000	
003F04E2	D01A_AlcoholName_Vodka	Vodka	1	00180819:EMSIgnoredLocation:KYWD													0																																																																																																																																					0	0	0	None	0		0.000000	1.000000	
003F04D9	D01A_AlcoholName_RadAntLager	Rad Ant Lager	1	00180819:EMSIgnoredLocation:KYWD													0																																																																																																																																					0	0	0	None	0		0.000000	1.000000	
003F04E3	D01A_AlcoholName_Whiskey	Whiskey	1	00180819:EMSIgnoredLocation:KYWD													0																																																																																																																																					0	0	0	None	0		0.000000	1.000000	
003F04E4	D01A_AlcoholName_Wine	Wine	1	00180819:EMSIgnoredLocation:KYWD													0																																																																																																																																					0	0	0	None	0		0.000000	1.000000	
003F04DA	D01A_AlcoholName_Beer	Beer	1	00180819:EMSIgnoredLocation:KYWD													0																																																																																																																																					0	0	0	None	0		0.000000	1.000000	
003F04DB	D01A_AlcoholName_BlackwaterBrew	Blackwater Brew	1	00180819:EMSIgnoredLocation:KYWD													0																																																																																																																																					0	0	0	None	0		0.000000	1.000000	
003F04DF	D01A_AlcoholName_OldPossum	Old Possum	1	00180819:EMSIgnoredLocation:KYWD													0																																																																																																																																					0	0	0	None	0		0.000000	1.000000	
003F04DC	D01A_AlcoholName_Bourbon	Bourbon	1	00180819:EMSIgnoredLocation:KYWD													0																																																																																																																																					0	0	0	None	0		0.000000	1.000000	
003F04DD	D01A_AlcoholName_NewRiverRedAle	New River Red Ale	1	00180819:EMSIgnoredLocation:KYWD													0																																																																																																																																					0	0	0	None	0		0.000000	1.000000	
003F04DE	D01A_AlcoholName_OakHollerLager	Oak Holler Lager	1	00180819:EMSIgnoredLocation:KYWD													0																																																																																																																																					0	0	0	None	0		0.000000	1.000000	
003F1843	LocForestFraternityRowLocation	Fraternity Row	1	0033FE91:LocTypeFastTravelDestination:KYWD													0																																																																																																																																					0	0	0	None	0	00048318:LocForestMorgantownLocation:Morgantown	0.000000	1.000000	
003F7C67	LocSwampBerkeleySpringsTrainStationLocation	Berkeley Springs Station	4	0001CA8C:LocRegionSwampForest:KYWD	0033FE91:LocTypeFastTravelDestination:KYWD	003D5B62:LocLootScalePOI:KYWD	004E855B:LocThemeGeneral:KYWD										0																																																																																																																																					0	0	0	None	0	002F706F:SubRegionSwamp08Location:Mire	0.000000	1.000000	
003F0681	NPCTestLocation		0														0																																																																																																																																					0	0	0	None	0		0.000000	1.000000	
003F8930	LocForestSuttonOverseersHomeLocation	Overseer's Home	7	0001564F:LocRegionForestFloodlands:KYWD	00180819:EMSIgnoredLocation:KYWD	0033FE91:LocTypeFastTravelDestination:KYWD	003D5B62:LocLootScalePOI:KYWD	004E855C:LocThemeWorkingClass:KYWD	005620EA:LocOverseersHome:KYWD	0057E1EC:LocTypeInstancedCell:KYWD							0																																																																																																																																					0	0	0	None	0	002EE554:SubRegionForestFloodlands18Location:The Forest	0.000000	1.000000	
003FAEB0	LocWatogaSewersLocation		0														3	ESSChanceMainGhouls	5.000000		ESSChanceSubMolerats	5.000000		ESSChanceSubRats	5.000000																																																																																																																													0	0	0	None	0	0031AEE3:SubRegionForestFloodlands25Location:The Forest	0.000000	1.000000	
003FBF9A	W05_MQ_TestLocation		0														0																																																																																																																																					0	0	0	None	0		0.000000	1.000000	
003FEA66	TestMJLocation	Test MJ Location	0														0																																																																																																																																					0	255	0	None	0		0.000000	1.000000	
00405E9F	LocForestTheWaywardLocationInterior	The Wayward	3	00003954:LocTypeInteriorCell:KYWD	0055F9E1:LocEncMainSettler:KYWD	0057E1EC:LocTypeInstancedCell:KYWD											0																																																																																																																																					0	0	1	None	99	0040BD0F:LocForestTheWaywardLocationExterior:The Wayward	0.000000	1.000000	
00405EB8	LocForestVault76LandingLocation	The Wayward	1	0055F9E1:LocEncMainSettler:KYWD													0																																																																																																																																					0	0	0	None	0	002EE52F:SubRegionForestFloodlands13LocationLOW:The Forest	0.000000	1.000000	
00409ED0	LocToxicRaiderRaidLocation	Raider Raid Location	3	00088AAB:LocRegionToxicValley:KYWD	003A404E:LocTypeSubRegion:KYWD	003CD32C:EMSAllowLoadedReRoll:KYWD											1	ESSChanceMainScorched	5.000000																																																																																																																																			0	0	0	None	0	002F707D:SubRegionToxicValley02Location:Toxic Valley	0.000000	1.000000	
0040A0DB	LocMountainsHornwrightEstateSaferoomLocation	Hornwright Estate Safe Room	5	0009860C:LocTypeWealthy:KYWD	001789F7:LocRegionMountain:KYWD	003D5B62:LocLootScalePOI:KYWD	004E8560:LocThemeWealthy:KYWD	0057E1EC:LocTypeInstancedCell:KYWD									0																																																																																																																																					0	0	0	None	0	002F7067:SubRegionMountains01Location:Savage Divide	0.000000	1.000000	
0040BC91	LocToxicLousMineLocation	Carleton Mine	6	0004F21B:LocTypeSubterranean:KYWD	00064EDE:LocTypeClearable:KYWD	00088AAB:LocRegionToxicValley:KYWD	0033FE91:LocTypeFastTravelDestination:KYWD	003D4B10:LocLootScaleMedium:KYWD	004E8563:LocThemeMiner:KYWD								2	ESSChanceMainScorched	5.000000		ESSChanceSubMolerats	5.000000																																																																																																																																0	0	0	None	0	002F707F:SubRegionToxicValley04Location:Toxic Valley	0.000000	1.000000	
0040BD0F	LocForestTheWaywardLocationExterior	The Wayward	2	0033FE91:LocTypeFastTravelDestination:KYWD	0055F9E1:LocEncMainSettler:KYWD												0																																																																																																																																					0	0	0	None	0	002EE553:SubRegionForestFloodlands17LocationLOW:The Forest	0.000000	1.000000	
0040BD90	LocMountainsFoundationInteriorLocation	Foundation Interior	5	00003954:LocTypeInteriorCell:KYWD	001789F7:LocRegionMountain:KYWD	003D5B63:LocLootScaleSmall:KYWD	0055F9E1:LocEncMainSettler:KYWD	0057E1EC:LocTypeInstancedCell:KYWD									0																																																																																																																																					0	0	0	Workshop	0	0009A128:LocMountainsFoundationLocation:Foundation	0.000000	1.000000	
0040BE02	LocMountainsSettlerBugOutInteriorLocation	Secluded Cave	5	00003954:LocTypeInteriorCell:KYWD	001789F7:LocRegionMountain:KYWD	003D5B63:LocLootScaleSmall:KYWD	0055F9E1:LocEncMainSettler:KYWD	0057E1EC:LocTypeInstancedCell:KYWD									0																																																																																																																																					0	0	0	Workshop	0	0033873C:SubRegionMountains28Location:Savage Divide	0.000000	1.000000	
0040BE04	LocToxicRaiderRaidInteriorLocation	Trailer Interior	3	00088AAB:LocRegionToxicValley:KYWD	003A404E:LocTypeSubRegion:KYWD	0057E1EC:LocTypeInstancedCell:KYWD											0																																																																																																																																					0	0	0	None	0	00409ED0:LocToxicRaiderRaidLocation:Raider Raid Location	0.000000	1.000000	
0040C1B0	LocToxicGraftonSteelUndergroundLocation	Grafton Steel Underground	8	00022612:LocTypeResponderEyebot:KYWD	00064EDE:LocTypeClearable:KYWD	00088AAB:LocRegionToxicValley:KYWD	0033FE91:LocTypeFastTravelDestination:KYWD	003D4B10:LocLootScaleMedium:KYWD	004E855C:LocThemeWorkingClass:KYWD	0057E1EC:LocTypeInstancedCell:KYWD	007BD03F:LocTypeFishingExcluded:KYWD						0																																																																																																																																					0	0	10	None	99	002F7082:SubRegionToxicValley07Location:Toxic Valley	0.000000	1.000000	
0040C1A6	LocToxicCraterWatchstationLocation	Crater Watchstation	6	00088AAB:LocRegionToxicValley:KYWD	0033FE91:LocTypeFastTravelDestination:KYWD	003D4B10:LocLootScaleMedium:KYWD	004713D5:LocTypeChallenge_NukeCity:KYWD	004E855B:LocThemeGeneral:KYWD	0055C6AC:LocEncMainRaider:KYWD								0																																																																																																																																					0	0	0	None	0	002F7081:SubRegionToxicValley06LocationLOW:Toxic Valley	0.000000	1.000000	
0040C1B1	LocForestPoseidonEnergyAbandonedTowerLocation	Poseidon Energy Plant WV-06	8	00003954:LocTypeInteriorCell:KYWD	0001564F:LocRegionForestFloodlands:KYWD	00064EDE:LocTypeClearable:KYWD	0033FE91:LocTypeFastTravelDestination:KYWD	003D5B65:LocLootScaleGiant:KYWD	003E7F19:PowerPlantLocationKeyword:KYWD	004E855C:LocThemeWorkingClass:KYWD	0050DC84:LocNoAutoPlacedScorchedStatues:KYWD						0																																																																																																																																					0	0	0	None	0	0031AEE4:SubRegionForestFloodlands26Location:The Forest	0.000000	1.000000	
0040D4E7	LocToxicCraterWatchstationInteriorLocation	Crater Watchstation Worksite	8	00003954:LocTypeInteriorCell:KYWD	0004F21B:LocTypeSubterranean:KYWD	00088AAB:LocRegionToxicValley:KYWD	003D5B63:LocLootScaleSmall:KYWD	004E8564:LocThemeRaider:KYWD	0055C6AC:LocEncMainRaider:KYWD	0057E1EC:LocTypeInstancedCell:KYWD	007BD03F:LocTypeFishingExcluded:KYWD						0																																																																																																																																					0	0	0	None	0	0040C1A6:LocToxicCraterWatchstationLocation:Crater Watchstation	0.000000	1.000000	
0040D4DC	LocToxicTheCraterInteriorLocation	The Core	5	00003954:LocTypeInteriorCell:KYWD	00088AAB:LocRegionToxicValley:KYWD	003D5B63:LocLootScaleSmall:KYWD	0055C6AC:LocEncMainRaider:KYWD	0057E1EC:LocTypeInstancedCell:KYWD									0																																																																																																																																					0	0	0	None	0	000616B3:LocToxicTheCraterLocation:The Crater	0.000000	1.000000	
0040D4E6	LocToxicLousMineInteriorLocation	Carleton Mine	4	00003954:LocTypeInteriorCell:KYWD	00088AAB:LocRegionToxicValley:KYWD	003D4B10:LocLootScaleMedium:KYWD	0057E1EC:LocTypeInstancedCell:KYWD										2	ESSChanceMainScorched	5.000000		ESSChanceSubMolerats	5.000000																																																																																																																																0	0	0	None	0	0040BC91:LocToxicLousMineLocation:Carleton Mine	0.000000	1.000000	
0040FA9F	LocForestWVLumberCoInteriorLocation	WV Lumber Co. Interior	6	00003954:LocTypeInteriorCell:KYWD	0001564F:LocRegionForestFloodlands:KYWD	004E8564:LocThemeRaider:KYWD	0055C6AC:LocEncMainRaider:KYWD	0057E1EC:LocTypeInstancedCell:KYWD	007BD03F:LocTypeFishingExcluded:KYWD								0																																																																																																																																					0	0	0	None	0	0004BDFC:SubRegionForestFloodlands01Location:The Forest	0.000000	1.000000	
00412270	LocForestDuncanDuncanRoboticsLocation	Duncan & Duncan Robotics	5	0001564F:LocRegionForestFloodlands:KYWD	00064EDE:LocTypeClearable:KYWD	003D5B63:LocLootScaleSmall:KYWD	004E855B:LocThemeGeneral:KYWD	0057E1EC:LocTypeInstancedCell:KYWD									0																																																																																																																																					0	0	0	None	0	0031AEE2:SubRegionForestFloodlands24Location:The Forest	0.000000	1.000000	
0040A78B	LocSwampBurrowsNorthLocation	The Burrows North	1	0033FE91:LocTypeFastTravelDestination:KYWD													0																																																																																																																																					0	0	0	None	0	0047770A:LocSwampBurrowsInteriorLocation:The Burrows	0.000000	1.000000	
00417F38	LocForestRobcoCacheLocation	RobCo Experimental Auto-Supply Cache #0001	8	00003954:LocTypeInteriorCell:KYWD	0001564F:LocRegionForestFloodlands:KYWD	00022612:LocTypeResponderEyebot:KYWD	0004F21B:LocTypeSubterranean:KYWD	00064EDE:LocTypeClearable:KYWD	0033FE91:LocTypeFastTravelDestination:KYWD	003D4B10:LocLootScaleMedium:KYWD	0057E1EC:LocTypeInstancedCell:KYWD						1	ESSChanceMainScorched	5.000000																																																																																																																																			0	0	0	None	0	002EE533:SubRegionForestFloodlands14Location:The Forest	0.000000	1.000000	
0041A353	LocForestTheWaywardMuscleFightPOILocation	Wayward Fight POI	0														0																																																																																																																																					0	0	0	None	0	002EE533:SubRegionForestFloodlands14Location:The Forest	0.000000	1.000000	
00426950	W05_DM_Community_MountainsTestLocation		1	001789F7:LocRegionMountain:KYWD													0																																																																																																																																					0	0	0	None	0		0.000000	1.000000	
004283B5	LocMountainsSettlerScorchedCampLocation	Savage Divide	3	001789F7:LocRegionMountain:KYWD	003A404E:LocTypeSubRegion:KYWD	003CD32C:EMSAllowLoadedReRoll:KYWD											0																																																																																																																																					0	0	0	None	0	0033873C:SubRegionMountains28Location:Savage Divide	0.000000	1.000000	
004283B6	LocMountainsSettlerBugOutLocation	Settler Bug Out	3	00003954:LocTypeInteriorCell:KYWD	001789F7:LocRegionMountain:KYWD	003D5B63:LocLootScaleSmall:KYWD											0																																																																																																																																					0	0	0	Workshop	0	0033873C:SubRegionMountains28Location:Savage Divide	0.000000	1.000000	
0042B262	LocForestGauleyMineExitLocation	Gauley Mine	4	0001564F:LocRegionForestFloodlands:KYWD	0033FE91:LocTypeFastTravelDestination:KYWD	003D4B10:LocLootScaleMedium:KYWD	004E8563:LocThemeMiner:KYWD										1	ESSChanceMainScorched	5.000000																																																																																																																																			0	0	1	None	10	002EE533:SubRegionForestFloodlands14Location:The Forest	0.000000	1.000000	
0042C112	LocCranberryElectricTowerCampLocation	Crimson Prospect	9	000012A1:LocRegionCranberryBog:KYWD	00064EDE:LocTypeClearable:KYWD	0033FE91:LocTypeFastTravelDestination:KYWD	0037FA7F:LocTypeDungeonPOI:KYWD	00396B77:LocTypeDungeon:KYWD	003D5B63:LocLootScaleSmall:KYWD	004E8569:LocThemeOutdoors:KYWD	0055C692:DungeonTypeCompound:KYWD	0055C6AC:LocEncMainRaider:KYWD					0																																																																																																																																					0	0	0	None	0	002EE524:SubRegionCranberry12Location:Cranberry Bog	0.000000	1.000000	
0042C26C	LocCranberryDuelingFarmsLocation	Dueling Farms	5	000012A1:LocRegionCranberryBog:KYWD	00064EDE:LocTypeClearable:KYWD	0033FE91:LocTypeFastTravelDestination:KYWD	003D5B62:LocLootScalePOI:KYWD	004E8569:LocThemeOutdoors:KYWD									0																																																																																																																																					0	0	0	None	0	002F7093:SubRegionCranberry16Location:Cranberry Bog	0.000000	1.000000	
0042F5A7	LocCranberryWatogaCivicCenterInteriorLocation	Watoga Civic Center	6	000012A1:LocRegionCranberryBog:KYWD	00003954:LocTypeInteriorCell:KYWD	0033FE91:LocTypeFastTravelDestination:KYWD	003D4B10:LocLootScaleMedium:KYWD	004E855D:LocThemeWhiteCollar:KYWD	0057E1EC:LocTypeInstancedCell:KYWD								3	ESSChanceMainScorched	5.000000		EMSChanceVariantNormal	45.000000		EMSChanceVariantScorched	5.000000																																																																																																																													0	0	0	None	0	00073D7C:LocCranberryWatogaCivicCenterExteriorLocation:Watoga Civic Center	0.000000	1.000000	
004716FB	Babylon_StagingArea_Location	Vault 51	0														0																																																																																																																																					0	0	0	None	1		0.000000	1.000000	
0053F805	LocForestSuttonOverseersHomeInteriorLocation	Overseer's Home	6	0001564F:LocRegionForestFloodlands:KYWD	00180819:EMSIgnoredLocation:KYWD	003D5B62:LocLootScalePOI:KYWD	004E855C:LocThemeWorkingClass:KYWD	0057E1EC:LocTypeInstancedCell:KYWD	007BD03F:LocTypeFishingExcluded:KYWD								0																																																																																																																																					0	0	0	None	0	002EE554:SubRegionForestFloodlands18Location:The Forest	0.000000	1.000000	
00540390	Vault79Location	Vault 79	8	00003954:LocTypeInteriorCell:KYWD	00064EDE:LocTypeClearable:KYWD	001789F7:LocRegionMountain:KYWD	0033FE91:LocTypeFastTravelDestination:KYWD	004E855F:LocThemeMilitary:KYWD	004E8566:LocThemeVaultTec:KYWD	0057E1EC:LocTypeInstancedCell:KYWD	007BD03F:LocTypeFishingExcluded:KYWD						0																																																																																																																																					0	0	0	None	0	0058D8C3:Vault79EntranceLocation_Exterior:Mysterious Cave	0.000000	1.000000	
00540E1A	LocMountainsSpruceKnobCampgroundInteriorLocation	Spruce Knob Campground Interior	3	0055F9E1:LocEncMainSettler:KYWD	0057E1EC:LocTypeInstancedCell:KYWD	007BD03F:LocTypeFishingExcluded:KYWD											0																																																																																																																																					0	0	0	None	0	0009A147:LocMountainsSpruceKnobCampgroundLocation:Spruce Knob Campground	0.000000	1.000000	
005426BD	LocSwampBerkeleySpringsRaiderCampLocation	Bloody Frank's	12	0000BA1C:LocTypeENz01DropRegion:KYWD	0000BC69:LocTypeENz01DropSite:KYWD	0001CA8C:LocRegionSwampForest:KYWD	00064EDE:LocTypeClearable:KYWD	0033FE91:LocTypeFastTravelDestination:KYWD	0037FA7F:LocTypeDungeonPOI:KYWD	00396B77:LocTypeDungeon:KYWD	003D5B63:LocLootScaleSmall:KYWD	004713D5:LocTypeChallenge_NukeCity:KYWD	004E8564:LocThemeRaider:KYWD	0055C692:DungeonTypeCompound:KYWD	0055C6AC:LocEncMainRaider:KYWD		0																																																																																																																																					0	0	0	None	0	0000414B:LocSwampBerkeleySpringsLocation:Berkeley Springs	0.000000	1.000000	
00548808	W05_JP_Community_SwampLocation	Mire	4	0001CA8B:LocRegionMTR:KYWD	0001CA8C:LocRegionSwampForest:KYWD	003A404E:LocTypeSubRegion:KYWD	003CD32C:EMSAllowLoadedReRoll:KYWD										37	ESSChanceMainMirelurks	5.000000		ESSChanceSubMirelurks	5.000000		ESSChanceSubScorched	5.000000		ESSChanceMainSuperMutants	5.000000		ESSChanceSubSuperMutants	5.000000		ESSChanceMainLiberators	5.000000		ESSChanceSubLiberators	5.000000		ESSChanceSubMegaslothGIANTONLY	5.000000		EMSChanceVariantNormal	45.000000		EMSChanceVariantScorched	5.000000		ESSChanceCritterABeaver	5.000000		ESSChanceCritterAChicken	5.000000		ESSChanceCritterAFirefly	15.000000		ESSChanceCritterAFox	5.000000		ESSChanceCritterAOpposum	5.000000		ESSChanceCritterARadFrog	10.000000		ESSChanceCritterARadStag	25.000000		ESSChanceCritterASquirrel	5.000000		ESSChanceCritterBBeaver	5.000000		ESSChanceCritterBChicken	5.000000		ESSChanceCritterBFirefly	15.000000		ESSChanceCritterBFox	5.000000		ESSChanceCritterBOpposum	5.000000		ESSChanceCritterBRadFrog	10.000000		ESSChanceCritterBRadStag	10.000000		ESSChanceCritterBSquirrel	5.000000		ESSChanceMainBloodbug	5.000000		ESSChanceSubBloodbug	5.000000		ESSChanceSubStingwingLARGE	5.000000		ESSChanceMainAnglerLARGE	5.000000		ESSChanceMainToadLARGE	5.000000		ESSChanceSubAnglerLARGE	5.000000		ESSChanceSubFogCrawlerLARGE	5.000000		ESSChanceSubGulperLARGE	5.000000		ESSChanceSubToadLARGE	5.000000		ESSChanceMainCaveCricket	5.000000		ESSChanceSubCaveCricket	5.000000																							0	0	0	None	0	000045E1:RegionSwampForestLocation:The Mire	0.000000	1.000000	
00548A67	W05_AF_Community_MountainsMountainsideBBLocation	Mountainside Bed & Breakfast	2	001789F7:LocRegionMountain:KYWD	0033FE91:LocTypeFastTravelDestination:KYWD												4	ESSChanceMainGhouls	5.000000		ESSChanceMainScorched	5.000000		ESSChanceMainLiberators	5.000000		ESSChanceMainMoleMiner	5.000000																																																																																																																										0	0	0	None	0	00338738:SubRegionMountains24Location:Savage Divide	0.000000	1.000000	
0054E812	LocForestVulcanResearchLaboratoryLocation	Vulcan Research Laboratory	6	00003954:LocTypeInteriorCell:KYWD	0001564F:LocRegionForestFloodlands:KYWD	00064EDE:LocTypeClearable:KYWD	0033FE91:LocTypeFastTravelDestination:KYWD	003D4B10:LocLootScaleMedium:KYWD	004E855F:LocThemeMilitary:KYWD								1	ESSChanceMainRobots	5.000000																																																																																																																																			0	0	0	None	0		0.000000	1.000000	
0054EB6C	COMP_Astronaut_InstancedLocation_Bunker	Astronaut's House	0														0																																																																																																																																					0	0	0	None	0		0.000000	1.000000	
0055308C	LocForestMotherlodeNavigationTestLocation	Motherlode Navigation Test	6	00003954:LocTypeInteriorCell:KYWD	0001564F:LocRegionForestFloodlands:KYWD	003D5B63:LocLootScaleSmall:KYWD	004E855F:LocThemeMilitary:KYWD	0057E1EC:LocTypeInstancedCell:KYWD	007BD03F:LocTypeFishingExcluded:KYWD								1	ESSChanceMainMoleMiner	5.000000																																																																																																																																			0	0	1	None	99	000045DD:SubRegionFloodlandsLocation:The Floodlands	0.000000	1.000000	
00553509	LocMTRSludgeWorksLocation	The Sludge Works	10	0001CA8B:LocRegionMTR:KYWD	00064EDE:LocTypeClearable:KYWD	0033FE91:LocTypeFastTravelDestination:KYWD	0037FA7F:LocTypeDungeonPOI:KYWD	00396B77:LocTypeDungeon:KYWD	003D5B63:LocLootScaleSmall:KYWD	004E8564:LocThemeRaider:KYWD	0055C692:DungeonTypeCompound:KYWD	005723C8:LocEncMainBloodEagles:KYWD	00804F7D:LocTypeFishingLocalLegend:KYWD				0																																																																																																																																					0	0	0	None	0	002EE56A:SubRegionMountainRemoval06Location:The Ash Heap	0.000000	1.000000	
00555AED	W05_AF_Community_Treehouse_Village_Location	Mosstown	2	0001CA8C:LocRegionSwampForest:KYWD	0033FE91:LocTypeFastTravelDestination:KYWD												5	ESSChanceMainGhouls	5.000000		ESSChanceMainScorched	5.000000		EMSChanceVariantNormal	45.000000		EMSChanceVariantScorched	5.000000		ESSChanceMainTick	5.000000																																																																																																																							0	0	0	None	0	002F706D:SubRegionSwamp06Location:Mire	0.000000	1.000000	
003F17CE	Vault94ExteriorLocation	Vault 94	3	0033FE91:LocTypeFastTravelDestination:KYWD	004E8566:LocThemeVaultTec:KYWD	007BD03F:LocTypeFishingExcluded:KYWD											1	ESSChanceMainGhouls	5.000000																																																																																																																																			0	0	15	None	99	002F7069:SubRegionSwamp02Location:Mire	0.000000	1.000000	
0040D27B	V94_3_Pump_RobotStatusNotBlocked		1	00180819:EMSIgnoredLocation:KYWD													0																																																																																																																																					0	0	0	None	0		0.000000	1.000000	
0040D27C	V94_3_Pump_RobotStatusBlocked	BLOCKED	1	00180819:EMSIgnoredLocation:KYWD													0																																																																																																																																					0	0	0	None	0		0.000000	1.000000	
0040D6EB	VaultSystem_RespiteStatePaused	[PAUSED]	1	00180819:EMSIgnoredLocation:KYWD													0																																																																																																																																					0	0	0	None	0		0.000000	1.000000	
0040D6EC	VaultSystem_RespiteStateNotPaused		1	00180819:EMSIgnoredLocation:KYWD													0																																																																																																																																					0	0	0	None	0		0.000000	1.000000	
004177A0	VaultSystem_DifficultyModeStandard	[STANDARD]	1	00180819:EMSIgnoredLocation:KYWD													0																																																																																																																																					0	0	0	None	0		0.000000	1.000000	
0041779F	VaultSystem_DifficultyModeNovice	[NOVICE]	1	00180819:EMSIgnoredLocation:KYWD													0																																																																																																																																					0	0	0	None	0		0.000000	1.000000	
004177A1	VaultSystem_DifficultyModeExpert	[EXPERT]	1	00180819:EMSIgnoredLocation:KYWD													0																																																																																																																																					0	0	0	None	0		0.000000	1.000000	
0041F806	Vault96InteriorLocation	Vault 96	3	0033FE91:LocTypeFastTravelDestination:KYWD	00417729:LocTypeVaultSystemVault:KYWD	004E8566:LocThemeVaultTec:KYWD											0																																																																																																																																					0	0	85	Raid	85	000B1D42:Vault96ExteriorLocation:Vault 96	0.000000	1.000000	
00424BBA	V96_2_Analysis_AnalysisStateNotBlocked		1	00180819:EMSIgnoredLocation:KYWD													0																																																																																																																																					0	0	0	None	0		0.000000	1.000000	
00424BBB	V96_2_Analysis_AnalysisStateBlocked	BLOCKED	1	00180819:EMSIgnoredLocation:KYWD													0																																																																																																																																					0	0	0	None	0		0.000000	1.000000	
0053C2E9	TestMikeLocation		0														0																																																																																																																																					0	0	0	None	0		0.000000	1.000000	
00548F33	DebugBryan01Location	Test Cell	1	00548F34:ChallengeLocationKeyword:KYWD													0																																																																																																																																					0	0	0	None	0		0.000000	1.000000	
00549D46	V96_1_Atrium_FlatwoodsStatusNotBlocked		1	00180819:EMSIgnoredLocation:KYWD													0																																																																																																																																					0	0	0	None	0		0.000000	1.000000	
00549D45	V96_1_Atrium_FlatwoodsStatusBlocked	BLOCKED	1	00180819:EMSIgnoredLocation:KYWD													0																																																																																																																																					0	0	0	None	0		0.000000	1.000000	
00563440	W05_MQ_TestLocation_Instanced		0														0																																																																																																																																					0	0	0	None	0		0.000000	1.000000	
0056415C	LocForestPoseidonEnergyLocation_WL020	Poseidon Energy Plant WV-06	10	00003954:LocTypeInteriorCell:KYWD	0001564F:LocRegionForestFloodlands:KYWD	00064EDE:LocTypeClearable:KYWD	0033FE91:LocTypeFastTravelDestination:KYWD	003D5B63:LocLootScaleSmall:KYWD	003E7F19:PowerPlantLocationKeyword:KYWD	004E8564:LocThemeRaider:KYWD	0050DC84:LocNoAutoPlacedScorchedStatues:KYWD	0057E1EC:LocTypeInstancedCell:KYWD	007BD03F:LocTypeFishingExcluded:KYWD				2	ESSChanceMainScorched	5.000000		ESSChanceSubGhoul	5.000000																																																																																																																																0	0	25	None	55	0031AEE4:SubRegionForestFloodlands26Location:The Forest	0.000000	1.000000	
0055974A	LocForestCharlestonCapitolLocation	Charleston Capitol Building	7	00003954:LocTypeInteriorCell:KYWD	0000BC69:LocTypeENz01DropSite:KYWD	0001564F:LocRegionForestFloodlands:KYWD	0009860C:LocTypeWealthy:KYWD	0033FE91:LocTypeFastTravelDestination:KYWD	003D4B10:LocLootScaleMedium:KYWD	004E855B:LocThemeGeneral:KYWD							1	ESSChanceMainScorched	5.000000																																																																																																																																			0	0	0	None	0	0010CCEE:LocForestCharlestonCityLocation:Charleston	0.000000	1.000000	
00559749	LocForestCharlestonCapitolCourthouseInteriorLocation	Charleston Capitol Courthouse	5	00003954:LocTypeInteriorCell:KYWD	0001564F:LocRegionForestFloodlands:KYWD	0009860C:LocTypeWealthy:KYWD	003D5B63:LocLootScaleSmall:KYWD	004E855B:LocThemeGeneral:KYWD									0																																																																																																																																					0	0	15	None	25	0010CCA6:LocForestCharlestonCapitolInteriorLocation:Charleston Capitol Building	0.000000	1.000000	
005684E5	Testw05202InstanceLocation	Test Area	0														0																																																																																																																																					0	255	0	None	0		0.000000	1.000000	
005723C7	LocForestUCBInteriorLocation	The Deep	4	00003954:LocTypeInteriorCell:KYWD	0001564F:LocRegionForestFloodlands:KYWD	0033FE91:LocTypeFastTravelDestination:KYWD	007BD03F:LocTypeFishingExcluded:KYWD										0																																																																																																																																					0	0	15	None	99	005723C6:LocForestUCBExteriorLocation:The Deep	0.000000	1.000000	
005723C6	LocForestUCBExteriorLocation	The Deep	3	00003954:LocTypeInteriorCell:KYWD	0001564F:LocRegionForestFloodlands:KYWD	0033FE91:LocTypeFastTravelDestination:KYWD											0																																																																																																																																					0	0	0	None	0	0031AEEC:SubRegionForestFloodlands28Location:The Forest	0.000000	1.000000	
005673A2	LocToxicGraftonPawnShopLocation	Grafton Pawn Shop	2	00003954:LocTypeInteriorCell:KYWD	0057E1EC:LocTypeInstancedCell:KYWD												0																																																																																																																																					0	0	0	None	0	0006DE2D:LocToxicGraftonLocation:Grafton	0.000000	1.000000	
00568669	LocMountainsVault79EntranceInteriorLocation	Vault 79	0														0																																																																																																																																					0	0	0	None	0	0056866A:LocMountainsVault79EntranceExteriorLocation:	0.000000	1.000000	
0056866A	LocMountainsVault79EntranceExteriorLocation		0														0																																																																																																																																					0	0	0	None	0	002F70EF:SubRegionMountains03Location:Savage Divide	0.000000	1.000000	
00574E11	DebugDobert03Location	DebugDobert03	5	00003954:LocTypeInteriorCell:KYWD	001789F7:LocRegionMountain:KYWD	003D4B10:LocLootScaleMedium:KYWD	004E8563:LocThemeMiner:KYWD	0055C69A:DungeonTypeMine:KYWD									0																																																																																																																																					0	0	0	None	0	00092237:LocMountainsMonongahMineLocation:Monongah Mine	0.000000	1.000000	
005751A3	Vault79ExtLocation	Vault 79	4	00064EDE:LocTypeClearable:KYWD	0033FE91:LocTypeFastTravelDestination:KYWD	004E8566:LocThemeVaultTec:KYWD	0057E1EC:LocTypeInstancedCell:KYWD										0																																																																																																																																					0	0	0	None	0	002F70F2:SubRegionMountains06Location:Savage Divide	0.000000	1.000000	
0057827F	LocMountainsTopOfTheWorldInteriorLocation	Top of the World	6	00003954:LocTypeInteriorCell:KYWD	001789F7:LocRegionMountain:KYWD	003A5E71:LocEncSupportLarge:KYWD	003D4B10:LocLootScaleMedium:KYWD	004E855E:LocThemeWinter:KYWD	0057E1EC:LocTypeInstancedCell:KYWD								0																																																																																																																																					0	0	15	None	99	000193AA:LocMountainsTopOfTheWorldLocation:Top of the World	0.000000	1.000000	
00578657	Vault79_GoldVaultOperations_Location		0														0																																																																																																																																					0	0	0	None	0	005751A3:Vault79ExtLocation:Vault 79	0.000000	1.000000	
005796AF	LocForestUCBInteriorInstanceLocation	The Deep	3	00003954:LocTypeInteriorCell:KYWD	0001564F:LocRegionForestFloodlands:KYWD	0057E1EC:LocTypeInstancedCell:KYWD											0																																																																																																																																					0	0	15	None	99	005723C7:LocForestUCBInteriorLocation:The Deep	0.000000	1.000000	
005831DD	DELETED_LocMTRDWDMountainPOI01		0														0																																																																																																																																					0	0	0	None	0		0.000000	1.000000	
00586D31	LocSwampBlakesOfferingLocation	Blakes Offering	8	0001CA8C:LocRegionSwampForest:KYWD	00064EDE:LocTypeClearable:KYWD	0033FE91:LocTypeFastTravelDestination:KYWD	0037FA7F:LocTypeDungeonPOI:KYWD	00396B77:LocTypeDungeon:KYWD	003D5B62:LocLootScalePOI:KYWD	0055C692:DungeonTypeCompound:KYWD	0055F245:LocEncMainCultist:KYWD						0																																																																																																																																					0	0	0	None	0	002F7072:SubRegionSwamp11Location:Mire	0.000000	1.000000	
00586D2A	LocForestThePigstyLocation	The Pigsty	8	00064EDE:LocTypeClearable:KYWD	0033FE91:LocTypeFastTravelDestination:KYWD	0037FA7F:LocTypeDungeonPOI:KYWD	00396B77:LocTypeDungeon:KYWD	003D5B63:LocLootScaleSmall:KYWD	004E8564:LocThemeRaider:KYWD	0055C692:DungeonTypeCompound:KYWD	005723C8:LocEncMainBloodEagles:KYWD						0																																																																																																																																					0	0	0	None	0	0031AEEC:SubRegionForestFloodlands28Location:The Forest	0.000000	1.000000	
00586D33	LocSwampSacramentLocation	Sacrament	9	0001CA8C:LocRegionSwampForest:KYWD	00064EDE:LocTypeClearable:KYWD	0033FE91:LocTypeFastTravelDestination:KYWD	0037FA7F:LocTypeDungeonPOI:KYWD	00396B77:LocTypeDungeon:KYWD	003D5B62:LocLootScalePOI:KYWD	0051ABD4:LocThemeCultist:KYWD	0055C692:DungeonTypeCompound:KYWD	0055F245:LocEncMainCultist:KYWD					0																																																																																																																																					0	0	0	None	0	002F7067:SubRegionMountains01Location:Savage Divide	0.000000	1.000000	
00586D30	LocSwampMothHomeLocation	Moth-Home	9	0001CA8C:LocRegionSwampForest:KYWD	00064EDE:LocTypeClearable:KYWD	0033FE91:LocTypeFastTravelDestination:KYWD	0037FA7F:LocTypeDungeonPOI:KYWD	00396B77:LocTypeDungeon:KYWD	003D5B63:LocLootScaleSmall:KYWD	0051ABD4:LocThemeCultist:KYWD	0055C692:DungeonTypeCompound:KYWD	0055F245:LocEncMainCultist:KYWD					0																																																																																																																																					0	0	0	None	0	002F7071:SubRegionSwamp10Location:Mire	0.000000	1.000000	
00586D28	LocMountainsTheBountyLocation	The Bounty	9	00064EDE:LocTypeClearable:KYWD	001789F7:LocRegionMountain:KYWD	0033FE91:LocTypeFastTravelDestination:KYWD	0037FA7F:LocTypeDungeonPOI:KYWD	00396B77:LocTypeDungeon:KYWD	003D5B62:LocLootScalePOI:KYWD	004E8564:LocThemeRaider:KYWD	0055C692:DungeonTypeCompound:KYWD	005723C8:LocEncMainBloodEagles:KYWD					0																																																																																																																																					0	0	0	None	0	0033873D:SubRegionMountains29Location:Savage Divide	0.000000	1.000000	
005880D1	LocSwampFreeStatesBunker07InteriorLocation	Ransacked Bunker	6	00003954:LocTypeInteriorCell:KYWD	0001CA8C:LocRegionSwampForest:KYWD	0033FE91:LocTypeFastTravelDestination:KYWD	003D5B63:LocLootScaleSmall:KYWD	004E855F:LocThemeMilitary:KYWD	0057E1EC:LocTypeInstancedCell:KYWD								2	EMSChanceVariantNormal	45.000000		EMSChanceVariantScorched	5.000000																																																																																																																																0	0	0	None	0	0039EA8E:LocSwampFreeStatesBunker07Location:Ransacked Bunker	0.000000	1.000000	
005880D2	LocCranberryRobCoResearchCenterInteriorLocation	RobCo Research Center	6	000012A1:LocRegionCranberryBog:KYWD	00003954:LocTypeInteriorCell:KYWD	00022612:LocTypeResponderEyebot:KYWD	003D4B10:LocLootScaleMedium:KYWD	004E8567:LocThemeRobCo:KYWD	0057E1EC:LocTypeInstancedCell:KYWD								4	ESSChanceMainRobots	5.000000		ESSChanceSubGhoul	5.000000		EMSChanceVariantNormal	45.000000		EMSChanceVariantScorched	5.000000																																																																																																																										0	0	0	None	0	0009A0B6:LocCranberryRobCoResearchCenterLocation:RobCo Research Center	0.000000	1.000000	
0058B72F	COMP_QuestNameOverride_Astronaut_000	Ally: One Small Step	0														0																																																																																																																																					0	0	0	None	0		0.000000	1.000000	
0058B72E	COMP_QuestNameOverride_Default_Fetch	Ally: Item Retrieval	0														0																																																																																																																																					0	0	0	None	0		0.000000	1.000000	
0058BAEB	COMP_QuestDescriptionOverride_Astronaut_001	Investigate the signal from the crash.	0														0																																																																																																																																					0	0	0	None	0		0.000000	1.000000	
0058BAEA	Deleted_COMP_QuestDescriptionOverride_Default_Fetch	Retrieve an item.	0														0																																																																																																																																					0	0	0	None	0		0.000000	1.000000	
0058BAF6	COMP_QuestDescriptionOverride_Default_Fetch	Retrieve an item.	0														0																																																																																																																																					0	0	0	None	0		0.000000	1.000000	
0058BAF7	COMP_QuestDescriptionOverride_Astronaut_000	Find a Scanner Upgrade Module for Commander Daguerre.	0														0																																																																																																																																					0	0	0	None	0		0.000000	1.000000	
0058BE9D	LocMTRRollinsWorkCampInteriorLocation	Rollins Prison	1	0057E1EC:LocTypeInstancedCell:KYWD													0																																																																																																																																					0	0	0	None	0	003919F0:LocMTRRollinsWorkCampLocation:Rollins Labor Camp	0.000000	1.000000	
0058BE9C	LocMountainsSugarGroveDataCenterLocation	Sugar Grove Data Center	0														0																																																																																																																																					0	0	0	None	0	0009A15E:LocMountainsSugarGroveLocation:Sugar Grove	0.000000	1.000000	
0058C924	COMP_QuestNameOverride_Astronaut_012	Ally: No Brainer	0														0																																																																																																																																					0	0	0	None	0		0.000000	1.000000	
0058C935	COMP_QuestDescriptionOverride_Astronaut_015	Find a way to access the U.S.S.A. Lab.	0														0																																																																																																																																					0	0	0	None	0		0.000000	1.000000	
0058C91A	COMP_QuestNameOverride_Astronaut_002	Ally: Bring Home the Beacon	0														0																																																																																																																																					0	0	0	None	0		0.000000	1.000000	
0058C91D	COMP_QuestNameOverride_Astronaut_005	Ally: Search and Destroy	0														0																																																																																																																																					0	0	0	None	0		0.000000	1.000000	
0058C923	COMP_QuestNameOverride_Astronaut_011	Ally: Past Expiration	0														0																																																																																																																																					0	0	0	None	0		0.000000	1.000000	
0058C930	COMP_QuestDescriptionOverride_Astronaut_010	Eliminate the rogue U.S.S.A. bot.	0														0																																																																																																																																					0	0	0	None	0		0.000000	1.000000	
0058C91E	COMP_QuestNameOverride_Astronaut_006	Ally: Heavy Eyes	0														0																																																																																																																																					0	0	0	None	0		0.000000	1.000000	
0058C932	COMP_QuestDescriptionOverride_Astronaut_012	Destroy the rogue U.S.S.A. Robobrain.	0														0																																																																																																																																					0	0	0	None	0		0.000000	1.000000	
0058C933	COMP_QuestDescriptionOverride_Astronaut_013	Find the high security Deep Sleep Experiment Holotape.	0														0																																																																																																																																					0	0	0	None	0		0.000000	1.000000	
0058C934	COMP_QuestDescriptionOverride_Astronaut_014	Investigate the high security signal related to the Athena Project.	0														0																																																																																																																																					0	0	0	None	0		0.000000	1.000000	
0058C928	COMP_QuestDescriptionOverride_Astronaut_002	Find the U.S.S.A. beacon for Commander Daguerre.	0														0																																																																																																																																					0	0	0	None	0		0.000000	1.000000	
0058C922	COMP_QuestNameOverride_Astronaut_010	Ally: Boot Camp	0														0																																																																																																																																					0	0	0	None	0		0.000000	1.000000	
0058C931	COMP_QuestDescriptionOverride_Astronaut_011	Find a sample of the Serum made for the Deep Sleep Project.	0														0																																																																																																																																					0	0	0	None	0		0.000000	1.000000	
0058C929	COMP_QuestDescriptionOverride_Astronaut_003	Track the strange signal for Commander Daguerre.	0														0																																																																																																																																					0	0	0	None	0		0.000000	1.000000	
0058C919	COMP_QuestNameOverride_Astronaut_001	Ally: In Case of Emergency	0														0																																																																																																																																					0	0	0	None	0		0.000000	1.000000	
0058C925	COMP_QuestNameOverride_Astronaut_013	Ally: Calling Long Distance	0														0																																																																																																																																					0	0	0	None	0		0.000000	1.000000	
0058C92A	COMP_QuestDescriptionOverride_Astronaut_004	Search the wreckage for signs of survivors.	0														0																																																																																																																																					0	0	0	None	0		0.000000	1.000000	
0058C926	COMP_QuestNameOverride_Astronaut_014	Ally: Who Sat Down Beside Her	0														0																																																																																																																																					0	0	0	None	0		0.000000	1.000000	
0058C921	COMP_QuestNameOverride_Astronaut_009	Ally: Contractually Obfuscated	0														0																																																																																																																																					0	0	0	None	0		0.000000	1.000000	
0058C91C	COMP_QuestNameOverride_Astronaut_004	Ally: Hope Remains	0														0																																																																																																																																					0	0	0	None	0		0.000000	1.000000	
0058C91F	COMP_QuestNameOverride_Astronaut_007	Ally: Patently False	0														0																																																																																																																																					0	0	0	None	0		0.000000	1.000000	
0058C92B	COMP_QuestDescriptionOverride_Astronaut_005	Shut down the rogue U.S.S.A. Robot.	0														0																																																																																																																																					0	0	0	None	0		0.000000	1.000000	
0058C92D	COMP_QuestDescriptionOverride_Astronaut_007	Find documentation for the Deep Sleeper Pod.	0														0																																																																																																																																					0	0	0	None	0		0.000000	1.000000	
0058C92E	COMP_QuestDescriptionOverride_Astronaut_008	Find medical records from the Deep Sleep mission.	0														0																																																																																																																																					0	0	0	None	0		0.000000	1.000000	
0058C920	COMP_QuestNameOverride_Astronaut_008	Ally: Privacy Violation	0														0																																																																																																																																					0	0	0	None	0		0.000000	1.000000	
0058C92F	COMP_QuestDescriptionOverride_Astronaut_009	Find the government contract.	0														0																																																																																																																																					0	0	0	None	0		0.000000	1.000000	
0058C927	COMP_QuestNameOverride_Astronaut_015	Ally: Lab Rat	0														0																																																																																																																																					0	0	0	None	0		0.000000	1.000000	
0058C92C	COMP_QuestDescriptionOverride_Astronaut_006	Investigate the source of the Robot's signal.	0														0																																																																																																																																					0	0	0	None	0		0.000000	1.000000	
0058C91B	COMP_QuestNameOverride_Astronaut_003	Ally: The Universe Conspires	0														0																																																																																																																																					0	0	0	None	0		0.000000	1.000000	
0058C95B	COMP_QuestDescriptionOverride_Default_Kill	Kill something.	0														0																																																																																																																																					0	0	0	None	0		0.000000	1.000000	
0058C95C	COMP_QuestNameOverride_Default_Kill	Ally: Kill	0														0																																																																																																																																					0	0	0	None	0		0.000000	1.000000	
0058C95D	COMP_QuestNameOverride_Default_Rescue	Ally: Rescue Mission	0														0																																																																																																																																					0	0	0	None	0		0.000000	1.000000	
0058C95E	COMP_QuestDescriptionOverride_Default_Rescue	Rescue someone.	0														0																																																																																																																																					0	0	0	None	0		0.000000	1.000000	
0058CE5B	E05_Radiation_ScavengerName_Tory	Tory	1	00180819:EMSIgnoredLocation:KYWD													0																																																																																																																																					0	0	0	None	0		0.000000	1.000000	
0058CE54	E05_Radiation_ScavengerName_ConsoleJockey	Console Jockey	1	00180819:EMSIgnoredLocation:KYWD													0																																																																																																																																					0	0	0	None	0		0.000000	1.000000	
0058CE57	E05_Radiation_ScavengerName_AdhesiveSpecialist	Adhesive Specialist	1	00180819:EMSIgnoredLocation:KYWD													0																																																																																																																																					0	0	0	None	0		0.000000	1.000000	
0058CE55	E05_Radiation_ScavengerName_ScrapCollector	Scrap Collector	1	00180819:EMSIgnoredLocation:KYWD													0																																																																																																																																					0	0	0	None	0		0.000000	1.000000	
0058CE5C	E05_Radiation_ScavengerName_Machinist	Machinist	1	00180819:EMSIgnoredLocation:KYWD													0																																																																																																																																					0	0	0	None	0		0.000000	1.000000	
0058CE62	E05_Radiation_ScavengerName_EquipmentSupervisor	Equipment Supervisor	1	00180819:EMSIgnoredLocation:KYWD													0																																																																																																																																					0	0	0	None	0		0.000000	1.000000	
0058CE5A	E05_Radiation_ScavengerName_Sidney	Sidney	1	00180819:EMSIgnoredLocation:KYWD													0																																																																																																																																					0	0	0	None	0		0.000000	1.000000	
0058CE60	E05_Radiation_ScavengerName_OreScrubber	Ore Scrubber	1	00180819:EMSIgnoredLocation:KYWD													0																																																																																																																																					0	0	0	None	0		0.000000	1.000000	
0058CE56	E05_Radiation_ScavengerName_MineralExtractor	Mineral Extractor	1	00180819:EMSIgnoredLocation:KYWD													0																																																																																																																																					0	0	0	None	0		0.000000	1.000000	
0058CE5E	E05_Radiation_ScavengerName_Metalworker	Metalworker	1	00180819:EMSIgnoredLocation:KYWD													0																																																																																																																																					0	0	0	None	0		0.000000	1.000000	
0058CE58	E05_Radiation_ScavengerName_CentrifugeOperator	Centrifuge Operator	1	00180819:EMSIgnoredLocation:KYWD													0																																																																																																																																					0	0	0	None	0		0.000000	1.000000	
0058CE5D	E05_Radiation_ScavengerName_VentilationExpert	Ventilation Expert	1	00180819:EMSIgnoredLocation:KYWD													0																																																																																																																																					0	0	0	None	0		0.000000	1.000000	
0058CE61	E05_Radiation_ScavengerName_DeconTech	Decon Technician	1	00180819:EMSIgnoredLocation:KYWD													0																																																																																																																																					0	0	0	None	0		0.000000	1.000000	
0058CE59	E05_Radiation_ScavengerName_Excavator	Excavator	1	00180819:EMSIgnoredLocation:KYWD													0																																																																																																																																					0	0	0	None	0		0.000000	1.000000	
0058CE5F	E05_Radiation_ScavengerName_JunkAppraiser	Junk Appraiser	1	00180819:EMSIgnoredLocation:KYWD													0																																																																																																																																					0	0	0	None	0		0.000000	1.000000	
0058D459	LocForestBurdetteManorBasementLocation	The Kill Box Basement	3	0001564F:LocRegionForestFloodlands:KYWD	003D5B63:LocLootScaleSmall:KYWD	0055C697:DungeonTypeHouse:KYWD											0																																																																																																																																					0	0	0	None	0	0031AEEB:SubRegionForestFloodlands27Location:The Forest	0.000000	1.000000	
0058D5BC	LocCranberryWatogaUndergroundLocation	Watoga Underground	8	000012A1:LocRegionCranberryBog:KYWD	00003954:LocTypeInteriorCell:KYWD	000254BC:LocTypeDungeonMajor:KYWD	0004F21B:LocTypeSubterranean:KYWD	0033FE91:LocTypeFastTravelDestination:KYWD	003D5B64:LocLootScaleLarge:KYWD	004E855D:LocThemeWhiteCollar:KYWD	007BD03F:LocTypeFishingExcluded:KYWD						1	ESSChanceMainRobots	5.000000																																																																																																																																			0	0	0	None	0	00006D9C:LocCranberryWatogaLocation:Watoga	0.000000	1.000000	
0058D8C3	Vault79EntranceLocation_Exterior	Mysterious Cave	2	001789F7:LocRegionMountain:KYWD	0033FE91:LocTypeFastTravelDestination:KYWD												0																																																																																																																																					0	0	0	None	0	002F70F2:SubRegionMountains06Location:Savage Divide	0.000000	1.000000	
0058F375	DebugSteveMLocation	DebugSteveM	0														0																																																																																																																																					0	0	75	None	75		8000.000000	1.000000	
00590526	LocToxicClarksburgPharmacyLocation	Clarksburg Pharmacy Basement	0														0																																																																																																																																					0	0	0	None	0	0005CC3C:LocToxicClarksburgLocation:Clarksburg	0.000000	1.000000	
00590AE6	LocCranberryWatogaTowersInteriorLocation	Watoga Towers	5	000012A1:LocRegionCranberryBog:KYWD	00003954:LocTypeInteriorCell:KYWD	003D5B62:LocLootScalePOI:KYWD	004E8560:LocThemeWealthy:KYWD	0057E1EC:LocTypeInstancedCell:KYWD									0																																																																																																																																					0	0	0	None	0	00006D9C:LocCranberryWatogaLocation:Watoga	0.000000	1.000000	
00593ACA	DebugJaeLocation	Jaes Test Cell	0														0																																																																																																																																					0	0	1	None	99		0.000000	1.000000	
00596703	DELETED_COMP_QuestNameOverride_Beckett_013	Beckett's Quest 13	0														0																																																																																																																																					0	0	0	None	0		0.000000	1.000000	
00596704	DELETED_COMP_QuestDescriptionOverride_Beckett_014	Beckett asked me to do a thing.	0														0																																																																																																																																					0	0	0	None	0		0.000000	1.000000	
00596705	DELETED_COMP_QuestDescriptionOverride_Beckett_013	Beckett asked me to do a thing.	0														0																																																																																																																																					0	0	0	None	0		0.000000	1.000000	
00596706	DELETED_COMP_QuestDescriptionOverride_Beckett_012	Beckett asked me to do a thing.	0														0																																																																																																																																					0	0	0	None	0		0.000000	1.000000	
00596707	COMP_QuestNameOverride_Beckett_010	Ally: Needs Of The Many	0														0																																																																																																																																					0	0	0	None	0		0.000000	1.000000	
00596708	COMP_QuestNameOverride_Beckett_009	Ally: Sibling Piracy	0														0																																																																																																																																					0	0	0	None	0		0.000000	1.000000	
00596709	COMP_QuestNameOverride_Beckett_008	Ally: Bot Of Gold	0														0																																																																																																																																					0	0	0	None	0		0.000000	1.000000	
0059670A	COMP_QuestNameOverride_Beckett_007	Ally: Shooting Star	0														0																																																																																																																																					0	0	0	None	0		0.000000	1.000000	
0059671A	COMP_QuestNameOverride_Beckett_002	Ally: Out Of Key	0														0																																																																																																																																					0	0	0	None	0		0.000000	1.000000	
0059670B	COMP_QuestNameOverride_Beckett_006	Ally: Pet Peeve	0														0																																																																																																																																					0	0	0	None	0		0.000000	1.000000	
0059670C	COMP_QuestDescriptionOverride_Beckett_011	Kill "The Eye," the second leader of the Blood Eagles.	0														0																																																																																																																																					0	0	0	None	0		0.000000	1.000000	
0059670D	COMP_QuestDescriptionOverride_Beckett_010	Steal the Blood Eagles' supply of poison for Beckett.	0														0																																																																																																																																					0	0	0	None	0		0.000000	1.000000	
0059670E	COMP_QuestDescriptionOverride_Beckett_009	Search The Eye's "lab" for any sign of Beckett's brother.	0														0																																																																																																																																					0	0	0	None	0		0.000000	1.000000	
0059670F	COMP_QuestDescriptionOverride_Beckett_008	Rescue the Miss Nanny Robot for Beckett.	0														0																																																																																																																																					0	0	0	None	0		0.000000	1.000000	
00596710	COMP_QuestDescriptionOverride_Beckett_007	Kill Star, the Blood Eagles' mechanics expert.	0														0																																																																																																																																					0	0	0	None	0		0.000000	1.000000	
00596711	COMP_QuestDescriptionOverride_Beckett_006	Find and rescue Edwin's "dog" for Beckett.	0														0																																																																																																																																					0	0	0	None	0		0.000000	1.000000	
00596712	COMP_QuestNameOverride_Beckett_011	Ally: Eye For An Eye	0														0																																																																																																																																					0	0	0	None	0		0.000000	1.000000	
00596713	COMP_QuestNameOverride_Beckett_005	Ally: Spilling Blood	0														0																																																																																																																																					0	0	0	None	0		0.000000	1.000000	
00596714	COMP_QuestNameOverride_Beckett_004	Ally: Supply And Demand	0														0																																																																																																																																					0	0	0	None	0		0.000000	1.000000	
00596715	COMP_QuestNameOverride_Beckett_003	Ally: Traitor's Demise	0														0																																																																																																																																					0	0	0	None	0		0.000000	1.000000	
00596716	COMP_QuestDescriptionOverride_Beckett_005	Kill "The Blood," the first leader of the Blood Eagles.	0														0																																																																																																																																					0	0	0	None	0		0.000000	1.000000	
00596717	DELETED_COMP_QuestNameOverride_Beckett_012	Beckett's Quest 12	0														0																																																																																																																																					0	0	0	None	0		0.000000	1.000000	
00596718	COMP_QuestDescriptionOverride_Beckett_004	Steal the Blood Eagles' supply of Buffout for Beckett.	0														0																																																																																																																																					0	0	0	None	0		0.000000	1.000000	
00596719	COMP_QuestDescriptionOverride_Beckett_003	Kill Bronx, the traitor from Edwin's gang.	0														0																																																																																																																																					0	0	0	None	0		0.000000	1.000000	
0059671B	COMP_QuestDescriptionOverride_Beckett_002	Steal Edwin's Weapon Cache Key for Beckett.	0														0																																																																																																																																					0	0	0	None	0		0.000000	1.000000	
0059671C	COMP_QuestNameOverride_Beckett_001	Ally: Exit Sage Left	0														0																																																																																																																																					0	0	0	None	0		0.000000	1.000000	
0059671D	COMP_QuestDescriptionOverride_Beckett_001	Rescue Beckett's friend Sage from the cult.	0														0																																																																																																																																					0	0	0	None	0		0.000000	1.000000	
0059671E	COMP_QuestNameOverride_Beckett_000	Ally: Dirty Little Secrets	0														0																																																																																																																																					0	0	0	None	0		0.000000	1.000000	
00596701	COMP_QuestDescriptionOverride_Beckett_000	Find Edwin's Diary for Beckett.	0														0																																																																																																																																					0	0	0	None	0		0.000000	1.000000	
00596702	DELETED_COMP_QuestNameOverride_Beckett_014	Beckett's Quest 14	0														0																																																																																																																																					0	0	0	None	0		0.000000	1.000000	
00596B5F	DEL_COMP_QuestDescriptionOverride_RaiderPunk_Radiant_Kill_019	Search the last known location of the sluggish but aggressive creature for the Raider Punk.	0														0																																																																																																																																					0	0	0	None	0		0.000000	1.000000	
00596B60	DEL_COMP_QuestDescriptionOverride_RaiderPunk_Radiant_Kill_009	Follow the trail to the last known location of the Mega Sloth. It probably hasn't gotten far.	0														0																																																																																																																																					0	0	0	None	0		0.000000	1.000000	
00596B61	DEL_COMP_QuestNameOverride_RaiderPunk_Radiant_Kill_003	Squash the Scorched Mothman	0														0																																																																																																																																					0	0	0	None	0		0.000000	1.000000	
00596B62	DEL_COMP_QuestNameOverride_RaiderPunk_Radiant_Kill_004	Hunt down the horrible Angler	0														0																																																																																																																																					0	0	0	None	0		0.000000	1.000000	
00596B63	COMP_QuestNameOverride_RaiderPunk_Radiant_Kill_FlatwoodsMonster	Ally: Exterminate the Flatwoods Monster	0														0																																																																																																																																					0	0	0	None	0		0.000000	1.000000	
00596B41	DEL_COMP_QuestNameOverride_RaiderPunk_Radiant_Kill_010	Kill the elusive Gulper Newt	0														0																																																																																																																																					0	0	0	None	0		0.000000	1.000000	
00596B64	DEL_COMP_QuestNameOverride_RaiderPunk_Radiant_Kill_006	Destroy the unsettling Honey Beast	0														0																																																																																																																																					0	0	0	None	0		0.000000	1.000000	
00596B65	DEL_COMP_QuestNameOverride_RaiderPunk_Radiant_Kill_012	Destroy the Nascent Snallygaster	0														0																																																																																																																																					0	0	0	None	0		0.000000	1.000000	
00596B42	DEL_COMP_QuestDescriptionOverride_RaiderPunk_Radiant_Kill_011	The Raider Punk believes the Mothman will appear again in this area soon. Meet it there and kill it.	0														0																																																																																																																																					0	0	0	None	0		0.000000	1.000000	
00596B66	DEL_COMP_QuestNameOverride_RaiderPunk_Radiant_Kill_007	Slaughter the Sheepsquatch	0														0																																																																																																																																					0	0	0	None	0		0.000000	1.000000	
00596B67	DEL_COMP_QuestDescriptionOverride_RaiderPunk_Radiant_Kill_015	Search the creature's habitat before it moves on to another area.	0														0																																																																																																																																					0	0	0	None	0		0.000000	1.000000	
00596B43	DEL_COMP_QuestDescriptionOverride_RaiderPunk_Radiant_Kill_016	Search the location where the Mothman was last spotted, it should appear again before moving on.	0														0																																																																																																																																					0	0	0	None	0		0.000000	1.000000	
00596B68	DEL_COMP_QuestDescriptionOverride_RaiderPunk_Radiant_Kill_013	Follow the stench of blood to find the Wendigo's nest.	0														0																																																																																																																																					0	0	0	None	0		0.000000	1.000000	
00596B44	DEL_COMP_QuestDescriptionOverride_RaiderPunk_Radiant_Kill_005	Explore the area where the Raider Punk believed the creature would be.	0														0																																																																																																																																					0	0	0	None	0		0.000000	1.000000	
00596B45	DEL_COMP_QuestNameOverride_RaiderPunk_Radiant_Kill_005	Exterminate the wretched Fog Crawler	0														0																																																																																																																																					0	0	0	None	0		0.000000	1.000000	
00596B46	DEL_COMP_QuestDescriptionOverride_RaiderPunk_Radiant_Kill_018	Follow the trail of blood and guts to find the Wendigo.	0														0																																																																																																																																					0	0	0	None	0		0.000000	1.000000	
00596B5E	DEL_COMP_QuestDescriptionOverride_RaiderPunk_Radiant_Kill_012	Follow the Snallygaster's trail and put it out of everyone's misery.	0														0																																																																																																																																					0	0	0	None	0		0.000000	1.000000	
00596B47	DEL_COMP_QuestDescriptionOverride_RaiderPunk_Radiant_Kill_000	Follow the Raider Punk's strange advice to find the creature.	0														0																																																																																																																																					0	0	0	None	0		0.000000	1.000000	
00596B48	DEL_COMP_QuestNameOverride_RaiderPunk_Radiant_Kill_013	Destroy the bloody Wendigo	0														0																																																																																																																																					0	0	0	None	0		0.000000	1.000000	
00596B49	DEL_COMP_QuestNameOverride_RaiderPunk_Radiant_Kill_000	Hunt down the Gulper Newt	0														0																																																																																																																																					0	0	0	None	0		0.000000	1.000000	
00596B4A	DEL_COMP_QuestDescriptionOverride_RaiderPunk_Radiant_Kill_017	Search the Raider Punk's last reported location for the elusive creature.	0														0																																																																																																																																					0	0	0	None	0		0.000000	1.000000	
00596B5A	DEL_COMP_QuestDescriptionOverride_RaiderPunk_Radiant_Kill_001	Find the creature from the Raider Punk's conversation.	0														0																																																																																																																																					0	0	0	None	0		0.000000	1.000000	
00596B4B	DEL_COMP_QuestNameOverride_RaiderPunk_Radiant_Kill_016	Destroy the plotting Mothman	0														0																																																																																																																																					0	0	0	None	0		0.000000	1.000000	
00596B4C	DEL_COMP_QuestDescriptionOverride_RaiderPunk_Radiant_Kill_004	Using the Raider Punk's clues, search the area for the creature and kill it.	0														0																																																																																																																																					0	0	0	None	0		0.000000	1.000000	
00596B56	DEL_COMP_QuestDescriptionOverride_RaiderPunk_Radiant_Kill_002	Search the area to find and kill the creature.	0														0																																																																																																																																					0	0	0	None	0		0.000000	1.000000	
00596B4D	DEL_COMP_QuestNameOverride_RaiderPunk_Radiant_Kill_011	Hunt down the wretched Mothman	0														0																																																																																																																																					0	0	0	None	0		0.000000	1.000000	
00596B4E	DEL_COMP_QuestNameOverride_RaiderPunk_Radiant_Kill_019	Hunt down the elusive Sluggish Mega Sloth	0														0																																																																																																																																					0	0	0	None	0		0.000000	1.000000	
00596B4F	DEL_COMP_QuestDescriptionOverride_RaiderPunk_Radiant_Kill_006	Search the strange creature's habitat.	0														0																																																																																																																																					0	0	0	None	0		0.000000	1.000000	
00596B50	DEL_COMP_QuestNameOverride_RaiderPunk_Radiant_Kill_017	Exterminate the spying Flatwoods Monster	0														0																																																																																																																																					0	0	0	None	0		0.000000	1.000000	
00596B51	DEL_COMP_QuestNameOverride_RaiderPunk_Radiant_Kill_015	Destroy the horrible Fog Crawler	0														0																																																																																																																																					0	0	0	None	0		0.000000	1.000000	
00596B52	DEL_COMP_QuestDescriptionOverride_RaiderPunk_Radiant_Kill_010	Search the woods for the Gulper.	0														0																																																																																																																																					0	0	0	None	0		0.000000	1.000000	
00596B53	DEL_COMP_QuestDescriptionOverride_RaiderPunk_Radiant_Kill_003	Explore the elusive creature's territory.	0														0																																																																																																																																					0	0	0	None	0		0.000000	1.000000	
00596B54	DEL_COMP_QuestDescriptionOverride_RaiderPunk_Radiant_Kill_014	Explore the aggressive creature's territory and try not to get eaten alive.	0														0																																																																																																																																					0	0	0	None	0		0.000000	1.000000	
00596B55	DEL_COMP_QuestNameOverride_RaiderPunk_Radiant_Kill_009	Slaughter the Sluggish Mega Sloth	0														0																																																																																																																																					0	0	0	None	0		0.000000	1.000000	
00596B57	DEL_COMP_QuestNameOverride_RaiderPunk_Radiant_Kill_018	Destroy the ravenous Wendigo	0														0																																																																																																																																					0	0	0	None	0		0.000000	1.000000	
00596B58	COMP_QuestDescriptionOverride_RaiderPunk_Radiant_Kill_HoneyBeast	Follow the sound of buzzing to find the Honey Beast, then squash it.	0														0																																																																																																																																					0	0	0	None	0		0.000000	1.000000	
00596B59	DEL_COMP_QuestNameOverride_RaiderPunk_Radiant_Kill_008	Hunt down the Nascent Snallygaster	0														0																																																																																																																																					0	0	0	None	0		0.000000	1.000000	
00596B5B	DEL_COMP_QuestNameOverride_RaiderPunk_Radiant_Kill_014	Exterminate the terrible Wendigo	0														0																																																																																																																																					0	0	0	None	0		0.000000	1.000000	
00596B5C	DEL_COMP_QuestDescriptionOverride_RaiderPunk_Radiant_Kill_008	Search the last known location of the aggressive Snallygaster.	0														0																																																																																																																																					0	0	0	None	0		0.000000	1.000000	
00596B5D	DEL_COMP_QuestNameOverride_RaiderPunk_Radiant_Kill_002	Take down the Scorched Grafton Monster	0														0																																																																																																																																					0	0	0	None	0		0.000000	1.000000	
00597733	LocForestBloodEagleCamp01Location	Blood Eagle Camp	4	0001564F:LocRegionForestFloodlands:KYWD	003D5B62:LocLootScalePOI:KYWD	004E8564:LocThemeRaider:KYWD	005723C8:LocEncMainBloodEagles:KYWD										0																																																																																																																																					0	0	0	None	0	002EE526:SubRegionForestFloodlands07LocationLOW:The Forest	0.000000	1.000000	
00598445	DEL_COMP_QuestNameOverride_RaiderPunk_Radiant_FetchKeep_13	Follow the clues provided by the Raider Punk's strange sources.	0														0																																																																																																																																					0	0	0	None	0		0.000000	1.000000	
00598446	DEL_COMP_QuestNameOverride_RaiderPunk_Radiant_FetchKeep_11	Follow the clues provided by the Raider Punk's strange sources.	0														0																																																																																																																																					0	0	0	None	0		0.000000	1.000000	
00598483	COMP_QuestDescriptionOverride_RaiderPunk_Radiant_FetchKeep_002_Rumors	Follow the tip from the Raider Punk's rumor network.	0														0																																																																																																																																					0	0	0	None	0		0.000000	1.000000	
0059844A	COMP_QuestNameOverride_RaiderPunk_Radiant_FetchKeep_Collect	Ally: Time to Collect	0														0																																																																																																																																					0	0	0	None	0		0.000000	1.000000	
00598448	DEL_COMP_QuestNameOverride_RaiderPunk_Radiant_FetchKeep_18	Follow the clues provided by the Raider Punk's strange sources.	0														0																																																																																																																																					0	0	0	None	0		0.000000	1.000000	
00598447	DEL_COMP_QuestNameOverride_RaiderPunk_Radiant_FetchKeep_10	Follow the clues provided by the Raider Punk's strange sources.	0														0																																																																																																																																					0	0	0	None	0		0.000000	1.000000	
00598449	DEL_COMP_QuestNameOverride_RaiderPunk_Radiant_FetchKeep_Networking	Networking Pays	0														0																																																																																																																																					0	0	0	None	0		0.000000	1.000000	
00598444	DEL_COMP_QuestNameOverride_RaiderPunk_Radiant_FetchKeep_14	Follow the clues provided by the Raider Punk's strange sources.	0														0																																																																																																																																					0	0	0	None	0		0.000000	1.000000	
00598442	COMP_QuestNameOverride_RaiderPunk_Radiant_Fetch_037	Ally: Fool Proof	0														0																																																																																																																																					0	0	0	None	0		0.000000	1.000000	
00598484	COMP_QuestDescriptionOverride_RaiderPunk_Radiant_FetchKeep_001_Stash	Pick up the stash before it gets nabbed.	0														0																																																																																																																																					0	0	0	None	0		0.000000	1.000000	
0059844B	COMP_QuestNameOverride_RaiderPunk_Radiant_FetchKeep_SafeKeeping	Ally: Safe Keeping	0														0																																																																																																																																					0	0	0	None	0		0.000000	1.000000	
00598440	DEL_COMP_QuestNameOverride_RaiderPunk_Radiant_FetchKeep_16	Follow the clues provided by the Raider Punk's strange sources.	0														0																																																																																																																																					0	0	0	None	0		0.000000	1.000000	
00598486	COMP_QuestDescriptionOverride_RaiderPunk_Radiant_FetchKeep_003_PickUp	Pick up the valuble item before someone else does.	0														0																																																																																																																																					0	0	0	None	0		0.000000	1.000000	
0059843E	DEL_COMP_QuestNameOverride_RaiderPunk_Radiant_FetchKeep_19	Follow the clues provided by the Raider Punk's strange sources.	0														0																																																																																																																																					0	0	0	None	0		0.000000	1.000000	
0059843C	DEL_COMP_QuestNameOverride_RaiderPunk_Radiant_FetchKeep_Leftovers	Strange Leftovers	0														0																																																																																																																																					0	0	0	None	0		0.000000	1.000000	
0059843A	COMP_QuestNameOverride_RaiderPunk_Radiant_Fetch_000	Ally: Unfit Genes	0														0																																																																																																																																					0	0	0	None	0		0.000000	1.000000	
0059844D	COMP_QuestNameOverride_RaiderPunk_Radiant_FetchKeep_Finders	Ally: Finders Keepers	0														0																																																																																																																																					0	0	0	None	0		0.000000	1.000000	
0059844E	COMP_QuestNameOverride_RaiderPunk_Radiant_FetchKeep_Disclosure	Ally: Full Disclosure	0														0																																																																																																																																					0	0	0	None	0		0.000000	1.000000	
0059844F	COMP_QuestNameOverride_RaiderPunk_Radiant_FetchKeep_Lost	Ally: What was Lost	0														0																																																																																																																																					0	0	0	None	0		0.000000	1.000000	
00598488	COMP_QuestDescriptionOverride_RaiderPunk_Radiant_Rescue_000_TooLate	Find the missing person before it's too late.	0														0																																																																																																																																					0	0	0	None	0		0.000000	1.000000	
00598438	COMP_QuestNameOverride_RaiderPunk_Radiant_Fetch_013	Ally: Trial-Sized Trails	0														0																																																																																																																																					0	0	0	None	0		0.000000	1.000000	
00598481	COMP_QuestNameOverride_RaiderPunk_Radiant_Kill_ScorchedGulper	Ally: Kill the strange Gulper Newt	0														0																																																																																																																																					0	0	0	None	0		0.000000	1.000000	
00598489	COMP_QuestDescriptionOverride_RaiderPunk_Radiant_Rescue_001_SuspectedLocation	Search for the missing person in their last suspected location.	0														0																																																																																																																																					0	0	0	None	0		0.000000	1.000000	
00598451	COMP_QuestNameOverride_RaiderPunk_Radiant_Fetch_039	Ally: Relic of the Past	0														0																																																																																																																																					0	0	0	None	0		0.000000	1.000000	
0059848A	COMP_QuestNameOverride_RaiderPunk_Radiant_Rescue_000_Sacrifices	Ally: Making Sacrifices	0														0																																																																																																																																					0	0	0	None	0		0.000000	1.000000	
0059848B	COMP_QuestNameOverride_RaiderPunk_Radiant_Rescue_001_RescueAgency	Ally: Rescue Agency	0														0																																																																																																																																					0	0	0	None	0		0.000000	1.000000	
0059847D	COMP_QuestNameOverride_RaiderPunk_Radiant_Kill_HoneyBeast	Ally: Destroy the unsettling Honey Beast	0														0																																																																																																																																					0	0	0	None	0		0.000000	1.000000	
00598434	COMP_QuestDescriptionOverride_RaiderPunk_Radiant_Fetch_006_Conversion	Look for objects that could be used to control or harm groups of people.	0														0																																																																																																																																					0	0	0	None	0		0.000000	1.000000	
0059847B	COMP_QuestNameOverride_RaiderPunk_Radiant_Kill_Angler	Ally: Hunt down the invasive Angler	0														0																																																																																																																																					0	0	0	None	0		0.000000	1.000000	
00598453	COMP_QuestNameOverride_RaiderPunk_Radiant_Fetch_021	Ally: Conversion Chart	0														0																																																																																																																																					0	0	0	None	0		0.000000	1.000000	
00598454	COMP_QuestNameOverride_RaiderPunk_Radiant_Fetch_036	Ally: Face the Facts	0														0																																																																																																																																					0	0	0	None	0		0.000000	1.000000	
00598479	COMP_QuestNameOverride_RaiderPunk_Radiant_Kill_ScorchedGraftonMonster	Ally: Take down the Scorched Grafton Monster	0														0																																																																																																																																					0	0	0	None	0		0.000000	1.000000	
00598432	COMP_QuestDescriptionOverride_RaiderPunk_Radiant_Fetch_005_Medical	Find evidence of strange biological experimentation in Appalachia.	0														0																																																																																																																																					0	0	0	None	0		0.000000	1.000000	
00598477	COMP_QuestDescriptionOverride_RaiderPunk_Radiant_Kill_Angler	Explore the area where the Raider Punk believed the Angler would be.	0														0																																																																																																																																					0	0	0	None	0		0.000000	1.000000	
00598430	COMP_QuestNameOverride_RaiderPunk_Radiant_Fetch_002	Ally: Theoretical Pursuits	0														0																																																																																																																																					0	0	0	None	0		0.000000	1.000000	
00598475	COMP_QuestDescriptionOverride_RaiderPunk_Radiant_Kill_FlatwoodsMonster	Hunt down the unearthly Flatwoods Monster in the area indicated by the Raider Punk.	0														0																																																																																																																																					0	0	0	None	0		0.000000	1.000000	
00598473	COMP_QuestDescriptionOverride_RaiderPunk_Radiant_Kill_Megasloth	Search the last known location of the sluggish but aggressive creature for the Raider Punk.	0														0																																																																																																																																					0	0	0	None	0		0.000000	1.000000	
0059842E	COMP_QuestNameOverride_RaiderPunk_Radiant_Fetch_004	Ally: Herd Mitigation	0														0																																																																																																																																					0	0	0	None	0		0.000000	1.000000	
00598455	COMP_QuestNameOverride_RaiderPunk_Radiant_Fetch_035	Ally: Maximum Occupancy	0														0																																																																																																																																					0	0	0	None	0		0.000000	1.000000	
00598456	COMP_QuestNameOverride_RaiderPunk_Radiant_Fetch_034	Ally: Deep Memories	0														0																																																																																																																																					0	0	0	None	0		0.000000	1.000000	
00598457	COMP_QuestNameOverride_RaiderPunk_Radiant_Fetch_033	Ally: Bloody Unlikely	0														0																																																																																																																																					0	0	0	None	0		0.000000	1.000000	
00598458	COMP_QuestNameOverride_RaiderPunk_Radiant_Fetch_032	Ally: Brain Trust	0														0																																																																																																																																					0	0	0	None	0		0.000000	1.000000	
00598459	COMP_QuestNameOverride_RaiderPunk_Radiant_Fetch_031	Ally: To What End?	0														0																																																																																																																																					0	0	0	None	0		0.000000	1.000000	
0059845A	COMP_QuestNameOverride_RaiderPunk_Radiant_Fetch_030	Ally: Tourist Trap	0														0																																																																																																																																					0	0	0	None	0		0.000000	1.000000	
0059845B	COMP_QuestNameOverride_RaiderPunk_Radiant_Fetch_028	Ally: Second Skin	0														0																																																																																																																																					0	0	0	None	0		0.000000	1.000000	
0059845C	COMP_QuestNameOverride_RaiderPunk_Radiant_Fetch_009	Ally: Refined Social Skulls	0														0																																																																																																																																					0	0	0	None	0		0.000000	1.000000	
0059845D	COMP_QuestDescriptionOverride_RaiderPunk_Radiant_Fetch_002_CryptidEvidence	Recover evidence of unusual Cryptid behavior for the Raider Punk.	0														0																																																																																																																																					0	0	0	None	0		0.000000	1.000000	
0059845E	COMP_QuestDescriptionOverride_RaiderPunk_Radiant_Fetch_000_Research	Find the strange research for the Raider Punk.	0														0																																																																																																																																					0	0	0	None	0		0.000000	1.000000	
0059845F	COMP_QuestNameOverride_RaiderPunk_Radiant_Fetch_027	Ally: Pass the Button	0														0																																																																																																																																					0	0	0	None	0		0.000000	1.000000	
00598460	COMP_QuestNameOverride_RaiderPunk_Radiant_Fetch_026	Ally: Biohazard	0														0																																																																																																																																					0	0	0	None	0		0.000000	1.000000	
00598461	COMP_QuestNameOverride_RaiderPunk_Radiant_Fetch_024	Ally: It All Makes Sense Now...	0														0																																																																																																																																					0	0	0	None	0		0.000000	1.000000	
00598462	COMP_QuestNameOverride_RaiderPunk_Radiant_Fetch_001	Ally: Unnatural Selection	0														0																																																																																																																																					0	0	0	None	0		0.000000	1.000000	
00598463	COMP_QuestNameOverride_RaiderPunk_Radiant_Fetch_023	Ally: They're Listening...	0														0																																																																																																																																					0	0	0	None	0		0.000000	1.000000	
00598464	COMP_QuestNameOverride_RaiderPunk_Radiant_Fetch_022	Ally: More Than Meets the Eye	0														0																																																																																																																																					0	0	0	None	0		0.000000	1.000000	
00598465	COMP_QuestNameOverride_RaiderPunk_Radiant_Fetch_020	Ally: Secret Messages	0														0																																																																																																																																					0	0	0	None	0		0.000000	1.000000	
00598466	COMP_QuestNameOverride_RaiderPunk_Radiant_Fetch_019	Ally: Cryptogram Prix	0														0																																																																																																																																					0	0	0	None	0		0.000000	1.000000	
00598467	COMP_QuestNameOverride_RaiderPunk_Radiant_Fetch_018	Ally: Mixed Signals	0														0																																																																																																																																					0	0	0	None	0		0.000000	1.000000	
00598468	COMP_QuestNameOverride_RaiderPunk_Radiant_Fetch_017	Ally: Genetic Tracks	0														0																																																																																																																																					0	0	0	None	0		0.000000	1.000000	
0059844C	COMP_QuestNameOverride_RaiderPunk_Radiant_FetchKeep_Lucky	Ally: Lucky Find	0														0																																																																																																																																					0	0	0	None	0		0.000000	1.000000	
00598485	COMP_QuestDescriptionOverride_RaiderPunk_Radiant_FetchKeep_000_Network	Investigate the area for the valuable object described by the Raider Punk's secret network.	0														0																																																																																																																																					0	0	0	None	0		0.000000	1.000000	
00598469	COMP_QuestNameOverride_RaiderPunk_Radiant_Fetch_016	Ally: Growth Spurt	0														0																																																																																																																																					0	0	0	None	0		0.000000	1.000000	
0059846A	COMP_QuestNameOverride_RaiderPunk_Radiant_Fetch_015	Ally: Effluvia Season	0														0																																																																																																																																					0	0	0	None	0		0.000000	1.000000	
0059846B	COMP_QuestNameOverride_RaiderPunk_Radiant_Fetch_014	Ally: Slay and Neuter	0														0																																																																																																																																					0	0	0	None	0		0.000000	1.000000	
0059846C	COMP_QuestNameOverride_RaiderPunk_Radiant_Fetch_012	Ally: Conversion Tactics	0														0																																																																																																																																					0	0	0	None	0		0.000000	1.000000	
0059846D	COMP_QuestNameOverride_RaiderPunk_Radiant_Fetch_011	Ally: Unnatural Growth	0														0																																																																																																																																					0	0	0	None	0		0.000000	1.000000	
0059846E	COMP_QuestNameOverride_RaiderPunk_Radiant_Fetch_010	Ally: Opposite Attractions	0														0																																																																																																																																					0	0	0	None	0		0.000000	1.000000	
00598452	COMP_QuestNameOverride_RaiderPunk_Radiant_Fetch_038	Ally: Finger Pointing	0														0																																																																																																																																					0	0	0	None	0		0.000000	1.000000	
00598450	DEL_COMP_QuestNameOverride_RaiderPunk_Radiant_FetchKeep_Stash	Grab the Stash	0														0																																																																																																																																					0	0	0	None	0		0.000000	1.000000	
00598487	COMP_QuestDescriptionOverride_RaiderPunk_Radiant_FetchKeep_004_Valuables	Search for valuables in the area mentioned by the Raider Punk's network.	0														0																																																																																																																																					0	0	0	None	0		0.000000	1.000000	
0059846F	COMP_QuestDescriptionOverride_RaiderPunk_Radiant_Kill_FogCrawler	Search for the elusive Fog Crawler before it disappears once again.	0														0																																																																																																																																					0	0	0	None	0		0.000000	1.000000	
0059842C	COMP_QuestDescriptionOverride_RaiderPunk_Radiant_Fetch_001_Evidence	Find a peculiar item that might appease the Raider Punk's unusual network.	0														0																																																																																																																																					0	0	0	None	0		0.000000	1.000000	
00598470	COMP_QuestDescriptionOverride_RaiderPunk_Radiant_Kill_Sheepsquatch	Approach the Sheepsquatch's area with caution and slaughter it before it wanders off.	0														0																																																																																																																																					0	0	0	None	0		0.000000	1.000000	
0059842D	COMP_QuestNameOverride_RaiderPunk_Radiant_Fetch_006	Ally: Decoy Box	0														0																																																																																																																																					0	0	0	None	0		0.000000	1.000000	
00598471	COMP_QuestDescriptionOverride_RaiderPunk_Radiant_Kill_Wendigo	Look for the aggressive but sluggish creature near its last known location.	0														0																																																																																																																																					0	0	0	None	0		0.000000	1.000000	
00598472	COMP_QuestDescriptionOverride_RaiderPunk_Radiant_Kill_Gulper	Hunt down the Gulper before it leaves the area.	0														0																																																																																																																																					0	0	0	None	0		0.000000	1.000000	
00598474	COMP_QuestDescriptionOverride_RaiderPunk_Radiant_Kill_Mothman	Search the Raider Punk's last reported location for the elusive creature.	0														0																																																																																																																																					0	0	0	None	0		0.000000	1.000000	
0059842F	COMP_QuestNameOverride_RaiderPunk_Radiant_Fetch_003	Ally: Memorize This	0														0																																																																																																																																					0	0	0	None	0		0.000000	1.000000	
00598476	COMP_QuestDescriptionOverride_RaiderPunk_Radiant_Kill_Snallygaster	Search for the Snallygaster where it was recently sighted before it moves on.	0														0																																																																																																																																					0	0	0	None	0		0.000000	1.000000	
00598478	COMP_QuestDescriptionOverride_RaiderPunk_Radiant_Kill_GraftonMonster	Explore the area for the highly Grafton Monster and destroy it before it moves on.	0														0																																																																																																																																					0	0	0	None	0		0.000000	1.000000	
00598431	COMP_QuestDescriptionOverride_RaiderPunk_Radiant_Fetch_004_Cults	Retrieve artifacts from the mysterious groups of Appalachia.	0														0																																																																																																																																					0	0	0	None	0		0.000000	1.000000	
0059847A	COMP_QuestNameOverride_RaiderPunk_Radiant_Kill_Mothman	Ally: Squash the Mothman	0														0																																																																																																																																					0	0	0	None	0		0.000000	1.000000	
00598433	COMP_QuestDescriptionOverride_RaiderPunk_Radiant_Fetch_003_HiddenMessage	Retrieve a hidden message for the Raider Punk.	0														0																																																																																																																																					0	0	0	None	0		0.000000	1.000000	
0059847C	COMP_QuestNameOverride_RaiderPunk_Radiant_Kill_FogCrawler	Ally: Exterminate the elusive Fog Crawler	0														0																																																																																																																																					0	0	0	None	0		0.000000	1.000000	
0059847E	COMP_QuestNameOverride_RaiderPunk_Radiant_Kill_Sheepsquatch	Ally: Slaughter the Sheepsquatch	0														0																																																																																																																																					0	0	0	None	0		0.000000	1.000000	
00598435	COMP_QuestNameOverride_RaiderPunk_Radiant_Fetch_008	Ally: Spectral Analysis	0														0																																																																																																																																					0	0	0	None	0		0.000000	1.000000	
0059847F	COMP_QuestNameOverride_RaiderPunk_Radiant_Kill_ScorchedSnallygaster	Ally: Hunt down the Nascent Snallygaster	0														0																																																																																																																																					0	0	0	None	0		0.000000	1.000000	
00598480	COMP_QuestNameOverride_RaiderPunk_Radiant_Kill_ScorchedMegaSloth	Ally: Slaughter the Sluggish Mega Sloth	0														0																																																																																																																																					0	0	0	None	0		0.000000	1.000000	
00598436	COMP_QuestNameOverride_RaiderPunk_Radiant_Fetch_005	Ally: Do No Charm	0														0																																																																																																																																					0	0	0	None	0		0.000000	1.000000	
00598482	COMP_QuestNameOverride_RaiderPunk_Radiant_Kill_ScorchedWendigo	Ally: Destroy the bloody Wendigo	0														0																																																																																																																																					0	0	0	None	0		0.000000	1.000000	
00598437	COMP_QuestNameOverride_RaiderPunk_Radiant_Fetch_007	Ally: Liquid Pro Quo	0														0																																																																																																																																					0	0	0	None	0		0.000000	1.000000	
00598439	COMP_QuestNameOverride_RaiderPunk_Radiant_Fetch_025	Ally: Off the Grid	0														0																																																																																																																																					0	0	0	None	0		0.000000	1.000000	
0059843B	COMP_QuestNameOverride_RaiderPunk_Radiant_Fetch_029	Ally: Potent Spirits	0														0																																																																																																																																					0	0	0	None	0		0.000000	1.000000	
0059843D	DEL_COMP_QuestNameOverride_RaiderPunk_Radiant_FetchKeep_HotTip	Hot Tip	0														0																																																																																																																																					0	0	0	None	0		0.000000	1.000000	
0059843F	DEL_COMP_QuestNameOverride_RaiderPunk_Radiant_FetchKeep_17	Follow the clues provided by the Raider Punk's strange sources.	0														0																																																																																																																																					0	0	0	None	0		0.000000	1.000000	
00598441	DEL_COMP_QuestNameOverride_RaiderPunk_Radiant_FetchKeep_12	Follow the clues provided by the Raider Punk's strange sources.	0														0																																																																																																																																					0	0	0	None	0		0.000000	1.000000	
00598443	DEL_COMP_QuestNameOverride_RaiderPunk_Radiant_FetchKeep_15	Follow the clues provided by the Raider Punk's strange sources.	0														0																																																																																																																																					0	0	0	None	0		0.000000	1.000000	
0059A44C	LocForestNukaColaQuantumPlantInteriorLocation	Kanawha Nuka-Cola Plant	6	00003954:LocTypeInteriorCell:KYWD	0001564F:LocRegionForestFloodlands:KYWD	00022612:LocTypeResponderEyebot:KYWD	003D5B64:LocLootScaleLarge:KYWD	004E855B:LocThemeGeneral:KYWD	0057E1EC:LocTypeInstancedCell:KYWD								3	ESSChanceMainGhouls	5.000000		ESSChanceSubMolerats	5.000000		ESSChanceSubRats	5.000000																																																																																																																													0	0	1	None	99	00092088:LocForestNukaColaQuantumPlantLocation:Kanawha Nuka-Cola Plant	0.000000	1.000000	
0059C2FB	COMP_QuestDescriptionOverride_Astronaut_Radiant_Kill_000_Robots	Commander Daguerre wants you to shut down a corrupt Robot leftover from the U.S.S.A.	0														0																																																																																																																																					0	0	0	None	0		0.000000	1.000000	
0059C2FC	COMP_QuestNameOverride_Astronaut_Radiant_Kill_006_Aliens	Ally: Close Encounter	0														0																																																																																																																																					0	0	0	None	0		0.000000	1.000000	
0059C300	COMP_QuestNameOverride_Astronaut_Radiant_Rescue_0055_OverflowError	Ally: Overflow Error	0														0																																																																																																																																					0	0	0	None	0		0.000000	1.000000	
0059C301	COMP_QuestNameOverride_Astronaut_Radiant_FetchReturn_003_MilitaryCom	Ally: Out of Bounds	0														0																																																																																																																																					0	0	0	None	0		0.000000	1.000000	
0059C302	COMP_QuestNameOverride_Astronaut_Radiant_FetchReturn_005_Generic	Ally: Return Package	0														0																																																																																																																																					0	0	0	None	0		0.000000	1.000000	
0059C303	COMP_QuestNameOverride_Astronaut_Radiant_Rescue_0055_Variables	Ally: Reset Variables	0														0																																																																																																																																					0	0	0	None	0		0.000000	1.000000	
0059C304	COMP_QuestNameOverride_Astronaut_Radiant_FetchKeep_000_FaintSignal	Ally: Faint Signal	0														0																																																																																																																																					0	0	0	None	0		0.000000	1.000000	
0059C305	COMP_QuestDescriptionOverride_Astronaut_Radiant_FetchKeep_000_ValuableSupplies	Commander Daguerre's scanner detected a signal on some valuable supplies.	0														0																																																																																																																																					0	0	0	None	0		0.000000	1.000000	
0059C2F6	COMP_QuestNameOverride_Astronaut_Radiant_Kill_001_RogueRobot	Ally: Rogue Bot	0														0																																																																																																																																					0	0	0	None	0		0.000000	1.000000	
0059C2F7	COMP_QuestNameOverride_Astronaut_Radiant_Kill_002_BatteryIncluded	Ally: Battery Included	0														0																																																																																																																																					0	0	0	None	0		0.000000	1.000000	
0059C2F8	COMP_QuestNameOverride_Astronaut_Radiant_Kill_003_AccessDenied	Ally: Access Denied	0														0																																																																																																																																					0	0	0	None	0		0.000000	1.000000	
0059C2FD	COMP_QuestDescriptionOverride_Astronaut_Radiant_Kill_001_Humans	Commander Daguerre tracked down a violent Raider who has been attacking traders recently.	0														0																																																																																																																																					0	0	0	None	0		0.000000	1.000000	
0059C2F9	COMP_QuestNameOverride_Astronaut_Radiant_Kill_000_BuildFailure	Ally: Build Failure	0														0																																																																																																																																					0	0	0	None	0		0.000000	1.000000	
0059C2FE	COMP_QuestNameOverride_Astronaut_Radiant_Kill_004_Glitchcraft	Ally: Glitchcraft	0														0																																																																																																																																					0	0	0	None	0		0.000000	1.000000	
0059C2FA	COMP_QuestNameOverride_Astronaut_Radiant_Kill_005_ExpiredContract_Raiders	Ally: Expired Contract	0														0																																																																																																																																					0	0	0	None	0		0.000000	1.000000	
0059C2FF	COMP_QuestDescriptionOverride_Astronaut_Radiant_Kill_002_Aliens	Commander Daguerre wants you to investigate a strange signal.	0														0																																																																																																																																					0	0	0	None	0		0.000000	1.000000	
0059D161	COMP_QuestDescriptionOverride_Astronaut_Radiant_FetchReturn_003_MilitaryCom	Investigate a classified signal attached to a former military or U.S.S.A. cache.	0														0																																																																																																																																					0	0	0	None	0		0.000000	1.000000	
0059D162	COMP_QuestNameOverride_Astronaut_Radiant_FetchReturn_000_USSA	Ally: Space Limitations	0														0																																																																																																																																					0	0	0	None	0		0.000000	1.000000	
0059D163	COMP_QuestDescriptionOverride_Astronaut_Radiant_FetchReturn_001_Medical	Collect biological materials related to the old U.S.S.A. secret projects so it can be finally destroyed.	0														0																																																																																																																																					0	0	0	None	0		0.000000	1.000000	
0059D164	COMP_QuestDescriptionOverride_Astronaut_Radiant_FetchReturn_005_Generic	Retrieve Deep Sleep materials for Commander Daguerre to destroy.	0														0																																																																																																																																					0	0	0	None	0		0.000000	1.000000	
0059D165	COMP_QuestDescriptionOverride_Astronaut_Radiant_FetchReturn_004_OfficesTech	Recover evidence related to the Deep Sleep project so Commander Daguerre can destroy it.	0														0																																																																																																																																					0	0	0	None	0		0.000000	1.000000	
0059D166	COMP_QuestNameOverride_Astronaut_Radiant_Rescue_000_Exceptions	Ally: No Exceptions	0														0																																																																																																																																					0	0	0	None	0		0.000000	1.000000	
0059D167	COMP_QuestNameOverride_Astronaut_Radiant_FetchReturn_001_Medical	Ally: Breaking the Cycle	0														0																																																																																																																																					0	0	0	None	0		0.000000	1.000000	
0059D168	COMP_QuestDescriptionOverride_Astronaut_Radiant_FetchReturn_000_USSA	Clean up any remaining evidence from the old U.S.S.A. secret project for Commander Daguerre.	0														0																																																																																																																																					0	0	0	None	0		0.000000	1.000000	
0059D812	COMP_QuestNameOverride_Astronaut_Radiant_FetchReturn_004_OfficesTech	Ally: Data Driven	0														0																																																																																																																																					0	0	0	None	0		0.000000	1.000000	
0059D813	COMP_QuestDescriptionOverride_Astronaut_Radiant_FetchReturn_006_Constants	Retrieve any records of the U.S.S.A. or the Deep Sleep project so it can be destroyed.	0														0																																																																																																																																					0	0	0	None	0		0.000000	1.000000	
0059D814	COMP_QuestNameOverride_Astronaut_Radiant_FetchReturn_006_Constants	Ally: Constants	0														0																																																																																																																																					0	0	0	None	0		0.000000	1.000000	
0059D810	COMP_QuestNameOverride_Astronaut_Radiant_FetchReturn_002_Robots	Ally: Run Time Execution	0														0																																																																																																																																					0	0	0	None	0		0.000000	1.000000	
0059D815	COMP_QuestDescriptionOverride_Astronaut_Radiant_Rescue_000_Generic	Retrieve any records of the U.S.S.A. or the Deep Sleep project so it can be destroyed.	0														0																																																																																																																																					0	0	0	None	0		0.000000	1.000000	
0059D811	COMP_QuestDescriptionOverride_Astronaut_Radiant_FetchReturn_002_Robots	Retrieve devices and materials related to the U.S.S.A.'s former secret projects.	0														0																																																																																																																																					0	0	0	None	0		0.000000	1.000000	
0059FCB6	Vault79ExitLocation_Exterior	Vault 79	2	001789F7:LocRegionMountain:KYWD	0033FE91:LocTypeFastTravelDestination:KYWD												0																																																																																																																																					0	0	0	None	0	002F70EF:SubRegionMountains03Location:Savage Divide	0.000000	1.000000	
0059FFA9	LocForestVaultTecUEnemyOverrideLocation	Vault-Tec University	5	00003954:LocTypeInteriorCell:KYWD	0001564F:LocRegionForestFloodlands:KYWD	003D5B64:LocLootScaleLarge:KYWD	004E8566:LocThemeVaultTec:KYWD	0057E1EC:LocTypeInstancedCell:KYWD									0																																																																																																																																					0	0	1	None	99	000040CC:LocForestVaultTecULocation:Vault-Tec University	0.000000	1.000000	
005A068A	LocMountainAstronautCrashSiteLocation	Crash Site	1	001789F7:LocRegionMountain:KYWD													1	ESSChanceMainGhouls	5.000000																																																																																																																																			0	0	0	None	0	002F70F5:SubRegionMountains09Location:Savage Divide	0.000000	1.000000	
005A21A7	JMorettoTest01Location	Test Josh Location	0														0																																																																																																																																					0	0	50	None	99		0.000000	1.000000	
005A22B1	COMP_QuestNameOverride_Beckett_Fetch	Ally: Stalking Stuffer	0														0																																																																																																																																					0	0	0	None	0		0.000000	1.000000	
005A22B2	COMP_QuestDescriptionOverride_Beckett_FetchArmor	Recover legendary armor for Beckett.	0														0																																																																																																																																					0	0	0	None	0		0.000000	1.000000	
005A240D	COMP_QuestDescriptionOverride_Beckett_Kill_Generic	Hunt down and kill a lucrative target for Beckett.	0														0																																																																																																																																					0	0	0	None	0		0.000000	1.000000	
005A240C	COMP_QuestNameOverride_Beckett_Kill_Generic	Ally: Cropping Spree	0														0																																																																																																																																					0	0	0	None	0		0.000000	1.000000	
005A2719	COMP_QuestDescriptionOverride_Radiant_FetchItem	Locate and retrieve a useful item.	0														0																																																																																																																																					0	0	0	None	0		0.000000	1.000000	
005A2715	COMP_QuestNameOverride_Radiant_Kill_Forager	Ally: Marked For Death	0														0																																																																																																																																					0	0	0	None	0		0.000000	1.000000	
005A2713	COMP_QuestNameOverride_Radiant_Rescue_Forager	Ally: Search and Rescue	0														0																																																																																																																																					0	0	0	None	0		0.000000	1.000000	
005A271A	COMP_QuestDescriptionOverride_Radiant_FetchArmor	Locate and retrieve a piece of armor.	0														0																																																																																																																																					0	0	0	None	0		0.000000	1.000000	
005A271B	COMP_QuestDescriptionOverride_Radiant_FetchWeapon	Locate and retrieve a weapon.	0														0																																																																																																																																					0	0	0	None	0		0.000000	1.000000	
005A2716	COMP_QuestNameOverride_Radiant_Fetch_Wanderer	Ally: Lucky Find	0														0																																																																																																																																					0	0	0	None	0		0.000000	1.000000	
005A2714	COMP_QuestNameOverride_Radiant_Fetch_Forager	Ally: Scavenger Hunt	0														0																																																																																																																																					0	0	0	None	0		0.000000	1.000000	
005A271C	COMP_QuestDescriptionOverride_Radiant_Kill	Eliminate a threat to Appalachia.	0														0																																																																																																																																					0	0	0	None	0		0.000000	1.000000	
005A271D	COMP_QuestDescriptionOverride_Radiant_Rescue	Locate and rescue a missing person.	0														0																																																																																																																																					0	0	0	None	0		0.000000	1.000000	
005A2717	COMP_QuestNameOverride_Radiant_Kill_Wanderer	Ally: Threat Assessment	0														0																																																																																																																																					0	0	0	None	0		0.000000	1.000000	
005A2718	COMP_QuestNameOverride_Radiant_Rescue_Wanderer	Ally: A Call for Help	0														0																																																																																																																																					0	0	0	None	0		0.000000	1.000000	
005A2726	COMP_QuestNameOverride_Beckett_Kill_BloodEagle	Ally: Loose Ends	0														0																																																																																																																																					0	0	0	None	0		0.000000	1.000000	
005A2727	COMP_QuestDescriptionOverride_Beckett_Kill_BloodEagle_Boss	Kill an influential Blood Eagle leader before they attempt to organize the gang.	0														0																																																																																																																																					0	0	0	None	0		0.000000	1.000000	
005A2728	COMP_QuestNameOverride_Beckett_Rescue	Ally: Saving Skin	0														0																																																																																																																																					0	0	0	None	0		0.000000	1.000000	
005A2729	COMP_QuestDescriptionOverride_Beckett_Rescue	Find and rescue a helpless victim for Beckett.	0														0																																																																																																																																					0	0	0	None	0		0.000000	1.000000	
005A272A	COMP_QuestDescriptionOverride_Beckett_Kill_BloodEagle_Random	Kill one of the remaining Blood Eagles for Beckett.	0														0																																																																																																																																					0	0	0	None	0		0.000000	1.000000	
005A2724	COMP_QuestDescriptionOverride_Beckett_FetchWeapon	Recover a legendary weapon for Beckett.	0														0																																																																																																																																					0	0	0	None	0		0.000000	1.000000	
005A3503	COMP_QuestNameOverride_Radiant_Kill_Hunter	Ally: Marked For Death	0														0																																																																																																																																					0	0	0	None	0		0.000000	1.000000	
005A3504	COMP_QuestNameOverride_Radiant_Fetch_Hunter	Ally: Scavenger Hunt	0														0																																																																																																																																					0	0	0	None	0		0.000000	1.000000	
005A3502	COMP_QuestNameOverride_Radiant_Rescue_Hunter	Ally: Search and Rescue	0														0																																																																																																																																					0	0	0	None	0		0.000000	1.000000	
005A5A69	SheltersTestLocation02		0														0																																																																																																																																					0	0	0	None	1		0.000000	1.000000	
005A5A68	SheltersLocation_Barn	Vault Storage Room Shelter	1	007BD03F:LocTypeFishingExcluded:KYWD													1	WorkshopBudgetLocation	700.000000																																																																																																																																			0	0	0	None	1		0.000000	1.000000	
005A5A6A	SheltersLocation_ServerRoom	Vault Utility Room Shelter	1	007BD03F:LocTypeFishingExcluded:KYWD													2	WorkshopBuildRadius	1950.000000		WorkshopBuildHeight	2000.000000																																																																																																																																0	0	0	None	1		0.000000	1.000000	
005A5A6B	SheltersLocation_BoSBunker	Bunker Shelter	1	007BD03F:LocTypeFishingExcluded:KYWD													0																																																																																																																																					0	0	0	None	1		0.000000	1.000000	
005AD29B	Shelters_QuestLocation	Shelters Claim Center	2	00003954:LocTypeInteriorCell:KYWD	0057E1EC:LocTypeInstancedCell:KYWD												0																																																																																																																																					0	0	0	None	1	005E9577:Vault51ExteriorLocation:Vault 51	0.000000	1.000000	
005AD29C	SheltersTestLocation05		0														0																																																																																																																																					0	0	0	None	1		0.000000	1.000000	
005A408C	TestJustinLocation		0														2	ESSChanceSubGhoul	5.000000		ESSChanceMainSuperMutants	5.000000																																																																																																																																0	0	1	None	99		0.000000	1.000000	
005B1E4D	SheltersLocation_VaultAtrium	Vault Atrium Shelter	1	007BD03F:LocTypeFishingExcluded:KYWD													3	WorkshopBuildRadius	2700.000000		WorkshopBudgetLocation	700.000000		WorkshopBuildHeight	2000.000000																																																																																																																													0	0	0	None	1		0.000000	1.000000	
005B1E4E	SheltersLocation_VaultLivingQuarters	Vault Living Quarters Shelter	1	007BD03F:LocTypeFishingExcluded:KYWD													3	WorkshopBuildRadius	3300.000000		WorkshopBudgetLocation	700.000000		WorkshopBuildHeight	1000.000000																																																																																																																													0	0	0	None	1		0.000000	1.000000	
005B2BA0	SheltersLocation_BasicCave	Cave Shelter	1	007BD03F:LocTypeFishingExcluded:KYWD													0																																																																																																																																					0	0	0	None	1		0.000000	1.000000	
005B36E6	SheltersLocation_Greenhouse	Greenhouse Shelter	1	007BD03F:LocTypeFishingExcluded:KYWD													0																																																																																																																																					0	0	0	None	1		0.000000	1.000000	
005B4DC7	SheltersLocation_WaterfallCave	Waterfall Cave Shelter	1	007BD03F:LocTypeFishingExcluded:KYWD													0																																																																																																																																					0	0	0	None	1		0.000000	1.000000	
005B5253	SheltersLocation_VaultReception	Vault Lobby Shelter	1	007BD03F:LocTypeFishingExcluded:KYWD													3	WorkshopBuildRadius	1700.000000		WorkshopBudgetLocation	700.000000		WorkshopBuildHeight	1000.000000																																																																																																																													0	0	0	None	1		0.000000	1.000000	
005A4E33	MonongahMineIntLocation	Monongah Mine	6	00003954:LocTypeInteriorCell:KYWD	001789F7:LocRegionMountain:KYWD	003D4B10:LocLootScaleMedium:KYWD	004E8563:LocThemeMiner:KYWD	0055C69A:DungeonTypeMine:KYWD	007BD03F:LocTypeFishingExcluded:KYWD								0																																																																																																																																					0	0	0	None	0	00092237:LocMountainsMonongahMineLocation:Monongah Mine	0.000000	1.000000	
005B7D03	SheltersLocation_Crater		1	007BD03F:LocTypeFishingExcluded:KYWD													0																																																																																																																																					0	0	0	None	1		0.000000	1.000000	
005B7D01	SheltersLocation_MistressOfMysteryMansion		1	007BD03F:LocTypeFishingExcluded:KYWD													0																																																																																																																																					0	0	0	None	1		0.000000	1.000000	
005B7D02	SheltersLocation_Foundation		1	007BD03F:LocTypeFishingExcluded:KYWD													0																																																																																																																																					0	0	0	None	1		0.000000	1.000000	
00570D75	DebugNormGymLocation	Norm Gym	0														0																																																																																																																																					0	0	1	None	99		0.000000	1.000000	
005A6ED2	LocMountainsFoundationSupplyRoomLocation	Foundation Supply Room	5	00003954:LocTypeInteriorCell:KYWD	001789F7:LocRegionMountain:KYWD	003D5B62:LocLootScalePOI:KYWD	0055F9E1:LocEncMainSettler:KYWD	0057E1EC:LocTypeInstancedCell:KYWD									0																																																																																																																																					0	0	0	None	0	0009A128:LocMountainsFoundationLocation:Foundation	0.000000	1.000000	
005A71F8	LocTestBossRoomLocation	TestBossRoom	0														0																																																																																																																																					0	0	50	None	99	002EA098:SubRegionCranberry01Location:Cranberry Bog	0.000000	1.000000	
005A7A0B	LocSwampBurrowsSouthLocation	The Burrows South	1	0033FE91:LocTypeFastTravelDestination:KYWD													0																																																																																																																																					0	0	0	None	0	0047770A:LocSwampBurrowsInteriorLocation:The Burrows	0.000000	1.000000	
005A7AD2	LocMountainsBlueRidgeOfficeLocation	Blue Ridge Office	5	00003954:LocTypeInteriorCell:KYWD	001789F7:LocRegionMountain:KYWD	003D5B62:LocLootScalePOI:KYWD	0055F9E1:LocEncMainSettler:KYWD	0057E1EC:LocTypeInstancedCell:KYWD									0																																																																																																																																					0	0	0	None	0	00205C5A:LocMountainsBigBendTunnelLocation:Big Bend Tunnel West	0.000000	1.000000	
005ADCAE	LocToxicCraterWarRoomInteriorLocation	The Crater War Room	6	00003954:LocTypeInteriorCell:KYWD	00088AAB:LocRegionToxicValley:KYWD	003D5B63:LocLootScaleSmall:KYWD	0055C6AC:LocEncMainRaider:KYWD	0057E1EC:LocTypeInstancedCell:KYWD	007BD03F:LocTypeFishingExcluded:KYWD								0																																																																																																																																					0	0	0	None	0	000616B3:LocToxicTheCraterLocation:The Crater	0.000000	1.000000	
005AE07D	LocMTRBurningMineInteriorLocation	The Burning Mine	12	00003954:LocTypeInteriorCell:KYWD	0001CA8B:LocRegionMTR:KYWD	00022612:LocTypeResponderEyebot:KYWD	000254BC:LocTypeDungeonMajor:KYWD	0004F21B:LocTypeSubterranean:KYWD	00064EDE:LocTypeClearable:KYWD	0033FE91:LocTypeFastTravelDestination:KYWD	00396B77:LocTypeDungeon:KYWD	003D4B10:LocLootScaleMedium:KYWD	004E8563:LocThemeMiner:KYWD	0055C69A:DungeonTypeMine:KYWD	005ADD9E:LocTypeDailyOps:KYWD		4	ESSChanceMainMoleMiner	5.000000		ESSChanceSubViciousDog	5.000000		ESSChanceSubMolerats	5.000000		ESSChanceSubRats	5.000000																																																																																																																										0	0	15	None	99	00004019:LocMTRBurningMineLocation:The Burning Mine	0.000000	1.000000	
005B289A	LocMountainsDesertedMineInteriorLocation	Deserted Mine	7	00003954:LocTypeInteriorCell:KYWD	0004F21B:LocTypeSubterranean:KYWD	001789F7:LocRegionMountain:KYWD	003D5B62:LocLootScalePOI:KYWD	004E8569:LocThemeOutdoors:KYWD	0055C6AC:LocEncMainRaider:KYWD	0057E1EC:LocTypeInstancedCell:KYWD							0																																																																																																																																					0	0	1	None	99	0050B2B9:LocMountainsDesertedMineLocation:Deserted Mine	0.000000	1.000000	
005B4CBB	LocSubToxicValleyMakeshiftVaultIntLocation	Makeshift Vault	8	00003954:LocTypeInteriorCell:KYWD	0004F21B:LocTypeSubterranean:KYWD	00088AAB:LocRegionToxicValley:KYWD	003D5B62:LocLootScalePOI:KYWD	004E8569:LocThemeOutdoors:KYWD	0055C6AC:LocEncMainRaider:KYWD	0057E1EC:LocTypeInstancedCell:KYWD	007BD03F:LocTypeFishingExcluded:KYWD						0																																																																																																																																					0	0	1	None	99	002F7080:SubRegionToxicValley05LocationLOW:Toxic Valley	0.000000	1.000000	
005B70FB	LocMountainsObservatoryLowerLocation	Atlas Substructure	6	00003954:LocTypeInteriorCell:KYWD	001789F7:LocRegionMountain:KYWD	003D4B10:LocLootScaleMedium:KYWD	004E856B:LocThemeBoS:KYWD	0057E1EC:LocTypeInstancedCell:KYWD	007BD03F:LocTypeFishingExcluded:KYWD								1	ESSChanceMainRobots	5.000000																																																																																																																																			0	0	0	None	0	005B70FA:LocMountainsObservatoryIntLocation:Fort Atlas	0.000000	1.000000	
005B70FA	LocMountainsObservatoryIntLocation	Fort Atlas	6	00003954:LocTypeInteriorCell:KYWD	001789F7:LocRegionMountain:KYWD	003D5B62:LocLootScalePOI:KYWD	004E856B:LocThemeBoS:KYWD	0057E1EC:LocTypeInstancedCell:KYWD	005B7396:LocEncMainBoS:KYWD								0																																																																																																																																					0	0	0	None	0	00096AA9:LocMountainsObservatoryLocation:Fort Atlas	0.000000	1.000000	
005B72BE	LocSwampMireseyeIntLocation	Mire's Eye	7	00003954:LocTypeInteriorCell:KYWD	0001CA8C:LocRegionSwampForest:KYWD	0004F21B:LocTypeSubterranean:KYWD	003D5B62:LocLootScalePOI:KYWD	004E8564:LocThemeRaider:KYWD	0057E1EC:LocTypeInstancedCell:KYWD	007BD03F:LocTypeFishingExcluded:KYWD							0																																																																																																																																					0	0	1	None	99	002F7068:SubRegionSwamp01Location:Mire	0.000000	1.000000	
005B7D8D	LocSwampVault94DungeonLocation	Vault 94	10	00003954:LocTypeInteriorCell:KYWD	0001CA8C:LocRegionSwampForest:KYWD	000254BC:LocTypeDungeonMajor:KYWD	00064EDE:LocTypeClearable:KYWD	00396B77:LocTypeDungeon:KYWD	003D5B64:LocLootScaleLarge:KYWD	004E8566:LocThemeVaultTec:KYWD	005ADD9E:LocTypeDailyOps:KYWD	005D7A85:DungeonTypeVault:KYWD	007BD03F:LocTypeFishingExcluded:KYWD				0																																																																																																																																					0	0	15	None	99	003F17CE:Vault94ExteriorLocation:Vault 94	0.000000	1.000000	
005C3DFC	LocForestOrwellOrchardsBombShelterLocation	Orwell Bomb Shelter	8	00003954:LocTypeInteriorCell:KYWD	0001564F:LocRegionForestFloodlands:KYWD	0004F21B:LocTypeSubterranean:KYWD	000581DE:LocEncMainGhouls:KYWD	003D5B62:LocLootScalePOI:KYWD	004E8569:LocThemeOutdoors:KYWD	0057E1EC:LocTypeInstancedCell:KYWD	007BD03F:LocTypeFishingExcluded:KYWD						0																																																																																																																																					0	0	1	None	99	00096AAE:LocForestOrwellOrchardsLocation:Orwell Orchards	0.000000	1.000000	
005C4923	WarehouseEWSModuleLoc		0														2	ESSChanceSubGhoul	5.000000		ESSChanceMainSuperMutants	5.000000																																																																																																																																0	0	1	None	99		0.000000	1.000000	
005C4B55	LocForestLewisAndSonsInteriorLocation	Lewis & Sons Farming Supply	5	00003954:LocTypeInteriorCell:KYWD	0001564F:LocRegionForestFloodlands:KYWD	003D5B62:LocLootScalePOI:KYWD	004E8569:LocThemeOutdoors:KYWD	0057E1EC:LocTypeInstancedCell:KYWD									0																																																																																																																																					0	0	0	None	0	0005AEEA:LocForestLewisAndSonsFarmingSupplyLocation:Lewis & Sons Farming Supply	0.000000	1.000000	
005C4B56	LocSwampDaggersDenInteriorLocation	Dagger's Den	8	00003954:LocTypeInteriorCell:KYWD	0001CA8C:LocRegionSwampForest:KYWD	0004F21B:LocTypeSubterranean:KYWD	003D5B63:LocLootScaleSmall:KYWD	004E8564:LocThemeRaider:KYWD	005723C8:LocEncMainBloodEagles:KYWD	0057E1EC:LocTypeInstancedCell:KYWD	007BD03F:LocTypeFishingExcluded:KYWD						0																																																																																																																																					0	0	0	None	0	0009A3AF:LocSwampDaggersDenLocation:Dagger's Den	0.000000	1.000000	
005C5E09	LocSwampValleyGalleriaLocation	Valley Galleria	5	0001CA8C:LocRegionSwampForest:KYWD	00022612:LocTypeResponderEyebot:KYWD	0033FE91:LocTypeFastTravelDestination:KYWD	003D5B62:LocLootScalePOI:KYWD	004E855B:LocThemeGeneral:KYWD									3	ESSChanceMainScorched	5.000000		EMSChanceVariantNormal	45.000000		EMSChanceVariantScorched	5.000000																																																																																																																													0	0	0	None	0	002F7072:SubRegionSwamp11Location:Mire	0.000000	1.000000	
005C75DD	LocSwampDaggersDenThroneRoomLocation	Dagger's Throne Room	7	00003954:LocTypeInteriorCell:KYWD	0001CA8C:LocRegionSwampForest:KYWD	0004F21B:LocTypeSubterranean:KYWD	003D5B62:LocLootScalePOI:KYWD	004E8564:LocThemeRaider:KYWD	005723C8:LocEncMainBloodEagles:KYWD	0057E1EC:LocTypeInstancedCell:KYWD							0																																																																																																																																					0	0	0	None	0	005C4B56:LocSwampDaggersDenInteriorLocation:Dagger's Den	0.000000	1.000000	
005CF051	LocCranberryWatogaCivicCenterDungeonLocation	Watoga Raider Arena	5	000012A1:LocRegionCranberryBog:KYWD	00003954:LocTypeInteriorCell:KYWD	003D4B10:LocLootScaleMedium:KYWD	004E855D:LocThemeWhiteCollar:KYWD	005ADD9E:LocTypeDailyOps:KYWD									0																																																																																																																																					0	0	15	None	99	00006D9C:LocCranberryWatogaLocation:Watoga	0.000000	1.000000	
005DC6DB	LocSubForestEnclaveResearchFacility01Location	Enclave Research Facility	8	00003954:LocTypeInteriorCell:KYWD	0001564F:LocRegionForestFloodlands:KYWD	003A5E71:LocEncSupportLarge:KYWD	003D5B64:LocLootScaleLarge:KYWD	004E856A:LocThemeMedical:KYWD	0055C69B:DungeonTypeResearchFacility:KYWD	0057E1EC:LocTypeInstancedCell:KYWD	007BD03F:LocTypeFishingExcluded:KYWD						0																																																																																																																																					0	0	1	None	99	0037FA8A:LocForestTransmissionStation1ATU03Location:Transmission Station 1AT-U03	0.000000	1.000000	
005E4844	LocMountainsVault96DungeonLocation	Vault 96	7	00003954:LocTypeInteriorCell:KYWD	001789F7:LocRegionMountain:KYWD	003D5B64:LocLootScaleLarge:KYWD	004E8566:LocThemeVaultTec:KYWD	0057E1EC:LocTypeInstancedCell:KYWD	005ADD9E:LocTypeDailyOps:KYWD	007BD03F:LocTypeFishingExcluded:KYWD							0																																																																																																																																					0	0	15	None	99	000B1D42:Vault96ExteriorLocation:Vault 96	0.000000	1.000000	
005E5640	LocSubToxicValleyMakeshiftVaultLocation	Enclave Research Facility	5	00088AAB:LocRegionToxicValley:KYWD	0033FE91:LocTypeFastTravelDestination:KYWD	003D5B63:LocLootScaleSmall:KYWD	004E856A:LocThemeMedical:KYWD	0055C69B:DungeonTypeResearchFacility:KYWD									0																																																																																																																																					0	0	0	None	99	002F7080:SubRegionToxicValley05LocationLOW:Toxic Valley	0.000000	1.000000	
005E9577	Vault51ExteriorLocation	Vault 51	2	0033FE91:LocTypeFastTravelDestination:KYWD	004E8566:LocThemeVaultTec:KYWD												0																																																																																																																																					0	0	0	None	0	0004BDFD:SubRegionForestFloodlands02Location:The Forest	0.000000	1.000000	
005F112C	LocMountainsUncannyCavernsLocation	Uncanny Caverns	5	00022612:LocTypeResponderEyebot:KYWD	001789F7:LocRegionMountain:KYWD	0033FE91:LocTypeFastTravelDestination:KYWD	003D5B63:LocLootScaleSmall:KYWD	004E8563:LocThemeMiner:KYWD									6	ESSChanceMainMirelurks	5.000000		ESSChanceSubMolerats	5.000000		ESSChanceSubRats	5.000000		ESSChanceSubWolf	5.000000		ESSChanceSubBloatfly	5.000000		ESSChanceSubCaveCricket	5.000000																																																																																																																				0	0	0	None	0	00338737:SubRegionMountains23Location:Savage Divide	0.000000	1.000000	
005F112D	LocCranberryAMSCorporateHQLocation	AMS Corporate Headquarters	4	000012A1:LocRegionCranberryBog:KYWD	0033FE91:LocTypeFastTravelDestination:KYWD	003D5B62:LocLootScalePOI:KYWD	004E855D:LocThemeWhiteCollar:KYWD										3	ESSChanceMainRobots	5.000000		EMSChanceVariantNormal	45.000000		EMSChanceVariantScorched	5.000000																																																																																																																													0	0	0	None	0	002F7090:SubRegionCranberry13Location:Cranberry Bog	0.000000	1.000000	
005F2CF1	LocSwampHarpersFerryDungeonLocation	Harpers Ferry Tunnel	6	00003954:LocTypeInteriorCell:KYWD	0001CA8C:LocRegionSwampForest:KYWD	003D4B10:LocLootScaleMedium:KYWD	004E855B:LocThemeGeneral:KYWD	0057E1EC:LocTypeInstancedCell:KYWD	007BD03F:LocTypeFishingExcluded:KYWD								0																																																																																																																																					0	0	0	None	0	0060D59A:LocSwampHarpersFerryDungeonExtLocation:Harpers Ferry Tunnel	0.000000	1.000000	
005F2CF0	LocCranberryAMSCorporateHQInteriorDungeonLocation	AMS Corporate Headquarters - Sub Level	5	000012A1:LocRegionCranberryBog:KYWD	00003954:LocTypeInteriorCell:KYWD	003D5B63:LocLootScaleSmall:KYWD	004E855D:LocThemeWhiteCollar:KYWD	0057E1EC:LocTypeInstancedCell:KYWD									3	ESSChanceMainRobots	5.000000		EMSChanceVariantNormal	45.000000		EMSChanceVariantScorched	5.000000																																																																																																																													0	0	0	None	0	00073D70:LocCranberryAMSCorporateHQInteriorLocation:AMS Corporate Headquarters	0.000000	1.000000	
005F2CF2	LocMountainsUncannyCavernsInteriorCreviceLocation	Hidden Crevice	7	00003954:LocTypeInteriorCell:KYWD	0004F21B:LocTypeSubterranean:KYWD	001789F7:LocRegionMountain:KYWD	003D5B62:LocLootScalePOI:KYWD	004E8563:LocThemeMiner:KYWD	0057E1EC:LocTypeInstancedCell:KYWD	007BD03F:LocTypeFishingExcluded:KYWD							0																																																																																																																																					0	0	0	None	0	00090579:LocMountainsUncannyCavernsInteriorLocation:Uncanny Caverns	0.000000	1.000000	
005F2CF3	LocMountainsWestTekResearchDungeonLocation	West Tek Underground Lab	6	00003954:LocTypeInteriorCell:KYWD	001789F7:LocRegionMountain:KYWD	003D5B63:LocLootScaleSmall:KYWD	004E855F:LocThemeMilitary:KYWD	0055C69B:DungeonTypeResearchFacility:KYWD	0057E1EC:LocTypeInstancedCell:KYWD								1	ESSChanceMainSuperMutants	5.000000																																																																																																																																			0	0	0	None	0	00083AAD:LocMountainsWestTekResearchInteriorLocation:West Tek Research Center	0.000000	1.000000	
005FAD0D	LocMountainsWendigoCaveLocationDUPLICATE000	Wendigo Cave	4	001789F7:LocRegionMountain:KYWD	0033FE91:LocTypeFastTravelDestination:KYWD	003D5B62:LocLootScalePOI:KYWD	004E8563:LocThemeMiner:KYWD										2	ESSChanceMainMirelurks	5.000000		ESSChanceSubGhoul	5.000000																																																																																																																																0	0	0	None	0	002F70F7:SubRegionMountains11Location:Savage Divide	0.000000	1.000000	
005FAD0C	LocMountainsWestTekResearchLocation	West Tek Research Center	4	001789F7:LocRegionMountain:KYWD	0033FE91:LocTypeFastTravelDestination:KYWD	003D5B62:LocLootScalePOI:KYWD	004E855F:LocThemeMilitary:KYWD										1	ESSChanceMainSuperMutants	5.000000																																																																																																																																			0	0	0	None	0	00338736:SubRegionMountains22Location:Savage Divide	0.000000	1.000000	
005FDD40	LocMountainsMetalDomeLocation	Metal Dome	5	001789F7:LocRegionMountain:KYWD	0033FE91:LocTypeFastTravelDestination:KYWD	003D5B63:LocLootScaleSmall:KYWD	004E8564:LocThemeRaider:KYWD	0055C6AC:LocEncMainRaider:KYWD									0																																																																																																																																					0	0	0	None	0	002F70F4:SubRegionMountains08Location:Savage Divide	0.000000	1.000000	
0060D364	SheltersLocation_Cave01	Cave Shelter	1	007BD03F:LocTypeFishingExcluded:KYWD													1	WorkshopBudgetLocation	700.000000																																																																																																																																			0	0	0	None	1		0.000000	1.000000	
0060D59A	LocSwampHarpersFerryDungeonExtLocation	Harpers Ferry Tunnel	4	0001CA8C:LocRegionSwampForest:KYWD	0033FE91:LocTypeFastTravelDestination:KYWD	003D5B62:LocLootScalePOI:KYWD	004E8569:LocThemeOutdoors:KYWD										0																																																																																																																																					0	0	0	None	0	002F7070:SubRegionSwamp09Location:Mire	0.000000	1.000000	
006139EC	XPD_Warehouse_Exterior_Loc		0														2	ESSChanceSubGhoul	5.000000		ESSChanceMainSuperMutants	5.000000																																																																																																																																0	0	1	None	99		0.000000	1.000000	
006139ED	XPD_Warehouse_Dungeon_Loc		0														2	ESSChanceSubGhoul	5.000000		ESSChanceMainSuperMutants	5.000000																																																																																																																																0	0	1	None	99		0.000000	1.000000	
0060A6C1	LocForestVault51DungeonLocation	Vault 51	4	00003954:LocTypeInteriorCell:KYWD	0001564F:LocRegionForestFloodlands:KYWD	003D4B10:LocLootScaleMedium:KYWD	004E8566:LocThemeVaultTec:KYWD										0																																																																																																																																					0	0	15	None	99	005E9577:Vault51ExteriorLocation:Vault 51	0.000000	1.000000	
0060F37C	LocCranberryWatogaHighSchoolDungeonLocation	Watoga High School	6	000012A1:LocRegionCranberryBog:KYWD	00003954:LocTypeInteriorCell:KYWD	003D4B10:LocLootScaleMedium:KYWD	004E855D:LocThemeWhiteCollar:KYWD	0057E1EC:LocTypeInstancedCell:KYWD	005ADD9E:LocTypeDailyOps:KYWD								0																																																																																																																																					0	0	15	None	99	00006D9C:LocCranberryWatogaLocation:Watoga	0.000000	1.000000	
006143D6	LocMountainsUncannyCavernsDungeonLocation	Uncanny Caverns	7	00003954:LocTypeInteriorCell:KYWD	001789F7:LocRegionMountain:KYWD	003D4B10:LocLootScaleMedium:KYWD	004E8563:LocThemeMiner:KYWD	0057E1EC:LocTypeInstancedCell:KYWD	005ADD9E:LocTypeDailyOps:KYWD	007BD03F:LocTypeFishingExcluded:KYWD							0																																																																																																																																					0	0	15	None	99	00338737:SubRegionMountains23Location:Savage Divide	0.000000	1.000000	
0061965C	LocForestArktosPharmaLabDungeonLocation	Arktos Pharma Biome Lab	6	00003954:LocTypeInteriorCell:KYWD	0001564F:LocRegionForestFloodlands:KYWD	003D4B10:LocLootScaleMedium:KYWD	004E856A:LocThemeMedical:KYWD	005ADD9E:LocTypeDailyOps:KYWD	007BD03F:LocTypeFishingExcluded:KYWD								0																																																																																																																																					0	0	15	None	99	0011293A:LocForestArktosPharmaLocation:Arktos Pharma	0.000000	1.000000	
0062053A	XPD_Warehouse_Hub_Loc		0														2	ESSChanceSubGhoul	5.000000		ESSChanceMainSuperMutants	5.000000																																																																																																																																0	0	1	None	99		0.000000	1.000000	
00620446	SheltersLocation_MissileSilo	Missile Silo Shelter	1	007BD03F:LocTypeFishingExcluded:KYWD													1	WorkshopBudgetLocation	700.000000																																																																																																																																			0	0	0	None	1		0.000000	1.000000	
006240BC	LocWhitespringTheWhitespringRefugeLocation	The Whitespring Refuge	5	00003954:LocTypeInteriorCell:KYWD	0033FE91:LocTypeFastTravelDestination:KYWD	003B3731:LocRegionWhitespring:KYWD	003D5B63:LocLootScaleSmall:KYWD	004E8560:LocThemeWealthy:KYWD									1	ESSChanceMainRobots	5.000000																																																																																																																																			0	0	0	None	0	000989F5:LocWhitespringTheWhitespringLocation:The Whitespring	0.000000	1.000000	
006274EA	XPD_Pitt01_Dungeon_Location	The Foundry	6	00003954:LocTypeInteriorCell:KYWD	003D5B64:LocLootScaleLarge:KYWD	004E855C:LocThemeWorkingClass:KYWD	0057E1EC:LocTypeInstancedCell:KYWD	0062D325:LocRegionPitt:KYWD	0062D326:LocTypeExpedition:KYWD								0																																																																																																																																					0	0	0	None	0	006274EB:XPD_Pitt01_Exterior_Location:The Pitt	0.000000	1.000000	
006274EB	XPD_Pitt01_Exterior_Location	The Pitt	6	00003954:LocTypeInteriorCell:KYWD	003D4B10:LocLootScaleMedium:KYWD	004E855C:LocThemeWorkingClass:KYWD	0057E1EC:LocTypeInstancedCell:KYWD	0062D325:LocRegionPitt:KYWD	0062D326:LocTypeExpedition:KYWD								0																																																																																																																																					0	0	0	None	0	0062D328:RegionPittLocation:The Pitt	0.000000	1.000000	
0062781F	LocWhitespringTheWhitespringMallLocation	The Whitespring Mall	6	00003954:LocTypeInteriorCell:KYWD	0033FE91:LocTypeFastTravelDestination:KYWD	003B3731:LocRegionWhitespring:KYWD	003D5B63:LocLootScaleSmall:KYWD	004E8560:LocThemeWealthy:KYWD	007BD03F:LocTypeFishingExcluded:KYWD								1	ESSChanceMainRobots	5.000000																																																																																																																																			0	0	0	None	0	000989F5:LocWhitespringTheWhitespringLocation:The Whitespring	0.000000	1.000000	
0062C3B5	DebugChrisMLocation	DebugChrisMLocation	0														0																																																																																																																																					0	0	0	None	0		0.000000	1.000000	
0062D328	RegionPittLocation	The Pitt	4	0009B044:LocTypeRegion:KYWD	00180819:EMSIgnoredLocation:KYWD	0062D325:LocRegionPitt:KYWD	007BD03F:LocTypeFishingExcluded:KYWD										0																																																																																																																																					0	0	15	None	99	0001558C:AppalachiaLocation:Appalachia	0.000000	1.000000	
00623CAC	test_WarehouseQDTrainingLocation	Instancing Test Cell	1	0057E1EC:LocTypeInstancedCell:KYWD													0																																																																																																																																					0	0	0	None	0	0001558C:AppalachiaLocation:Appalachia	0.000000	1.000000	
0062E494	SheltersLocation_Cave02	Cave Shelter	1	007BD03F:LocTypeFishingExcluded:KYWD													1	WorkshopBudgetLocation	700.000000																																																																																																																																			0	0	0	None	1		0.000000	1.000000	
006341CC	test_Vharbison_LocWarehouseQDTraining	WarehouseQDTraining	0														0																																																																																																																																					0	0	0	None	0	0001558C:AppalachiaLocation:Appalachia	0.000000	1.000000	
00635C18	test_Vharbison_Cell_Location	test_Vharbison_Loc_Cell	0														0																																																																																																																																					0	0	0	None	0		0.000000	1.000000	
0064828C	XPD_Pitt02_Exterior_Location	The Trench	6	00003954:LocTypeInteriorCell:KYWD	003D4B10:LocLootScaleMedium:KYWD	004E855C:LocThemeWorkingClass:KYWD	0057E1EC:LocTypeInstancedCell:KYWD	0062D325:LocRegionPitt:KYWD	0062D326:LocTypeExpedition:KYWD								0																																																																																																																																					0	0	0	None	0	0062D328:RegionPittLocation:The Pitt	0.000000	1.000000	
00648299	XPD_Pitt02_Dungeon_Location	Sanctum	6	00003954:LocTypeInteriorCell:KYWD	003D5B64:LocLootScaleLarge:KYWD	004E855C:LocThemeWorkingClass:KYWD	0057E1EC:LocTypeInstancedCell:KYWD	0062D325:LocRegionPitt:KYWD	0062D326:LocTypeExpedition:KYWD								0																																																																																																																																					0	0	0	None	0	0064828C:XPD_Pitt02_Exterior_Location:The Trench	0.000000	1.000000	
006371DB	E09B_Wheel_Boss_Sheepsquatch	Sheepsquatch	1	00180819:EMSIgnoredLocation:KYWD													0																																																																																																																																					0	0	0	None	0		0.000000	1.000000	
006371D3	E09B_Wheel_Mob_AnglersMrGutsy	Anglers & Mr Gutsy	1	00180819:EMSIgnoredLocation:KYWD													0																																																																																																																																					0	0	0	None	0		0.000000	1.000000	
006371CF	E09B_Wheel_Mob_RadtoadsGulpers	Radtoads & Gulpers	1	00180819:EMSIgnoredLocation:KYWD													0																																																																																																																																					0	0	0	None	0		0.000000	1.000000	
006371D7	E09B_Wheel_Boss_FogCrawler	Fog Crawler	1	00180819:EMSIgnoredLocation:KYWD													0																																																																																																																																					0	0	0	None	0		0.000000	1.000000	
006371D6	E09B_Wheel_Mob_RadtoadSupermutants	Radtoad & Supermutants	1	00180819:EMSIgnoredLocation:KYWD													0																																																																																																																																					0	0	0	None	0		0.000000	1.000000	
006371D0	E09B_Wheel_MobName12	Ghouls & Floaters	1	00180819:EMSIgnoredLocation:KYWD													0																																																																																																																																					0	0	0	None	0		0.000000	1.000000	
006371E0	E09B_Wheel_Mob_FloatersBees	Floaters & Bees	1	00180819:EMSIgnoredLocation:KYWD													0																																																																																																																																					0	0	0	None	0		0.000000	1.000000	
006371DC	E09B_Wheel_Mob_SnallygasterFloaters	Snallygaster & Floaters	1	00180819:EMSIgnoredLocation:KYWD													0																																																																																																																																					0	0	0	None	0		0.000000	1.000000	
006371DE	E09B_Wheel_AnglersRadRats	Anglers & Rad Rats	1	00180819:EMSIgnoredLocation:KYWD													0																																																																																																																																					0	0	0	None	0		0.000000	1.000000	
006371D4	E09B_Wheel_Mob_MirelurksMrGutsy	Mirelurks & Mr Gutsy	1	00180819:EMSIgnoredLocation:KYWD													0																																																																																																																																					0	0	0	None	0		0.000000	1.000000	
006371DD	zzz_E09B_Wheel_BossName6	Chicken(?)	1	00180819:EMSIgnoredLocation:KYWD													0																																																																																																																																					0	0	0	None	0		0.000000	1.000000	
006371DA	E09B_Wheel_Boss_Deathclaw	Deathclaw	1	00180819:EMSIgnoredLocation:KYWD													0																																																																																																																																					0	0	0	None	0		0.000000	1.000000	
006371D2	E09B_Wheel_Mob_MirelurksAssualtrons	Mirelurks & Assaultrons	1	00180819:EMSIgnoredLocation:KYWD													0																																																																																																																																					0	0	0	None	0		0.000000	1.000000	
006371D8	E09B_Wheel_Mob_SuperMutantsHoneyBeast	Super Mutants & Honey Beast	1	00180819:EMSIgnoredLocation:KYWD													0																																																																																																																																					0	0	0	None	0		0.000000	1.000000	
006371E1	E09B_Wheel_Mob_SnallygastersEyebots	Snallygasters & Eyebots	1	00180819:EMSIgnoredLocation:KYWD													0																																																																																																																																					0	0	0	None	0		0.000000	1.000000	
006371D5	E09B_Wheel_Mob_RobobrainsBloodbug	Robobrains & Bloodbug	1	00180819:EMSIgnoredLocation:KYWD													0																																																																																																																																					0	0	0	None	0		0.000000	1.000000	
006371DF	E09B_Wheel_Mob_GhoulsRadAnts	Ghouls & Rad Ants	1	00180819:EMSIgnoredLocation:KYWD													0																																																																																																																																					0	0	0	None	0		0.000000	1.000000	
006371D9	E09B_Wheel_Boss_GraftonMonster	Grafton Monster	1	00180819:EMSIgnoredLocation:KYWD													0																																																																																																																																					0	0	0	None	0		0.000000	1.000000	
006371CE	E09B_Wheel_Mob_GhoulsStingwing	Ghouls & Stingwing	1	00180819:EMSIgnoredLocation:KYWD													0																																																																																																																																					0	0	0	None	0		0.000000	1.000000	
006371D1	E09B_Wheel_Boss_SuperMutantBoss	Super Mutant Behemoth	1	00180819:EMSIgnoredLocation:KYWD													0																																																																																																																																					0	0	0	None	0		0.000000	1.000000	
0064D24F	LocMountainsFoundationOutpost	Foundation Outpost	5	00064EDE:LocTypeClearable:KYWD	001789F7:LocRegionMountain:KYWD	0033FE91:LocTypeFastTravelDestination:KYWD	003D4B10:LocLootScaleMedium:KYWD	004E855B:LocThemeGeneral:KYWD									0																																																																																																																																					0	0	0	None	0	00338739:SubRegionMountains25Location:Savage Divide	0.000000	1.000000	
00679A64	LocForestMorgantownHighSchoolDungeonLocation	Morgantown High School	4	00003954:LocTypeInteriorCell:KYWD	0001564F:LocRegionForestFloodlands:KYWD	003D4B10:LocLootScaleMedium:KYWD	005ADD9E:LocTypeDailyOps:KYWD										0																																																																																																																																					0	0	15	None	99	002EE529:SubRegionForestFloodlands10Location:The Forest	0.000000	1.000000	
00679A63	LocForestCharlestonCapitolDungeonLocation	Charleston Capitol Building	4	00003954:LocTypeInteriorCell:KYWD	0001564F:LocRegionForestFloodlands:KYWD	003D4B10:LocLootScaleMedium:KYWD	005ADD9E:LocTypeDailyOps:KYWD										0																																																																																																																																					0	0	15	None	99	0055974A:LocForestCharlestonCapitolLocation:Charleston Capitol Building	0.000000	1.000000	
00679A62	LocMountainsGarrahanDungeonLocation	Garrahan Mining Headquarters	5	00003954:LocTypeInteriorCell:KYWD	001789F7:LocRegionMountain:KYWD	003D5B64:LocLootScaleLarge:KYWD	005ADD9E:LocTypeDailyOps:KYWD	007BD03F:LocTypeFishingExcluded:KYWD									0																																																																																																																																					0	0	15	None	99	0033873B:SubRegionMountains27Location:Savage Divide	0.000000	1.000000	
0065C094	LocTunnelOfLoveLocation	Tunnel Of Love	4	00003954:LocTypeInteriorCell:KYWD	00396B77:LocTypeDungeon:KYWD	004E8563:LocThemeMiner:KYWD	0055C6B4:DungeonTypeTunnel:KYWD										0																																																																																																																																					0	0	0	None	0	00674C7E:LocMTRNukaWorldOnTourLocation:Nuka-World On Tour	0.000000	1.000000	
0065DD0D	zzzRMTestCellGWWS_LOC	My GWWS Test Cell	0														0																																																																																																																																					0	0	0	None	0		0.000000	1.000000	
0066015F	E09d_GWWS_LOC	E09D_GWWS_MapLocation	0														0																																																																																																																																					0	0	0	None	0		0.000000	1.000000	
00662695	E09A_CoasterLocation	Nuka Launcher	0														0																																																																																																																																					0	0	0	None	0		0.000000	1.000000	
0066C30F	DebugBadenGLocation	DebugBadenGLocation	1	00003954:LocTypeInteriorCell:KYWD													0																																																																																																																																					0	0	0	None	0		0.000000	1.000000	
00674C7E	LocMTRNukaWorldOnTourLocation	Nuka-World On Tour	5	0001CA8B:LocRegionMTR:KYWD	0033FE91:LocTypeFastTravelDestination:KYWD	003D5B64:LocLootScaleLarge:KYWD	004E8561:LocThemeAmusementPark:KYWD	0067B5DA:Music_Type_Event_NWOT:KYWD									0																																																																																																																																					0	0	0	None	0	002EE567:SubRegionMountainRemoval03Location:The Ash Heap	0.000000	1.000000	
006750F3	DebugDavidBLocation	David Debug Cell	0														0																																																																																																																																					0	0	0	None	0		0.000000	1.000000	
0067A350	E09B_Wheel_Twist_Imposter	Imposter	1	00180819:EMSIgnoredLocation:KYWD													0																																																																																																																																					0	0	0	None	0		0.000000	1.000000	
0067A351	E09B_Wheel_Twist_ExplosiveFriends	Explosive Friends	1	00180819:EMSIgnoredLocation:KYWD													0																																																																																																																																					0	0	0	None	0		0.000000	1.000000	
0067A34F	E09B_Wheel_Twist_BottlePinata	Bottle Pinata	1	00180819:EMSIgnoredLocation:KYWD													0																																																																																																																																					0	0	0	None	0		0.000000	1.000000	
0067A352	E09B_Wheel_Twist_CappyHunt	Cappy Hunt	1	00180819:EMSIgnoredLocation:KYWD													0																																																																																																																																					0	0	0	None	0		0.000000	1.000000	
0067A52A	E09B_Wheel_Twist_BrahminTipping	Brahmin Tipping	1	00180819:EMSIgnoredLocation:KYWD													0																																																																																																																																					0	0	0	None	0		0.000000	1.000000	
0067A526	E09B_Wheel_Combat_SillySounds	Silly Sounds	1	00180819:EMSIgnoredLocation:KYWD													0																																																																																																																																					0	0	0	None	0		0.000000	1.000000	
0067A52B	E09B_Wheel_Twist_ChickenChase	Chicken Chase	1	00180819:EMSIgnoredLocation:KYWD													0																																																																																																																																					0	0	0	None	0		0.000000	1.000000	
0067A52C	E09B_Wheel_Twist_KeepMoving	Keep Moving	1	00180819:EMSIgnoredLocation:KYWD													0																																																																																																																																					0	0	0	None	0		0.000000	1.000000	
0067A527	E09B_Wheel_Combat_ExplosiveFinish	Explosive Finish	1	00180819:EMSIgnoredLocation:KYWD													0																																																																																																																																					0	0	0	None	0		0.000000	1.000000	
0067A528	E09B_Wheel_Combat_Electric	Electric	1	00180819:EMSIgnoredLocation:KYWD													0																																																																																																																																					0	0	0	None	0		0.000000	1.000000	
0067A529	zzz_E09B_Wheel_CombatTwistName4	Nuka Cola	1	00180819:EMSIgnoredLocation:KYWD													0																																																																																																																																					0	0	0	None	0		0.000000	1.000000	
0067A954	SheltersLocation_PiitTrench01	Neighborhood Square Shelter	1	007BD03F:LocTypeFishingExcluded:KYWD													1	WorkshopBudgetLocation	700.000000																																																																																																																																			0	0	0	None	1		0.000000	1.000000	
0067B61E	E09B_Wheel_Combat_NukaCola	Nuka Cola	1	00180819:EMSIgnoredLocation:KYWD													0																																																																																																																																					0	0	0	None	0		0.000000	1.000000	
0068083E	SheltersLocation_StorageFacility	Vault Storage Facility Shelter	1	007BD03F:LocTypeFishingExcluded:KYWD													1	WorkshopBudgetLocation	700.000000																																																																																																																																			0	0	0	None	1		0.000000	1.000000	
0069623F	SheltersLocation_NuclearTestBunker	Nuclear Test Bunker	1	007BD03F:LocTypeFishingExcluded:KYWD													1	WorkshopBudgetLocation	700.000000																																																																																																																																			0	0	0	None	1		0.000000	1.000000	
00690694	zzz_MOON_Herd_LOC	RMTestMap	0														0																																																																																																																																					0	0	0	None	0		0.000000	1.000000	
006975E6	SCORE_S13_SheltersLocation_SoundStage	Sound Stage Entrance	0														3	WorkshopBuildRadius	2700.000000		WorkshopBudgetLocation	700.000000		WorkshopBuildHeight	2000.000000																																																																																																																													0	0	0	None	1		0.000000	1.000000	
006B8757	SheltersLocation_ToxicWasteland	Nuclear Test Bunker	1	007BD03F:LocTypeFishingExcluded:KYWD													1	WorkshopBudgetLocation	1500.000000																																																																																																																																			0	0	0	None	1		0.000000	1.000000	
006C88EA	DebugFKhanLocation	FKhanTestCell	0														0																																																																																																																																					0	0	1	None	99		0.000000	1.000000	
006DC90D	SheltersLocation_RootCellar	Root Cellar	1	007BD03F:LocTypeFishingExcluded:KYWD													1	WorkshopBudgetLocation	700.000000																																																																																																																																			0	0	0	None	1		0.000000	1.000000	
006C27FD	76CharGen06Location	Vault 76	1	005912D5:76CharGenLocationKeyword:KYWD													0																																																																																																																																					0	0	0	None	1		0.000000	1.000000	
006F779C	DebugJeffULocation01	DebugJeffULocation01	0														0																																																																																																																																					0	0	0	None	0		0.000000	1.000000	
006F898E	DebugJeffULocation02	DebugJeffULocation01	0														0																																																																																																																																					0	0	0	None	0		0.000000	1.000000	
00678789	XPD_RttP01_SteelTower_Location	Steel Tower	6	00003954:LocTypeInteriorCell:KYWD	003D5B64:LocLootScaleLarge:KYWD	004E855C:LocThemeWorkingClass:KYWD	0057E1EC:LocTypeInstancedCell:KYWD	0062D325:LocRegionPitt:KYWD	0062D326:LocTypeExpedition:KYWD								0																																																																																																																																					0	0	0	None	0	006274EB:XPD_Pitt01_Exterior_Location:The Pitt	0.000000	1.000000	
0067878A	XPD_Pitt02_ACCJ_Location	Purgatory	6	00003954:LocTypeInteriorCell:KYWD	003D5B64:LocLootScaleLarge:KYWD	004E855C:LocThemeWorkingClass:KYWD	0057E1EC:LocTypeInstancedCell:KYWD	0062D325:LocRegionPitt:KYWD	0062D326:LocTypeExpedition:KYWD								0																																																																																																																																					0	0	0	None	0	0064828C:XPD_Pitt02_Exterior_Location:The Trench	0.000000	1.000000	
006AFE12	XPD_AC02_Boardwalk_Location	Boardwalk	6	00003954:LocTypeInteriorCell:KYWD	003D4B10:LocLootScaleMedium:KYWD	004E8561:LocThemeAmusementPark:KYWD	0057E1EC:LocTypeInstancedCell:KYWD	0062D326:LocTypeExpedition:KYWD	006AFE11:LocRegionAC:KYWD								0																																																																																																																																					0	0	0	None	0	006AFE15:RegionACLocation:Atlantic City	0.000000	1.000000	
006AFE13	XPD_AC02_Aquarium_Location	Aquarium of the Atlantic	6	00003954:LocTypeInteriorCell:KYWD	003D5B64:LocLootScaleLarge:KYWD	004E8561:LocThemeAmusementPark:KYWD	0057E1EC:LocTypeInstancedCell:KYWD	0062D326:LocTypeExpedition:KYWD	006AFE11:LocRegionAC:KYWD								0																																																																																																																																					0	0	0	None	0	006AFE14:XPD_AC02_Pier_Location:Showman's Pier	0.000000	1.000000	
006AFE14	XPD_AC02_Pier_Location	Showman's Pier	6	00003954:LocTypeInteriorCell:KYWD	003D5B63:LocLootScaleSmall:KYWD	004E8561:LocThemeAmusementPark:KYWD	0057E1EC:LocTypeInstancedCell:KYWD	0062D326:LocTypeExpedition:KYWD	006AFE11:LocRegionAC:KYWD								0																																																																																																																																					0	0	0	None	0	006AFE12:XPD_AC02_Boardwalk_Location:Boardwalk	0.000000	1.000000	
006AFE15	RegionACLocation	Atlantic City	4	0009B044:LocTypeRegion:KYWD	00180819:EMSIgnoredLocation:KYWD	006AFE11:LocRegionAC:KYWD	007BD03F:LocTypeFishingExcluded:KYWD										0																																																																																																																																					0	0	15	None	99	0001558C:AppalachiaLocation:Appalachia	0.000000	1.000000	
006B5535	XPD_AC03_Casino_Location	Casino	6	00003954:LocTypeInteriorCell:KYWD	003D5B64:LocLootScaleLarge:KYWD	004E8560:LocThemeWealthy:KYWD	0057E1EC:LocTypeInstancedCell:KYWD	0062D326:LocTypeExpedition:KYWD	006AFE11:LocRegionAC:KYWD								0																																																																																																																																					0	0	0	None	0	006B5533:XPD_AC03_Entertainment_District_Location:Casino Quarter	0.000000	1.000000	
006B5533	XPD_AC03_Entertainment_District_Location	Casino Quarter	6	00003954:LocTypeInteriorCell:KYWD	003D4B10:LocLootScaleMedium:KYWD	004E8560:LocThemeWealthy:KYWD	0057E1EC:LocTypeInstancedCell:KYWD	0062D326:LocTypeExpedition:KYWD	006AFE11:LocRegionAC:KYWD								0																																																																																																																																					0	0	0	None	0	006AFE15:RegionACLocation:Atlantic City	0.000000	1.000000	
006B5536	XPD_AC02_City_Hall_Location	City Hall	6	00003954:LocTypeInteriorCell:KYWD	003D5B63:LocLootScaleSmall:KYWD	004E855B:LocThemeGeneral:KYWD	0057E1EC:LocTypeInstancedCell:KYWD	0062D326:LocTypeExpedition:KYWD	006AFE11:LocRegionAC:KYWD								0																																																																																																																																					0	0	0	None	0	006B5537:XPD_AC02_Flooded_City_Location:Flooded City Center	0.000000	1.000000	
006B5538	XPD_AC02_Community_Center_Location	Community Center	6	00003954:LocTypeInteriorCell:KYWD	003D5B64:LocLootScaleLarge:KYWD	004E855B:LocThemeGeneral:KYWD	0057E1EC:LocTypeInstancedCell:KYWD	0062D326:LocTypeExpedition:KYWD	006AFE11:LocRegionAC:KYWD								0																																																																																																																																					0	0	0	None	0	006B5537:XPD_AC02_Flooded_City_Location:Flooded City Center	0.000000	1.000000	
006B5534	XPD_AC03_Night_Club_Location	Night Club	6	00003954:LocTypeInteriorCell:KYWD	003D5B63:LocLootScaleSmall:KYWD	004E8560:LocThemeWealthy:KYWD	0057E1EC:LocTypeInstancedCell:KYWD	0062D326:LocTypeExpedition:KYWD	006AFE11:LocRegionAC:KYWD								0																																																																																																																																					0	0	0	None	0	006B5533:XPD_AC03_Entertainment_District_Location:Casino Quarter	0.000000	1.000000	
006B5537	XPD_AC02_Flooded_City_Location	Flooded City Center	6	00003954:LocTypeInteriorCell:KYWD	003D4B10:LocLootScaleMedium:KYWD	004E855B:LocThemeGeneral:KYWD	0057E1EC:LocTypeInstancedCell:KYWD	0062D326:LocTypeExpedition:KYWD	006AFE11:LocRegionAC:KYWD								0																																																																																																																																					0	0	0	None	0	006AFE15:RegionACLocation:Atlantic City	0.000000	1.000000	
006F8F5D	LocMountainsTheRoseRoomInteriorLocation	The Rose Room	8	00064EDE:LocTypeClearable:KYWD	001789F7:LocRegionMountain:KYWD	0033FE91:LocTypeFastTravelDestination:KYWD	0037FA7F:LocTypeDungeonPOI:KYWD	00396B77:LocTypeDungeon:KYWD	003D5B62:LocLootScalePOI:KYWD	004E8560:LocThemeWealthy:KYWD	0055C697:DungeonTypeHouse:KYWD						1	ESSChanceMainScorched	5.000000																																																																																																																																			0	0	0	None	0	002F70F3:SubRegionMountains07Location:Savage Divide	0.000000	1.000000	
006F8B47	SheltersLocation_Suburbia	Suburbia	2	005912D5:76CharGenLocationKeyword:KYWD	007BD03F:LocTypeFishingExcluded:KYWD												1	WorkshopBudgetLocation	1500.000000																																																																																																																																			0	0	0	None	1		0.000000	1.000000	
006F8B46	LocForestCultistCaveInteriorLocation	Organ Cave	10	00003954:LocTypeInteriorCell:KYWD	0001564F:LocRegionForestFloodlands:KYWD	00064EDE:LocTypeClearable:KYWD	0033FE91:LocTypeFastTravelDestination:KYWD	00396B77:LocTypeDungeon:KYWD	003D4B10:LocLootScaleMedium:KYWD	0051ABD4:LocThemeCultist:KYWD	0055C69A:DungeonTypeMine:KYWD	0055F245:LocEncMainCultist:KYWD	00804F7D:LocTypeFishingLocalLegend:KYWD				4	ESSChanceSubMolerats	5.000000		ESSChanceSubRats	5.000000		ESSChanceSubRadAnt	5.000000		ESSChanceSubCaveCricket	5.000000																																																																																																																										0	0	0	None	0	0072630C:LocForestCultistCaveSouthLocation:Organ Cave South	0.000000	1.000000	
006FCE66	LocForestForwardStationTangoLocation	Forward Station Tango	7	0001564F:LocRegionForestFloodlands:KYWD	0033FE91:LocTypeFastTravelDestination:KYWD	0037FA7F:LocTypeDungeonPOI:KYWD	00396B77:LocTypeDungeon:KYWD	003D5B62:LocLootScalePOI:KYWD	004E856B:LocThemeBoS:KYWD	0055C693:DungeonTypeCamp:KYWD							0																																																																																																																																					0	0	0	None	0	002EE52E:SubRegionForestFloodlands12LocationLOW:The Forest	0.000000	1.000000	
006FCE67	LocForestFoundationOutpost	Foundation Outpost	7	0001564F:LocRegionForestFloodlands:KYWD	0033FE91:LocTypeFastTravelDestination:KYWD	0037FA7F:LocTypeDungeonPOI:KYWD	00396B77:LocTypeDungeon:KYWD	003D5B62:LocLootScalePOI:KYWD	004E8569:LocThemeOutdoors:KYWD	0055C693:DungeonTypeCamp:KYWD							0																																																																																																																																					0	0	0	None	0	002EE526:SubRegionForestFloodlands07LocationLOW:The Forest	0.000000	1.000000	
006FCE68	LocForestCraterOutpostLocation	Crater Forest Outpost	7	0001564F:LocRegionForestFloodlands:KYWD	0033FE91:LocTypeFastTravelDestination:KYWD	0037FA7F:LocTypeDungeonPOI:KYWD	00396B77:LocTypeDungeon:KYWD	003D5B62:LocLootScalePOI:KYWD	004E8564:LocThemeRaider:KYWD	0055C693:DungeonTypeCamp:KYWD							0																																																																																																																																					0	0	0	None	0	002EE526:SubRegionForestFloodlands07LocationLOW:The Forest	0.000000	1.000000	
0072630C	LocForestCultistCaveSouthLocation	Organ Cave South	8	0001564F:LocRegionForestFloodlands:KYWD	00064EDE:LocTypeClearable:KYWD	0033FE91:LocTypeFastTravelDestination:KYWD	00396B77:LocTypeDungeon:KYWD	003D5B63:LocLootScaleSmall:KYWD	0051ABD4:LocThemeCultist:KYWD	0055C69A:DungeonTypeMine:KYWD	0055F245:LocEncMainCultist:KYWD						0																																																																																																																																					0	0	0	None	0	002EE526:SubRegionForestFloodlands07LocationLOW:The Forest	0.000000	1.000000	
00729CAD	LocForestCultistCaveWestLocation	Organ Cave South	8	0001564F:LocRegionForestFloodlands:KYWD	00064EDE:LocTypeClearable:KYWD	0033FE91:LocTypeFastTravelDestination:KYWD	00396B77:LocTypeDungeon:KYWD	003D5B63:LocLootScaleSmall:KYWD	0051ABD4:LocThemeCultist:KYWD	0055C69A:DungeonTypeMine:KYWD	0055F245:LocEncMainCultist:KYWD						0																																																																																																																																					0	0	0	None	0	002EE526:SubRegionForestFloodlands07LocationLOW:The Forest	0.000000	1.000000	
00729CAC	LocForestCultistCaveNorthLocation	Organ Cave South	8	0001564F:LocRegionForestFloodlands:KYWD	00064EDE:LocTypeClearable:KYWD	0033FE91:LocTypeFastTravelDestination:KYWD	00396B77:LocTypeDungeon:KYWD	003D5B63:LocLootScaleSmall:KYWD	0051ABD4:LocThemeCultist:KYWD	0055C69A:DungeonTypeMine:KYWD	0055F245:LocEncMainCultist:KYWD						0																																																																																																																																					0	0	0	None	0	002EE526:SubRegionForestFloodlands07LocationLOW:The Forest	0.000000	1.000000	
00731EB5	LocForestBlueRidgeEncampmentLocation	Blue Ridge Encampment	5	0001564F:LocRegionForestFloodlands:KYWD	0033FE91:LocTypeFastTravelDestination:KYWD	003D5B62:LocLootScalePOI:KYWD	004E8569:LocThemeOutdoors:KYWD	0055C693:DungeonTypeCamp:KYWD									0																																																																																																																																					0	0	0	None	0	002EE526:SubRegionForestFloodlands07LocationLOW:The Forest	0.000000	1.000000	
00739AF3	SheltersLocation_HighStakes	High Stakes Shelter	1	007BD03F:LocTypeFishingExcluded:KYWD													1	WorkshopBudgetLocation	700.000000																																																																																																																																			0	0	0	None	1		0.000000	1.000000	
00735882	XPD_Pitt01_DailyOpsDungeon_Location	The Foundry	7	00003954:LocTypeInteriorCell:KYWD	003D5B64:LocLootScaleLarge:KYWD	004E855C:LocThemeWorkingClass:KYWD	0057E1EC:LocTypeInstancedCell:KYWD	005ADD9E:LocTypeDailyOps:KYWD	0062D325:LocRegionPitt:KYWD	0062D326:LocTypeExpedition:KYWD							0																																																																																																																																					0	0	0	None	0	006274EB:XPD_Pitt01_Exterior_Location:The Pitt	0.000000	1.000000	
00735885	LocForestArktosPharmaLabDungeonLocation_Copy01	Arktos Pharma Biome Lab	5	00003954:LocTypeInteriorCell:KYWD	0001564F:LocRegionForestFloodlands:KYWD	003D4B10:LocLootScaleMedium:KYWD	004E856A:LocThemeMedical:KYWD	005ADD9E:LocTypeDailyOps:KYWD									0																																																																																																																																					0	0	15	None	99	0011293A:LocForestArktosPharmaLocation:Arktos Pharma	0.000000	1.000000	
0073FD08	XPD_AC02_Aquarium_DailyOpsDungeon_Location	Aquarium of the Atlantic	7	00003954:LocTypeInteriorCell:KYWD	003D5B64:LocLootScaleLarge:KYWD	004E8561:LocThemeAmusementPark:KYWD	0057E1EC:LocTypeInstancedCell:KYWD	005ADD9E:LocTypeDailyOps:KYWD	0062D326:LocTypeExpedition:KYWD	006AFE11:LocRegionAC:KYWD							0																																																																																																																																					0	0	0	None	0	006AFE14:XPD_AC02_Pier_Location:Showman's Pier	0.000000	1.000000	
00745349	LocToxicSurlysShackLocation	Surly's Shack	5	00064EDE:LocTypeClearable:KYWD	00088AAB:LocRegionToxicValley:KYWD	0033FE91:LocTypeFastTravelDestination:KYWD	003D5B63:LocLootScaleSmall:KYWD	004E8560:LocThemeWealthy:KYWD									1	ESSChanceMainMutationsLARGE	5.000000																																																																																																																																			0	0	0	Workshop	0	002F707C:SubRegionToxicValley01Location:Toxic Valley	0.000000	1.000000	
0074534A	LocToxicSurlysShackInteriorLocation	Surly's Shack	6	00003954:LocTypeInteriorCell:KYWD	00064EDE:LocTypeClearable:KYWD	00088AAB:LocRegionToxicValley:KYWD	0033FE91:LocTypeFastTravelDestination:KYWD	003D5B63:LocLootScaleSmall:KYWD	004E8560:LocThemeWealthy:KYWD								1	ESSChanceMainMutationsLARGE	5.000000																																																																																																																																			0	0	0	Workshop	0	002F707C:SubRegionToxicValley01Location:Toxic Valley	0.000000	1.000000	
0074DC98	SheltersLocation_Flatlands	The Flatlands	1	007BD03F:LocTypeFishingExcluded:KYWD													1	WorkshopBudgetLocation	1500.000000																																																																																																																																			0	0	0	None	1		0.000000	1.000000	
0076DBEA	LocSwampCrevasseDamLocation_Copy01	Raider Cave 03	7	0001CA8C:LocRegionSwampForest:KYWD	00064EDE:LocTypeClearable:KYWD	0033FE91:LocTypeFastTravelDestination:KYWD	0037FA7F:LocTypeDungeonPOI:KYWD	00396B77:LocTypeDungeon:KYWD	003D5B63:LocLootScaleSmall:KYWD	004E8564:LocThemeRaider:KYWD							0																																																																																																																																					0	0	0	None	0	002F706C:SubRegionSwamp05Location:Mire	0.000000	1.000000	
0076E73F	LocSwampMireseyeLocation	Mire's Eye	6	0001CA8C:LocRegionSwampForest:KYWD	00064EDE:LocTypeClearable:KYWD	0033FE91:LocTypeFastTravelDestination:KYWD	0037FA7F:LocTypeDungeonPOI:KYWD	003D5B62:LocLootScalePOI:KYWD	0055C6A2:DungeonTypeCave:KYWD								0																																																																																																																																					0	0	1	None	99	002F7068:SubRegionSwamp01Location:Mire	0.000000	1.000000	
006923E8	RegionStormLocation	Skyline Valley	3	0009B044:LocTypeRegion:KYWD	00180819:EMSIgnoredLocation:KYWD	006923E7:LocRegionStorm:KYWD											0																																																																																																																																					0	0	0	None	0	0001558C:AppalachiaLocation:Appalachia	0.000000	1.000000	
006A9E8D	Storm_BossTestLocation	Storm Boss Test	0														0																																																																																																																																					0	0	0	None	0		0.000000	1.000000	
006AD505	Storm_76TestQDJP_Location		0														0																																																																																																																																					0	0	0	None	0		0.000000	1.000000	
006B967F	LocStormDarkwoodManorLocation	Dark Hollow Manor	4	0033FE91:LocTypeFastTravelDestination:KYWD	003D5B64:LocLootScaleLarge:KYWD	004E855D:LocThemeWhiteCollar:KYWD	006923E7:LocRegionStorm:KYWD										0																																																																																																																																					0	0	20	None	99	006923E8:RegionStormLocation:Skyline Valley	0.000000	1.000000	
006B9680	LocStormRobinsonRangerStationLocation	Shenandoah Visitor Center	4	0033FE91:LocTypeFastTravelDestination:KYWD	003D4B10:LocLootScaleMedium:KYWD	004E8569:LocThemeOutdoors:KYWD	006923E7:LocRegionStorm:KYWD										0																																																																																																																																					0	0	20	None	99	006923E8:RegionStormLocation:Skyline Valley	0.000000	1.000000	
006B9681	LocStormSkylineDriveEntranceLocation	Skyline Drive Entrance	5	00164169:LocTypeCheckpoint:KYWD	0033FE91:LocTypeFastTravelDestination:KYWD	003D5B63:LocLootScaleSmall:KYWD	004E855B:LocThemeGeneral:KYWD	006923E7:LocRegionStorm:KYWD									3	ESSChanceMainGhouls	5.000000		ESSChanceMainInsects	5.000000		ESSChanceCritterACat	5.000000																																																																																																																													0	0	20	None	99	006923E8:RegionStormLocation:Skyline Valley	0.000000	1.000000	
006B9682	LocStormCampRapidanLocation	Rapidan Camp	6	0033FE91:LocTypeFastTravelDestination:KYWD	00396B77:LocTypeDungeon:KYWD	003D5B63:LocLootScaleSmall:KYWD	004E855D:LocThemeWhiteCollar:KYWD	0055C69F:DungeonTypeResort:KYWD	006923E7:LocRegionStorm:KYWD								0																																																																																																																																					0	0	20	None	99	006923E8:RegionStormLocation:Skyline Valley	0.000000	1.000000	
006B9683	LocStormWeatherStationLocation	Hawksbill Weather Station	3	0033FE91:LocTypeFastTravelDestination:KYWD	004E855B:LocThemeGeneral:KYWD	006923E7:LocRegionStorm:KYWD											0																																																																																																																																					0	0	20	None	99	00748A56:SubRegionStorm02Location:Shenandoah National Park	0.000000	1.000000	
006B9684	LocStormVaultCovoyLocation	Abandoned Convoy	4	0033FE91:LocTypeFastTravelDestination:KYWD	00396B77:LocTypeDungeon:KYWD	004E855B:LocThemeGeneral:KYWD	006923E7:LocRegionStorm:KYWD										0																																																																																																																																					0	0	20	None	99	006923E8:RegionStormLocation:Skyline Valley	0.000000	1.000000	
006B9685	LocStormWoodstockTowerLocation	Stony Man Lookout	5	00064EDE:LocTypeClearable:KYWD	0033FE91:LocTypeFastTravelDestination:KYWD	003D5B62:LocLootScalePOI:KYWD	004E855B:LocThemeGeneral:KYWD	006923E7:LocRegionStorm:KYWD									0																																																																																																																																					0	0	20	None	99	006923E8:RegionStormLocation:Skyline Valley	0.000000	1.000000	
006B9686	LocStormMakeoutPointLocation	Makeout Point	6	0033FE91:LocTypeFastTravelDestination:KYWD	0037FA7F:LocTypeDungeonPOI:KYWD	003D5B62:LocLootScalePOI:KYWD	004E855B:LocThemeGeneral:KYWD	006923E7:LocRegionStorm:KYWD	0091A07C:SDOW_LocEncMainSlashers:KYWD								2	ESSChanceMainInsects	5.000000		ESSChanceMainWolf	5.000000																																																																																																																																0	0	20	None	99	006923E8:RegionStormLocation:Skyline Valley	0.000000	1.000000	
006B9688	LocStormSummerCampLocation	Camp Liberty	4	0033FE91:LocTypeFastTravelDestination:KYWD	003D4B10:LocLootScaleMedium:KYWD	004E855B:LocThemeGeneral:KYWD	006923E7:LocRegionStorm:KYWD										0																																																																																																																																					0	0	20	None	99	006923E8:RegionStormLocation:Skyline Valley	0.000000	1.000000	
006B9689	LocStormTradingPostLocation	The Trading Post	4	0033FE91:LocTypeFastTravelDestination:KYWD	003D5B63:LocLootScaleSmall:KYWD	004E855B:LocThemeGeneral:KYWD	006923E7:LocRegionStorm:KYWD										0																																																																																																																																					0	0	20	None	99	006923E8:RegionStormLocation:Skyline Valley	0.000000	1.000000	
006B968A	LocStormCultistTunnelsLocation	Old Crimora Mines	3	0033FE91:LocTypeFastTravelDestination:KYWD	0051ABD4:LocThemeCultist:KYWD	006923E7:LocRegionStorm:KYWD											0																																																																																																																																					0	0	20	None	99	00750F62:SubRegionStorm13Location:Shenandoah National Park	0.000000	1.000000	
006B968B	LocStormRedRocketMotelLocation	The Slumber Mill Motel	4	0033FE91:LocTypeFastTravelDestination:KYWD	003D4B10:LocLootScaleMedium:KYWD	004E8568:LocThemeRedRocket:KYWD	006923E7:LocRegionStorm:KYWD										0																																																																																																																																					0	0	20	None	99	006923E8:RegionStormLocation:Skyline Valley	0.000000	1.000000	
006B968C	LocStormFederalNatrualGasFieldNG17Location	Big Meadows Gas Well	5	0033FE91:LocTypeFastTravelDestination:KYWD	003D5B63:LocLootScaleSmall:KYWD	004E855C:LocThemeWorkingClass:KYWD	004E8563:LocThemeMiner:KYWD	006923E7:LocRegionStorm:KYWD									0																																																																																																																																					0	0	20	None	99	006923E8:RegionStormLocation:Skyline Valley	0.000000	1.000000	
006B968D	LocStormHighKnobFireTowerLocation	High Knob Lookout	8	0033FE91:LocTypeFastTravelDestination:KYWD	0037FA7F:LocTypeDungeonPOI:KYWD	00396B77:LocTypeDungeon:KYWD	003D5B63:LocLootScaleSmall:KYWD	004E8564:LocThemeRaider:KYWD	0055C693:DungeonTypeCamp:KYWD	005723C8:LocEncMainBloodEagles:KYWD	006923E7:LocRegionStorm:KYWD						0																																																																																																																																					0	0	20	None	99	006923E8:RegionStormLocation:Skyline Valley	0.000000	1.000000	
006BBE89	LocStormCrashedScoutsBusLocation	South River Bridge	5	0033FE91:LocTypeFastTravelDestination:KYWD	0037FA7F:LocTypeDungeonPOI:KYWD	003D5B62:LocLootScalePOI:KYWD	004E8569:LocThemeOutdoors:KYWD	006923E7:LocRegionStorm:KYWD									0																																																																																																																																					0	0	20	None	99	006923E8:RegionStormLocation:Skyline Valley	0.000000	1.000000	
006BBE8A	LocStormBlueRidgeCampLocation	Naked Creek	7	000067DB:LocEncMainYaoGuai:KYWD	0033FE91:LocTypeFastTravelDestination:KYWD	0037FA7F:LocTypeDungeonPOI:KYWD	00396B77:LocTypeDungeon:KYWD	003D5B62:LocLootScalePOI:KYWD	004E855C:LocThemeWorkingClass:KYWD	006923E7:LocRegionStorm:KYWD							0																																																																																																																																					0	0	20	None	99	006923E8:RegionStormLocation:Skyline Valley	0.000000	1.000000	
006BBE88	LocStormHallucinogenicCaveLocation	Shining Creek Cavern	4	0033FE91:LocTypeFastTravelDestination:KYWD	003D4B10:LocLootScaleMedium:KYWD	004E8563:LocThemeMiner:KYWD	006923E7:LocRegionStorm:KYWD										0																																																																																																																																					0	0	20	None	99	0075119A:SubRegionStorm12Location:Shenandoah National Park	0.000000	1.000000	
006C4A88	LocStormRadioactiveWasteSiteLocation	Hemlock Springs Dump	5	000581DB:LocEncMainMirelurks:KYWD	0033FE91:LocTypeFastTravelDestination:KYWD	003D5B62:LocLootScalePOI:KYWD	004E855C:LocThemeWorkingClass:KYWD	006923E7:LocRegionStorm:KYWD									2	ESSChanceMainMirelurks	5.000000		EMSChanceVariantNormal	45.000000																																																																																																																																0	0	20	None	99	006923E8:RegionStormLocation:Skyline Valley	0.000000	1.000000	
006C4A89	LocStormSkyboundTowerLocation	Old Rag Lookout	8	00064EDE:LocTypeClearable:KYWD	0033FE91:LocTypeFastTravelDestination:KYWD	0037FA7F:LocTypeDungeonPOI:KYWD	00396B77:LocTypeDungeon:KYWD	003D5B63:LocLootScaleSmall:KYWD	004E8569:LocThemeOutdoors:KYWD	0055C6A1:DungeonTypeLookoutTower:KYWD	006923E7:LocRegionStorm:KYWD						4	ESSChanceMainMolerats	5.000000		ESSChanceMainRats	5.000000		ESSChanceMainWolf	5.000000		ESSChanceMainRadroach	5.000000																																																																																																																										0	0	20	None	99	006923E8:RegionStormLocation:Skyline Valley	0.000000	1.000000	
006CA3BE	LocStormVlt63EngineeringInteriorLocation	Vault 63 Engineering Sector	4	0009B044:LocTypeRegion:KYWD	003D4B10:LocLootScaleMedium:KYWD	006923E7:LocRegionStorm:KYWD	007BD03F:LocTypeFishingExcluded:KYWD										0																																																																																																																																					0	0	0	None	0	006923E8:RegionStormLocation:Skyline Valley	0.000000	1.000000	
006CA3BD	LocStormHallucinogenicCaveInteriorLocation	Shining Creek Cavern	4	00003954:LocTypeInteriorCell:KYWD	003D4B10:LocLootScaleMedium:KYWD	006923E7:LocRegionStorm:KYWD	007BD03F:LocTypeFishingExcluded:KYWD										1	ESSChanceMainGhouls	5.000000																																																																																																																																			0	0	0	None	0	006BBE88:LocStormHallucinogenicCaveLocation:Shining Creek Cavern	0.000000	1.000000	
006CE4CC	Storm_organicsVault	Storm Organics	0														0																																																																																																																																					0	0	0	None	0		0.000000	1.000000	
006D7469	LocStormCultistTunnelsInterorLocation	Old Crimora Mines	8	00003954:LocTypeInteriorCell:KYWD	0004F21B:LocTypeSubterranean:KYWD	0033FE91:LocTypeFastTravelDestination:KYWD	00396B77:LocTypeDungeon:KYWD	003D4B10:LocLootScaleMedium:KYWD	0051ABD4:LocThemeCultist:KYWD	006923E7:LocRegionStorm:KYWD	007BD03F:LocTypeFishingExcluded:KYWD						0																																																																																																																																					0	0	0	None	0	006B968A:LocStormCultistTunnelsLocation:Old Crimora Mines	0.000000	1.000000	
006D7FBE	LocStormVault63AtriumLocation	Vault 63 Atrium	8	00003954:LocTypeInteriorCell:KYWD	00022611:LocTypeSettlement:KYWD	0033FE91:LocTypeFastTravelDestination:KYWD	003D4B10:LocLootScaleMedium:KYWD	004E8566:LocThemeVaultTec:KYWD	0057E1EC:LocTypeInstancedCell:KYWD	006923E7:LocRegionStorm:KYWD	007BD03F:LocTypeFishingExcluded:KYWD						0																																																																																																																																					0	0	20	None	99	006B967F:LocStormDarkwoodManorLocation:Dark Hollow Manor	0.000000	1.000000	
006D8B27	LocStormOrganicsVault	Vault 63 Organics Sector	7	0004F21B:LocTypeSubterranean:KYWD	00396B77:LocTypeDungeon:KYWD	003D5B64:LocLootScaleLarge:KYWD	004E8566:LocThemeVaultTec:KYWD	0057E1EC:LocTypeInstancedCell:KYWD	006923E7:LocRegionStorm:KYWD	007BD03F:LocTypeFishingExcluded:KYWD							0																																																																																																																																					0	0	0	None	0	006923E8:RegionStormLocation:Skyline Valley	0.000000	1.000000	
006D9DE7	LocStormCampRapidanBunkerInteriorLocation	The Presidential Bunker	8	00003954:LocTypeInteriorCell:KYWD	0004F21B:LocTypeSubterranean:KYWD	00396B77:LocTypeDungeon:KYWD	003D5B63:LocLootScaleSmall:KYWD	004E855F:LocThemeMilitary:KYWD	0055C69B:DungeonTypeResearchFacility:KYWD	0057E1EC:LocTypeInstancedCell:KYWD	006923E7:LocRegionStorm:KYWD						0																																																																																																																																					0	0	20	None	99	006B9682:LocStormCampRapidanLocation:Rapidan Camp	0.000000	1.000000	
006D9DE8	LocStormCampRapidanBrownHouseInteriorLocation	The Brown House	8	00003954:LocTypeInteriorCell:KYWD	00003955:LocTypeHouse:KYWD	00396B77:LocTypeDungeon:KYWD	003D5B63:LocLootScaleSmall:KYWD	004E855D:LocThemeWhiteCollar:KYWD	0055C697:DungeonTypeHouse:KYWD	0057E1EC:LocTypeInstancedCell:KYWD	006923E7:LocRegionStorm:KYWD						0																																																																																																																																					0	0	20	None	99	006B9682:LocStormCampRapidanLocation:Rapidan Camp	0.000000	1.000000	
006E1E2C	LocStormNaturalBridge	Grindstone Arch	4	0033FE91:LocTypeFastTravelDestination:KYWD	003D5B62:LocLootScalePOI:KYWD	004E855B:LocThemeGeneral:KYWD	006923E7:LocRegionStorm:KYWD										0																																																																																																																																					0	0	20	None	99	006923E8:RegionStormLocation:Skyline Valley	0.000000	1.000000	
006E908F	DebugBadenGInstancedLocation	DebugBadenGInstancedLocation	2	00003954:LocTypeInteriorCell:KYWD	0057E1EC:LocTypeInstancedCell:KYWD												0																																																																																																																																					0	0	0	None	0		0.000000	1.000000	
006F7928	LocStormHighKnobFireTowerInteriorLocation	High Knob Lookout	5	00003954:LocTypeInteriorCell:KYWD	003D5B63:LocLootScaleSmall:KYWD	004E8564:LocThemeRaider:KYWD	005723C8:LocEncMainBloodEagles:KYWD	006923E7:LocRegionStorm:KYWD									0																																																																																																																																					0	0	20	None	99	006B968D:LocStormHighKnobFireTowerLocation:High Knob Lookout	0.000000	1.000000	
006F8ABD	LocStormRangerStationBunkerLocation	Park Ranger Radio Bunker	3	0033FE91:LocTypeFastTravelDestination:KYWD	004E8569:LocThemeOutdoors:KYWD	006923E7:LocRegionStorm:KYWD											0																																																																																																																																					0	0	20	None	99	006923E8:RegionStormLocation:Skyline Valley	0.000000	1.000000	
00729729	LocStormRadioBunkerInteriorLocation	Ranger Monitoring Bunker	4	00003954:LocTypeInteriorCell:KYWD	003D5B63:LocLootScaleSmall:KYWD	004E855C:LocThemeWorkingClass:KYWD	006923E7:LocRegionStorm:KYWD										0																																																																																																																																					0	0	20	None	99	006F8ABD:LocStormRangerStationBunkerLocation:Park Ranger Radio Bunker	0.000000	1.000000	
00729728	LocStormVisitorCenterInteriorLocation	Shenandoah Visitor Center	5	00003954:LocTypeInteriorCell:KYWD	003D5B63:LocLootScaleSmall:KYWD	004E855C:LocThemeWorkingClass:KYWD	0055F245:LocEncMainCultist:KYWD	006923E7:LocRegionStorm:KYWD									0																																																																																																																																					0	0	20	None	99	006B9680:LocStormRobinsonRangerStationLocation:Shenandoah Visitor Center	0.000000	1.000000	
0072984B	TestD11Location	Test Area	3	000067D1:LocEncMainScorched:KYWD	000067E6:LocEncSubMirelurks:KYWD	00180819:EMSIgnoredLocation:KYWD											0																																																																																																																																					0	0	0	None	0		0.000000	1.000000	
0072A0A5	LocStormForestVault63CrashSiteLocation	Vault 63 Crash Site	3	0001564F:LocRegionForestFloodlands:KYWD	003D5B62:LocLootScalePOI:KYWD	004E8566:LocThemeVaultTec:KYWD											0																																																																																																																																					0	0	0	Raid	0	002EE554:SubRegionForestFloodlands18Location:The Forest	0.000000	1.000000	
0072B2E8	LocStormWeatherStationInteriorLocation	Vault 63 Meteorology Sector	3	00003954:LocTypeInteriorCell:KYWD	00396B77:LocTypeDungeon:KYWD	006923E7:LocRegionStorm:KYWD											0																																																																																																																																					0	0	20	None	99	006B9683:LocStormWeatherStationLocation:Hawksbill Weather Station	0.000000	1.000000	
0072C017	LocStormVault63AtriumLowerLocation	Vault 63 Residential Sector	5	00003954:LocTypeInteriorCell:KYWD	003D4B10:LocLootScaleMedium:KYWD	004E8566:LocThemeVaultTec:KYWD	0057E1EC:LocTypeInstancedCell:KYWD	006923E7:LocRegionStorm:KYWD									0																																																																																																																																					0	0	20	None	99	006D7FBE:LocStormVault63AtriumLocation:Vault 63 Atrium	0.000000	1.000000	
0072CB20	LocStormTreetopLookout	Treetop Lookout	5	00003954:LocTypeInteriorCell:KYWD	0033FE91:LocTypeFastTravelDestination:KYWD	003D5B62:LocLootScalePOI:KYWD	004E855B:LocThemeGeneral:KYWD	006923E7:LocRegionStorm:KYWD									0																																																																																																																																					0	0	20	None	99	006923E8:RegionStormLocation:Skyline Valley	0.000000	1.000000	
0072D5C6	LocStormLightningHarvesterSiteC	Research Site Rhineland	9	00064EDE:LocTypeClearable:KYWD	0033FE91:LocTypeFastTravelDestination:KYWD	0037FA7F:LocTypeDungeonPOI:KYWD	00396B77:LocTypeDungeon:KYWD	003A5E71:LocEncSupportLarge:KYWD	003D5B63:LocLootScaleSmall:KYWD	004E8567:LocThemeRobCo:KYWD	0055C6A8:DungeonTypeDam:KYWD	006923E7:LocRegionStorm:KYWD					4	ESSChanceSubRobots	5.000000		EMSChanceVariantNormal	45.000000		ESSChanceMainLost	5.000000		ESSChanceSubLost	5.000000																																																																																																																										0	0	0	None	0	00759B56:SubRegionStorm09Location:Shenandoah National Park	0.000000	1.000000	
0072D5C7	LocStormLightningHarvesterSiteB	Research Site Bavaria	8	00064EDE:LocTypeClearable:KYWD	0033FE91:LocTypeFastTravelDestination:KYWD	0037FA7F:LocTypeDungeonPOI:KYWD	003A5E71:LocEncSupportLarge:KYWD	003D5B63:LocLootScaleSmall:KYWD	004E8564:LocThemeRaider:KYWD	0055C69C:DungeonTypeWilderness:KYWD	006923E7:LocRegionStorm:KYWD						4	ESSChanceSubInsect	5.000000		EMSChanceVariantNormal	45.000000		ESSChanceSubRadTurkeyLARGE	5.000000		ESSChanceMainRadTurkeyLARGE	5.000000																																																																																																																										0	0	0	None	0	0075119A:SubRegionStorm12Location:Shenandoah National Park	0.000000	1.000000	
0072D5C8	LocStormLightningHarvesterSiteA	Research Site Saxony	7	00064EDE:LocTypeClearable:KYWD	0033FE91:LocTypeFastTravelDestination:KYWD	0037FA7F:LocTypeDungeonPOI:KYWD	003D5B63:LocLootScaleSmall:KYWD	004E8564:LocThemeRaider:KYWD	0055C69C:DungeonTypeWilderness:KYWD	006923E7:LocRegionStorm:KYWD							3	ESSChanceSubInsect	5.000000		ESSChanceMainSuperMutants	5.000000		EMSChanceVariantNormal	45.000000																																																																																																																													0	0	0	None	0	00750F62:SubRegionStorm13Location:Shenandoah National Park	0.000000	1.000000	
007346A8	LocVault63InteriorLocation	Vault 63	5	00003954:LocTypeInteriorCell:KYWD	00064EDE:LocTypeClearable:KYWD	004E8566:LocThemeVaultTec:KYWD	0057E1EC:LocTypeInstancedCell:KYWD	00729E78:LocEncMainLost:KYWD									0																																																																																																																																					0	0	0	None	0	002EE56A:SubRegionMountainRemoval06Location:The Ash Heap	0.000000	1.000000	
00734C83	LocStormCrossroadLocation	Crossroad	4	0033FE91:LocTypeFastTravelDestination:KYWD	003D5B62:LocLootScalePOI:KYWD	004E855B:LocThemeGeneral:KYWD	006923E7:LocRegionStorm:KYWD										2	ESSChanceMainInsects	5.000000		ESSChanceMainWolf	5.000000																																																																																																																																0	0	20	None	99	006923E8:RegionStormLocation:Skyline Valley	0.000000	1.000000	
0073DA58	LocStormStolzManorInteriorLocation	Manor Foyer	7	00003954:LocTypeInteriorCell:KYWD	00003955:LocTypeHouse:KYWD	003D5B63:LocLootScaleSmall:KYWD	004E855D:LocThemeWhiteCollar:KYWD	0055C697:DungeonTypeHouse:KYWD	0057E1EC:LocTypeInstancedCell:KYWD	006923E7:LocRegionStorm:KYWD							0																																																																																																																																					0	0	0	None	0	006B967F:LocStormDarkwoodManorLocation:Dark Hollow Manor	0.000000	1.000000	
00748774	SubRegionStorm01Location	Shenandoah National Park	3	003A404E:LocTypeSubRegion:KYWD	003CD32C:EMSAllowLoadedReRoll:KYWD	006923E7:LocRegionStorm:KYWD											21	ESSChanceMainViciousDog	25.000000		ESSChanceMainMolerats	25.000000		ESSChanceMainMoleMiner	25.000000		ESSChanceSubViciousDog	25.000000		ESSChanceSubMolerats	25.000000		ESSChanceSubRats	25.000000		ESSChanceSubMoleMiners	25.000000		ESSChanceMainWolf	25.000000		ESSChanceSubWolf	50.000000		ESSChanceCritterAFox	25.000000		ESSChanceCritterARabbit	25.000000		ESSChanceCritterASquirrel	25.000000		ESSChanceCritterBFox	25.000000		ESSChanceCritterBRabbit	25.000000		ESSChanceCritterBSquirrel	25.000000		ESSChanceMainStingwingLARGE	25.000000		ESSChanceMainRadAnt	25.000000		ESSChanceSubRadAnt	25.000000		ESSChanceMainLost	33.000000		ESSChanceSubLost	25.000000		ESSChanceMainRadTurkeyLARGE	25.000000																																																																							0	0	0	None	0	006923E8:RegionStormLocation:Skyline Valley	0.000000	1.000000	
00748A56	SubRegionStorm02Location	Shenandoah National Park	3	003A404E:LocTypeSubRegion:KYWD	003CD32C:EMSAllowLoadedReRoll:KYWD	006923E7:LocRegionStorm:KYWD											23	ESSChanceSubRobots	50.000000		ESSChanceMainViciousDog	25.000000		ESSChanceMainMolerats	25.000000		ESSChanceMainYaoGuaiLARGE	50.000000		ESSChanceMainMoleMiner	25.000000		ESSChanceSubViciousDog	25.000000		ESSChanceSubMolerats	25.000000		ESSChanceSubRats	25.000000		ESSChanceSubMoleMiners	25.000000		ESSChanceMainWolf	25.000000		ESSChanceSubWolf	50.000000		ESSChanceCritterAFox	25.000000		ESSChanceCritterARabbit	25.000000		ESSChanceCritterASquirrel	25.000000		ESSChanceCritterBFox	25.000000		ESSChanceCritterBRabbit	25.000000		ESSChanceCritterBSquirrel	25.000000		ESSChanceMainStingwingLARGE	25.000000		ESSChanceMainRadAnt	25.000000		ESSChanceSubRadAnt	25.000000		ESSChanceMainLost	33.000000		ESSChanceSubLost	25.000000		ESSChanceMainRadTurkeyLARGE	25.000000																																																																	0	0	0	None	0	006923E8:RegionStormLocation:Skyline Valley	0.000000	1.000000	
00749068	SubRegionStorm03Location	Shenandoah National Park	3	003A404E:LocTypeSubRegion:KYWD	003CD32C:EMSAllowLoadedReRoll:KYWD	006923E7:LocRegionStorm:KYWD											11	ESSChanceMainRobots	100.000000		ESSChanceMainViciousDog	25.000000		ESSChanceMainMolerats	25.000000		ESSChanceSubViciousDog	25.000000		ESSChanceSubMolerats	25.000000		ESSChanceSubRats	25.000000		ESSChanceMainWolf	25.000000		ESSChanceSubWolf	25.000000		ESSChanceMainRadAnt	25.000000		ESSChanceSubRadAnt	25.000000		ESSChanceMainLost	33.000000																																																																																																					0	0	0	None	0	006923E8:RegionStormLocation:Skyline Valley	0.000000	1.000000	
0074E1C1	SubRegionStorm04Location	Shenandoah National Park	3	003A404E:LocTypeSubRegion:KYWD	003CD32C:EMSAllowLoadedReRoll:KYWD	006923E7:LocRegionStorm:KYWD											21	ESSChanceMainViciousDog	25.000000		ESSChanceMainMolerats	25.000000		ESSChanceMainMoleMiner	25.000000		ESSChanceSubViciousDog	25.000000		ESSChanceSubMolerats	25.000000		ESSChanceSubRats	25.000000		ESSChanceSubMoleMiners	25.000000		ESSChanceMainWolf	25.000000		ESSChanceSubWolf	50.000000		ESSChanceCritterAFox	25.000000		ESSChanceCritterARabbit	25.000000		ESSChanceCritterASquirrel	25.000000		ESSChanceCritterBFox	25.000000		ESSChanceCritterBRabbit	25.000000		ESSChanceCritterBSquirrel	25.000000		ESSChanceMainStingwingLARGE	25.000000		ESSChanceMainRadAnt	25.000000		ESSChanceSubRadAnt	25.000000		ESSChanceMainLost	35.000000		ESSChanceSubLost	25.000000		ESSChanceMainRadTurkeyLARGE	25.000000																																																																							0	0	0	None	0	006923E8:RegionStormLocation:Skyline Valley	0.000000	1.000000	
0074F482	SubRegionStorm05Location	Shenandoah National Park	3	003A404E:LocTypeSubRegion:KYWD	003CD32C:EMSAllowLoadedReRoll:KYWD	006923E7:LocRegionStorm:KYWD											16	ESSChanceMainRats	75.000000		ESSChanceSubViciousDog	25.000000		ESSChanceSubMolerats	25.000000		ESSChanceSubRats	25.000000		ESSChanceSubMoleMiners	25.000000		ESSChanceSubWolf	25.000000		ESSChanceCritterAFox	25.000000		ESSChanceCritterARabbit	25.000000		ESSChanceCritterASquirrel	25.000000		ESSChanceCritterBFox	25.000000		ESSChanceCritterBRabbit	25.000000		ESSChanceCritterBSquirrel	25.000000		ESSChanceSubRadroach	25.000000		ESSChanceSubRadAnt	25.000000		ESSChanceSubTick	25.000000		ESSChanceSubLost	25.000000																																																																																						0	0	0	None	0	006923E8:RegionStormLocation:Skyline Valley	0.000000	1.000000	
0074FC16	SubRegionStorm10Location	Shenandoah National Park	3	003A404E:LocTypeSubRegion:KYWD	003CD32C:EMSAllowLoadedReRoll:KYWD	006923E7:LocRegionStorm:KYWD											5	ESSChanceSubRadroach	50.000000		ESSChanceSubBloatfly	50.000000		ESSChanceSubTick	50.000000		ESSChanceMainLost	100.000000		ESSChanceMainRadTurkeyLARGE	50.000000																																																																																																																							0	0	0	None	0	006923E8:RegionStormLocation:Skyline Valley	0.000000	1.000000	
00750F62	SubRegionStorm13Location	Shenandoah National Park	3	003A404E:LocTypeSubRegion:KYWD	003CD32C:EMSAllowLoadedReRoll:KYWD	006923E7:LocRegionStorm:KYWD											13	ESSChanceMainInsects	66.000000		ESSChanceMainHoneyBeastLARGE	45.000000		ESSChanceMainMolerats	66.000000		ESSChanceMainRats	66.000000		ESSChanceCritterAFox	66.000000		ESSChanceCritterARadStag	66.000000		ESSChanceCritterBOpposum	33.000000		ESSChanceCritterBRabbit	33.000000		ESSChanceCritterBSquirrel	33.000000		ESSChanceMainBloatfly	66.000000		ESSChanceMainStingwingLARGE	45.000000		ESSChanceCritterBOwlet	33.000000		ESSChanceMainRadTurkeyLARGE	50.000000																																																																																															0	0	0	None	0	006923E8:RegionStormLocation:Skyline Valley	0.000000	1.000000	
0075119A	SubRegionStorm12Location	Shenandoah National Park	3	003A404E:LocTypeSubRegion:KYWD	003CD32C:EMSAllowLoadedReRoll:KYWD	006923E7:LocRegionStorm:KYWD											12	ESSChanceMainInsects	25.000000		ESSChanceMainMirelurks	25.000000		ESSChanceSubDeathclawGIANTONLY	25.000000		ESSChanceCritterABeaver	50.000000		ESSChanceCritterBRadFrog	30.000000		ESSChanceCritterBRadStag	75.000000		ESSChanceMainStingwingLARGE	33.000000		ESSChanceMainTick	25.000000		ESSChanceMainGulperLARGE	33.000000		ESSChanceMainToadLARGE	33.000000		ESSChanceCritterAOwlet	50.000000		ESSChanceMainRadTurkeyLARGE	33.000000																																																																																																		0	0	0	None	0	006923E8:RegionStormLocation:Skyline Valley	0.000000	1.000000	
0075266F	SubRegionStorm06Location	Shenandoah National Park	3	003A404E:LocTypeSubRegion:KYWD	003CD32C:EMSAllowLoadedReRoll:KYWD	006923E7:LocRegionStorm:KYWD											14	ESSChanceSubInsect	25.000000		ESSChanceMainViciousDog	25.000000		ESSChanceMainMolerats	25.000000		ESSChanceSubViciousDog	25.000000		ESSChanceSubMolerats	25.000000		ESSChanceMainWolf	25.000000		ESSChanceSubWolf	25.000000		ESSChanceMainStingwingLARGE	25.000000		ESSChanceMainRadAnt	25.000000		ESSChanceMainRadroach	25.000000		ESSChanceSubRadroach	21.000000		ESSChanceMainLost	30.000000		ESSChanceSubLost	25.000000		ESSChanceMainRadTurkeyLARGE	25.000000																																																																																												0	0	0	None	0	006923E8:RegionStormLocation:Skyline Valley	0.000000	1.000000	
0075876F	SubRegionStorm07Location	Shenandoah National Park	3	003A404E:LocTypeSubRegion:KYWD	003CD32C:EMSAllowLoadedReRoll:KYWD	006923E7:LocRegionStorm:KYWD											9	ESSChanceMainSuperMutants	50.000000		ESSChanceMainViciousDog	50.000000		ESSChanceMainMolerats	50.000000		ESSChanceMainRats	50.000000		ESSChanceMainWolf	50.000000		ESSChanceCritterABeaver	100.000000		ESSChanceMainRadAnt	50.000000		ESSChanceMainLost	50.000000		ESSChanceCritterBRadPheasant	100.000000																																																																																																											0	0	0	None	0	006923E8:RegionStormLocation:Skyline Valley	0.000000	1.000000	
007589E9	SubRegionStorm08Location	Shenandoah National Park	3	003A404E:LocTypeSubRegion:KYWD	003CD32C:EMSAllowLoadedReRoll:KYWD	006923E7:LocRegionStorm:KYWD											9	ESSChanceMainMegaslothGIANTONLY	100.000000		ESSChanceSubViciousDog	50.000000		ESSChanceSubRats	50.000000		ESSChanceMainWolf	50.000000		ESSChanceMainBloodbug	50.000000		ESSChanceMainRadroach	50.000000		ESSChanceSubTick	50.000000		ESSChanceSubLost	50.000000		ESSChanceSubRadTurkeyLARGE	100.000000																																																																																																											0	0	0	None	0	006923E8:RegionStormLocation:Skyline Valley	0.000000	1.000000	
00759B56	SubRegionStorm09Location	Shenandoah National Park	3	003A404E:LocTypeSubRegion:KYWD	003CD32C:EMSAllowLoadedReRoll:KYWD	006923E7:LocRegionStorm:KYWD											12	ESSChanceSubInsect	50.000000		ESSChanceMainViciousDog	50.000000		ESSChanceMainMolerats	50.000000		ESSChanceMainMoleMiner	45.000000		ESSChanceSubWolf	50.000000		ESSChanceCritterAFox	33.000000		ESSChanceCritterAOpposum	33.000000		ESSChanceCritterARabbit	33.000000		ESSChanceCritterASquirrel	33.000000		ESSChanceCritterBRadStag	100.000000		ESSChanceMainRadAnt	50.000000		ESSChanceSubLost	50.000000																																																																																																		0	0	0	None	0	006923E8:RegionStormLocation:Skyline Valley	0.000000	1.000000	
0075AC81	SubRegionStorm16Location	Shenandoah National Park	3	003A404E:LocTypeSubRegion:KYWD	003CD32C:EMSAllowLoadedReRoll:KYWD	006923E7:LocRegionStorm:KYWD											11	ESSChanceMainMolerats	33.000000		ESSChanceMainWolf	33.000000		ESSChanceCritterABeaver	20.000000		ESSChanceCritterAFox	20.000000		ESSChanceCritterAOpposum	20.000000		ESSChanceCritterARabbit	20.000000		ESSChanceCritterASquirrel	20.000000		ESSChanceMainBloatfly	33.000000		ESSChanceMainRadAnt	33.000000		ESSChanceSubBloodbug	33.000000		ESSChanceSubLost	33.000000																																																																																																					0	0	0	None	0	006923E8:RegionStormLocation:Skyline Valley	0.000000	1.000000	
0075C3ED	StormMarysRockTunnelLocation	Mary's Rock Tunnel	4	003D5B63:LocLootScaleSmall:KYWD	003E9D4C:LocEncMainRadroach:KYWD	004E855E:LocThemeWinter:KYWD	006923E7:LocRegionStorm:KYWD										1	ESSChanceMainInsects	5.000000																																																																																																																																			0	0	0	None	0	006923E8:RegionStormLocation:Skyline Valley	0.000000	1.000000	
0075C6CE	SubRegionStorm11Location	Shenandoah National Park	3	003A404E:LocTypeSubRegion:KYWD	003CD32C:EMSAllowLoadedReRoll:KYWD	006923E7:LocRegionStorm:KYWD											14	ESSChanceMainInsects	25.000000		ESSChanceMainMirelurks	25.000000		ESSChanceSubMirelurks	20.000000		ESSChanceSubViciousDog	20.000000		ESSChanceCritterAFirefly	100.000000		ESSChanceMainStingwingLARGE	33.000000		ESSChanceSubBloatfly	20.000000		ESSChanceSubStingwingLARGE	20.000000		ESSChanceMainTick	25.000000		ESSChanceMainGulperLARGE	33.000000		ESSChanceMainToadLARGE	33.000000		ESSChanceSubAnglerLARGE	20.000000		ESSChanceSubRadTurkeyLARGE	25.000000		ESSChanceMainRadTurkeyLARGE	33.000000																																																																																												0	0	0	None	0	006923E8:RegionStormLocation:Skyline Valley	0.000000	1.000000	
0075CB39	SubRegionStorm18Location	Shenandoah National Park	3	003A404E:LocTypeSubRegion:KYWD	003CD32C:EMSAllowLoadedReRoll:KYWD	006923E7:LocRegionStorm:KYWD											10	ESSChanceSubLiberators	50.000000		ESSChanceSubViciousDog	50.000000		ESSChanceSubMolerats	50.000000		ESSChanceMainWolf	50.000000		ESSChanceCritterARabbit	50.000000		ESSChanceCritterASquirrel	50.000000		ESSChanceCritterBFox	50.000000		ESSChanceCritterBOpposum	50.000000		ESSChanceSubLost	50.000000		ESSChanceMainRadTurkeyLARGE	50.000000																																																																																																								0	0	0	None	0	006923E8:RegionStormLocation:Skyline Valley	0.000000	1.000000	
0075CB38	SubRegionStorm15Location	Shenandoah National Park	3	003A404E:LocTypeSubRegion:KYWD	003CD32C:EMSAllowLoadedReRoll:KYWD	006923E7:LocRegionStorm:KYWD											14	ESSChanceMainMolerats	33.000000		ESSChanceMainScorpionsLARGE	33.000000		ESSChanceMainMoleMiner	33.000000		ESSChanceSubViciousDog	50.000000		ESSChanceSubMolerats	50.000000		ESSChanceSubWolf	50.000000		ESSChanceCritterAFox	33.000000		ESSChanceCritterARabbit	33.000000		ESSChanceCritterASquirrel	33.000000		ESSChanceCritterBOpposum	40.000000		ESSChanceCritterBRadStag	60.000000		ESSChanceSubTick	50.000000		ESSChanceMainLost	33.000000		ESSChanceMainRadTurkeyLARGE	33.000000																																																																																												0	0	0	None	0	006923E8:RegionStormLocation:Skyline Valley	0.000000	1.000000	
0075CB37	SubRegionStorm14Location	Shenandoah National Park	3	003A404E:LocTypeSubRegion:KYWD	003CD32C:EMSAllowLoadedReRoll:KYWD	006923E7:LocRegionStorm:KYWD											8	ESSChanceMainSuperMutants	45.000000		ESSChanceMainWolf	45.000000		ESSChanceCritterBBeaver	33.000000		ESSChanceCritterBRadStag	33.000000		ESSChanceSubRadAnt	50.000000		ESSChanceMainLost	50.000000		ESSChanceSubRadTurkeyLARGE	50.000000		ESSChanceCritterARadPheasant	33.000000																																																																																																														0	0	0	None	0	006923E8:RegionStormLocation:Skyline Valley	0.000000	1.000000	
0076107B	MILE_Location_EncounterPointK	Caravan Encounter Point 11	0														0																																																																																																																																					0	0	0	None	0	007589E9:SubRegionStorm08Location:Shenandoah National Park	0.000000	1.000000	
0076107C	MILE_Location_EncounterPointB	Caravan Encounter Point 02	0														0																																																																																																																																					0	0	0	None	0	0075AC81:SubRegionStorm16Location:Shenandoah National Park	0.000000	1.000000	
0076107D	MILE_Location_EncounterPointC	Caravan Encounter Point 03	0														0																																																																																																																																					0	0	0	None	0	0075C6CE:SubRegionStorm11Location:Shenandoah National Park	0.000000	1.000000	
0076107E	MILE_Location_EncounterPointD	Caravan Encounter Point 04	0														0																																																																																																																																					0	0	0	None	0	0074F482:SubRegionStorm05Location:Shenandoah National Park	0.000000	1.000000	
0076107F	MILE_Location_EncounterPointL	Caravan Encounter Point 12	0														0																																																																																																																																					0	0	0	None	0	0075CB37:SubRegionStorm14Location:Shenandoah National Park	0.000000	1.000000	
00761080	MILE_Location_EncounterPointE	Caravan Encounter Point 05	0														0																																																																																																																																					0	0	0	None	0	0075266F:SubRegionStorm06Location:Shenandoah National Park	0.000000	1.000000	
00761081	MILE_Location_EncounterPointF	Caravan Encounter Point 06	0														0																																																																																																																																					0	0	0	None	0	0074F482:SubRegionStorm05Location:Shenandoah National Park	0.000000	1.000000	
00761082	MILE_Location_EncounterPointG	Caravan Encounter Point 07	0														0																																																																																																																																					0	0	0	None	0	0074E1C1:SubRegionStorm04Location:Shenandoah National Park	0.000000	1.000000	
00761083	MILE_Location_EncounterPointH	Caravan Encounter Point 08	0														0																																																																																																																																					0	0	0	None	0	00749068:SubRegionStorm03Location:Shenandoah National Park	0.000000	1.000000	
00761084	MILE_Location_EncounterPointJ	Caravan Encounter Point 10	0														0																																																																																																																																					0	0	0	None	0	007589E9:SubRegionStorm08Location:Shenandoah National Park	0.000000	1.000000	
00761085	MILE_Location_EncounterPointA	Caravan Encounter Point 01	0														0																																																																																																																																					0	0	0	None	0	0075CB38:SubRegionStorm15Location:Shenandoah National Park	0.000000	1.000000	
00761086	MILE_Location_EncounterPointI	Caravan Encounter Point 09	0														0																																																																																																																																					0	0	0	None	0	00748A56:SubRegionStorm02Location:Shenandoah National Park	0.000000	1.000000	
00766425	LocCranberryGlassedCavernLocation_DailyOps	Glassed Cavern	11	000012A1:LocRegionCranberryBog:KYWD	00003954:LocTypeInteriorCell:KYWD	000254BC:LocTypeDungeonMajor:KYWD	0004F21B:LocTypeSubterranean:KYWD	00064EDE:LocTypeClearable:KYWD	0033FE91:LocTypeFastTravelDestination:KYWD	00396B77:LocTypeDungeon:KYWD	003D5B64:LocLootScaleLarge:KYWD	004E8563:LocThemeMiner:KYWD	0055C6A2:DungeonTypeCave:KYWD	005ADD9E:LocTypeDailyOps:KYWD			3	ESSChanceMainScorched	5.000000		ESSChanceSubMirelurks	5.000000		EMSChanceVariantNormal	45.000000																																																																																																																													0	0	0	None	0	002F7094:SubRegionCranberry17Location:Cranberry Bog	0.000000	1.000000	
00768EDA	LocStormRoadLocation	Shenandoah National Park	3	003A404E:LocTypeSubRegion:KYWD	003CD32C:EMSAllowLoadedReRoll:KYWD	006923E7:LocRegionStorm:KYWD											10	ESSChanceMainGhouls	25.000000		ESSChanceMainRats	75.000000		ESSChanceCritterAFox	25.000000		ESSChanceCritterARabbit	25.000000		ESSChanceCritterASquirrel	25.000000		ESSChanceCritterBFox	25.000000		ESSChanceCritterBRabbit	25.000000		ESSChanceCritterBSquirrel	25.000000		ESSChanceSubRadroach	50.000000		ESSChanceSubTick	50.000000																																																																																																								0	0	0	None	0	006923E8:RegionStormLocation:Skyline Valley	0.000000	1.000000	
00769614	LocStormSubstationThunderMtTM03Location	Thunder Mountain Substation TM-03	9	00064EDE:LocTypeClearable:KYWD	0033FE91:LocTypeFastTravelDestination:KYWD	0037FA7F:LocTypeDungeonPOI:KYWD	00396B77:LocTypeDungeon:KYWD	003A5E71:LocEncSupportLarge:KYWD	003A5E72:LocEncSupportGiant:KYWD	003D5B62:LocLootScalePOI:KYWD	004E8569:LocThemeOutdoors:KYWD	0055C69D:DungeonTypePowerSubstation:KYWD					5	ESSChanceMainDeathclawGIANTONLY	5.000000		EMSChanceVariantNormal	45.000000		ESSChanceSubBloatfly	5.000000		ESSChanceSubBloodbug	5.000000		ESSChanceSubRadAnt	5.000000																																																																																																																							0	0	0	None	0	0074F482:SubRegionStorm05Location:Shenandoah National Park	0.000000	1.000000	
00769BB5	SubRegionStorm17Location	Shenandoah National Park	3	003A404E:LocTypeSubRegion:KYWD	003CD32C:EMSAllowLoadedReRoll:KYWD	006923E7:LocRegionStorm:KYWD											12	ESSChanceMainLiberators	50.000000		ESSChanceSubMolerats	50.000000		ESSChanceSubRats	50.000000		ESSChanceMainWolf	50.000000		ESSChanceCritterAFox	33.000000		ESSChanceCritterARabbit	33.000000		ESSChanceCritterASquirrel	33.000000		ESSChanceCritterBOpposum	33.000000		ESSChanceCritterBRadStag	33.000000		ESSChanceMainLost	50.000000		ESSChanceCritterBRadPheasant	33.000000		ESSChanceMainSheepsquatchLARGE	50.000000																																																																																																		0	0	0	None	0	006923E8:RegionStormLocation:Skyline Valley	0.000000	1.000000	
0076B145	DebugTomRLocation	DebugTomRLocation	2	00003954:LocTypeInteriorCell:KYWD	0057E1EC:LocTypeInstancedCell:KYWD												0																																																																																																																																					0	0	0	Raid	0		0.000000	1.000000	
0076F96B	LocStormThreePondsLocation	Three Ponds	5	0033FE91:LocTypeFastTravelDestination:KYWD	003D5B62:LocLootScalePOI:KYWD	003D5B63:LocLootScaleSmall:KYWD	0055C693:DungeonTypeCamp:KYWD	006923E7:LocRegionStorm:KYWD									0																																																																																																																																					0	0	20	None	99	006923E8:RegionStormLocation:Skyline Valley	0.000000	1.000000	
007734B6	LocStormDarkWoodManorGateLocation	Mary's Rock Tunnel	4	003D5B63:LocLootScaleSmall:KYWD	003E9D4C:LocEncMainRadroach:KYWD	004E855E:LocThemeWinter:KYWD	006923E7:LocRegionStorm:KYWD										1	ESSChanceMainInsects	5.000000																																																																																																																																			0	0	0	None	0	006923E8:RegionStormLocation:Skyline Valley	0.000000	1.000000	
0077383B	LocBlueRidgeShenandoahHQLocation	Blue Ridge Shenandoah HQ	6	00003954:LocTypeInteriorCell:KYWD	00022611:LocTypeSettlement:KYWD	0033FE91:LocTypeFastTravelDestination:KYWD	0057E1EC:LocTypeInstancedCell:KYWD	006923E7:LocRegionStorm:KYWD	007BD03F:LocTypeFishingExcluded:KYWD								0																																																																																																																																					0	0	0	None	0	00791764:MILE_Location_MilePostZero:Milepost Zero	0.000000	1.000000	
00779CBF	SheltersLocation_SummerCamp	Summer Camp Shelter	1	007BD03F:LocTypeFishingExcluded:KYWD													1	WorkshopBudgetLocation	1500.000000																																																																																																																																			0	0	0	None	1		10000.000000	1.000000	
00797F62	GhoulCampLocation	Ghoul Camp	7	00003954:LocTypeInteriorCell:KYWD	00064EDE:LocTypeClearable:KYWD	001789F7:LocRegionMountain:KYWD	0033FE91:LocTypeFastTravelDestination:KYWD	004E855F:LocThemeMilitary:KYWD	0057E1EC:LocTypeInstancedCell:KYWD	007FA155:GhoulChargenLocationKeyword:KYWD							0																																																																																																																																					0	0	0	None	0	00797F61:GhoulCampLocation_Exterior:Ghoul Camp	0.000000	1.000000	
00797F61	GhoulCampLocation_Exterior	Ghoul Camp	3	001789F7:LocRegionMountain:KYWD	0033FE91:LocTypeFastTravelDestination:KYWD	004E855F:LocThemeMilitary:KYWD											0																																																																																																																																					0	0	0	None	0	002F70EF:SubRegionMountains03Location:Savage Divide	0.000000	1.000000	
00798039	GhoulCaveLocation_Exterior	A Cave	2	001789F7:LocRegionMountain:KYWD	0033FE91:LocTypeFastTravelDestination:KYWD												0																																																																																																																																					0	0	0	None	0	002F70EF:SubRegionMountains03Location:Savage Divide	0.000000	1.000000	
00779F07	XPD_AC02_Community_Center_DailyOpsDungeon_Location	Community Center	7	00003954:LocTypeInteriorCell:KYWD	003D5B64:LocLootScaleLarge:KYWD	004E855B:LocThemeGeneral:KYWD	0057E1EC:LocTypeInstancedCell:KYWD	005ADD9E:LocTypeDailyOps:KYWD	0062D326:LocTypeExpedition:KYWD	006AFE11:LocRegionAC:KYWD							0																																																																																																																																					0	0	0	None	0	006B5537:XPD_AC02_Flooded_City_Location:Flooded City Center	0.000000	1.000000	
0077D006	SheltersLocation_HousingDevelopment	Housing Development	1	007BD03F:LocTypeFishingExcluded:KYWD													1	WorkshopBudgetLocation	1500.000000																																																																																																																																			0	0	0	None	1		0.000000	1.000000	
00791764	MILE_Location_MilePostZero	Milepost Zero	4	0033FE91:LocTypeFastTravelDestination:KYWD	003D4B10:LocLootScaleMedium:KYWD	004E8569:LocThemeOutdoors:KYWD	006923E7:LocRegionStorm:KYWD										0																																																																																																																																					0	0	0	None	0	006923E8:RegionStormLocation:Skyline Valley	0.000000	1.000000	
00798946	SheltersLocation_HousingDevelopment_Copy01	Housing Development	1	007BD03F:LocTypeFishingExcluded:KYWD													1	WorkshopBudgetLocation	1500.000000																																																																																																																																			0	0	0	None	1		10000.000000	1.000000	
0079AA9D	DebugStephZLocation	Stephanie's Debug Cell	0														0																																																																																																																																					0	0	0	None	0		0.000000	1.000000	
007A755B	LocMountainsEmmettDisposalSiteInteriorLocation	Emmett Mountain Disposal Site	5	00003954:LocTypeInteriorCell:KYWD	001789F7:LocRegionMountain:KYWD	003D4B10:LocLootScaleMedium:KYWD	004E855C:LocThemeWorkingClass:KYWD	007BD03F:LocTypeFishingExcluded:KYWD									0																																																																																																																																					0	0	0	None	0	002F70FE:SubRegionMountains18Location:Savage Divide	0.000000	1.000000	
007A7E6D	LocStormBigBloomSiteLocation	Susan's Cabin	4	0033FE91:LocTypeFastTravelDestination:KYWD	003D5B62:LocLootScalePOI:KYWD	004E855C:LocThemeWorkingClass:KYWD	006923E7:LocRegionStorm:KYWD										0																																																																																																																																					0	0	20	None	99	006923E8:RegionStormLocation:Skyline Valley	0.000000	1.000000	
007A0D0F	MILE_BrahminNameOverride_Windy	Windy	0														0																																																																																																																																					0	0	0	None	0		0.000000	1.000000	
007A0CCF	MILE_BrahminNameOverride_Craters	Crater's	0														0																																																																																																																																					0	0	0	None	0		0.000000	1.000000	
007A0CAF	MILE_BrahminNameOverride_Sassy	Sassy	0														0																																																																																																																																					0	0	0	None	0		0.000000	1.000000	
007A0C9F	MILE_BrahminNameOverride_Mrs	Mrs	0														0																																																																																																																																					0	0	0	None	0		0.000000	1.000000	
007A0CB1	MILE_BrahminNameOverride_Raider	Raider	0														0																																																																																																																																					0	0	0	None	0		0.000000	1.000000	
007A0D10	MILE_BrahminNameOverride_Joanna	Joanna	0														0																																																																																																																																					0	0	0	None	0		0.000000	1.000000	
007A0D16	MILE_BrahminNameOverride_Theodore	Theodore	0														0																																																																																																																																					0	0	0	None	0		0.000000	1.000000	
007A0CD2	MILE_BrahminNameOverride_Ranger	Ranger	0														0																																																																																																																																					0	0	0	None	0		0.000000	1.000000	
007A0D14	MILE_BrahminNameOverride_Vera	Vera	0														0																																																																																																																																					0	0	0	None	0		0.000000	1.000000	
007A0CB0	MILE_BrahminNameOverride_Super	Super	0														0																																																																																																																																					0	0	0	None	0		0.000000	1.000000	
007A0D12	MILE_BrahminNameOverride_Libby	Libby	0														0																																																																																																																																					0	0	0	None	0		0.000000	1.000000	
007A0CD0	MILE_BrahminNameOverride_SecretService	Secret Service	0														0																																																																																																																																					0	0	0	None	0		0.000000	1.000000	
007A0D11	MILE_BrahminNameOverride_Eugenie	Eugenie	0														0																																																																																																																																					0	0	0	None	0		0.000000	1.000000	
007A0D0E	MILE_BrahminNameOverride_Ineke	Ineke	0														0																																																																																																																																					0	0	0	None	0		0.000000	1.000000	
007A0CCE	MILE_BrahminNameOverride_Fountains	Fountain's	0														0																																																																																																																																					0	0	0	None	0		0.000000	1.000000	
007A0D0C	MILE_BrahminNameOverride_Marley	Marley	0														0																																																																																																																																					0	0	0	None	0		0.000000	1.000000	
007A0CAE	MILE_BrahminNameOverride_Colonel	Colonel	0														0																																																																																																																																					0	0	0	None	0		0.000000	1.000000	
007A0D0A	MILE_BrahminNameOverride_Brisket	Brisket	0														0																																																																																																																																					0	0	0	None	0		0.000000	1.000000	
007A0CCC	MILE_BrahminNameOverride_KnightErrant	Knight-Errant	0														0																																																																																																																																					0	0	0	None	0		0.000000	1.000000	
007A0D08	MILE_BrahminNameOverride_Chuck	Chuck	0														0																																																																																																																																					0	0	0	None	0		0.000000	1.000000	
007A0C9E	MILE_BrahminNameOverride_Mister	Mister	0														0																																																																																																																																					0	0	0	None	0		0.000000	1.000000	
007A0D06	MILE_BrahminNameOverride_Belle	Belle	0														0																																																																																																																																					0	0	0	None	0		0.000000	1.000000	
007A0CCA	MILE_BrahminNameOverride_Initiate	Initiate	0														0																																																																																																																																					0	0	0	None	0		0.000000	1.000000	
007A0D04	MILE_BrahminNameOverride_Pauline	Pauline	0														0																																																																																																																																					0	0	0	None	0		0.000000	1.000000	
007A0CAC	MILE_BrahminNameOverride_Lord	Lord	0														0																																																																																																																																					0	0	0	None	0		0.000000	1.000000	
007A0D02	MILE_BrahminNameOverride_MooMoo	Moo-Moo	0														0																																																																																																																																					0	0	0	None	0		0.000000	1.000000	
007A0CC8	MILE_BrahminNameOverride_Brother	Brother	0														0																																																																																																																																					0	0	0	None	0		0.000000	1.000000	
007A0D00	MILE_BrahminNameOverride_Clover	Clover	0														0																																																																																																																																					0	0	0	None	0		0.000000	1.000000	
007A0D13	MILE_BrahminNameOverride_Minos	Minos	0														0																																																																																																																																					0	0	0	None	0		0.000000	1.000000	
007A0CD1	MILE_BrahminNameOverride_VaultTecs	Vault-Tec's	0														0																																																																																																																																					0	0	0	None	0		0.000000	1.000000	
007A0CFE	MILE_BrahminNameOverride_Tulip	Tulip	0														0																																																																																																																																					0	0	0	None	0		0.000000	1.000000	
007A0CC6	MILE_BrahminNameOverride_Giant	Giant	0														0																																																																																																																																					0	0	0	None	0		0.000000	1.000000	
007A0CFC	MILE_BrahminNameOverride_Jellybean	Jellybean	0														0																																																																																																																																					0	0	0	None	0		0.000000	1.000000	
007A0CAA	MILE_BrahminNameOverride_Princess	Princess	0														0																																																																																																																																					0	0	0	None	0		0.000000	1.000000	
007A0CFA	MILE_BrahminNameOverride_Pancake	Pancake	0														0																																																																																																																																					0	0	0	None	0		0.000000	1.000000	
007A0CC4	MILE_BrahminNameOverride_Atomic	Atomic	0														0																																																																																																																																					0	0	0	None	0		0.000000	1.000000	
007A0CF8	MILE_BrahminNameOverride_Frog	Frog	0														0																																																																																																																																					0	0	0	None	0		0.000000	1.000000	
007A0C9C	MILE_BrahminNameOverride_Smelly	Smelly	0														0																																																																																																																																					0	0	0	None	0		0.000000	1.000000	
007A0CF6	MILE_BrahminNameOverride_Otis	Otis	0														0																																																																																																																																					0	0	0	None	0		0.000000	1.000000	
007A0CC2	MILE_BrahminNameOverride_Lonely	Lonely	0														0																																																																																																																																					0	0	0	None	0		0.000000	1.000000	
007A0CF4	MILE_BrahminNameOverride_Thunder	Thunder	0														0																																																																																																																																					0	0	0	None	0		0.000000	1.000000	
007A0CA8	MILE_BrahminNameOverride_King	King	0														0																																																																																																																																					0	0	0	None	0		0.000000	1.000000	
007A0CF2	MILE_BrahminNameOverride_Lightning	Lightning	0														0																																																																																																																																					0	0	0	None	0		0.000000	1.000000	
007A0CC0	MILE_BrahminNameOverride_Lumpy	Lumpy	0														0																																																																																																																																					0	0	0	None	0		0.000000	1.000000	
007A0D15	MILE_BrahminNameOverride_Minerva	Minerva	0														0																																																																																																																																					0	0	0	None	0		0.000000	1.000000	
007A0CEE	MILE_BrahminNameOverride_Angus	Angus	0														0																																																																																																																																					0	0	0	None	0		0.000000	1.000000	
007A0CBE	MILE_BrahminNameOverride_Tipsy	Tipsy	0														0																																																																																																																																					0	0	0	None	0		0.000000	1.000000	
007A0CEC	MILE_BrahminNameOverride_Luna	Luna	0														0																																																																																																																																					0	0	0	None	0		0.000000	1.000000	
007A0CA6	MILE_BrahminNameOverride_Little	Little	0														0																																																																																																																																					0	0	0	None	0		0.000000	1.000000	
007A0CEA	MILE_BrahminNameOverride_Susan	Susan	0														0																																																																																																																																					0	0	0	None	0		0.000000	1.000000	
007A0CBC	MILE_BrahminNameOverride_Grumpy	Grumpy	0														0																																																																																																																																					0	0	0	None	0		0.000000	1.000000	
007A0CE8	MILE_BrahminNameOverride_Cheese	Cheese	0														0																																																																																																																																					0	0	0	None	0		0.000000	1.000000	
007A0C9A	MILE_BrahminNameOverride_Swift	Swift	0														0																																																																																																																																					0	0	0	None	0		0.000000	1.000000	
007A0CE6	MILE_BrahminNameOverride_Rose	Rose	0														0																																																																																																																																					0	0	0	None	0		0.000000	1.000000	
007A0CBA	MILE_BrahminNameOverride_General	General	0														0																																																																																																																																					0	0	0	None	0		0.000000	1.000000	
007A0CE4	MILE_BrahminNameOverride_Teacake	Teacake	0														0																																																																																																																																					0	0	0	None	0		0.000000	1.000000	
007A0CA4	MILE_BrahminNameOverride_Sir	Sir	0														0																																																																																																																																					0	0	0	None	0		0.000000	1.000000	
007A0CE2	MILE_BrahminNameOverride_Bubbles	Bubbles	0														0																																																																																																																																					0	0	0	None	0		0.000000	1.000000	
007A0CB8	MILE_BrahminNameOverride_Lucky	Lucky	0														0																																																																																																																																					0	0	0	None	0		0.000000	1.000000	
007A0CE0	MILE_BrahminNameOverride_Billy	Billy	0														0																																																																																																																																					0	0	0	None	0		0.000000	1.000000	
007A0CA0	MILE_BrahminNameOverride_Miss	Miss	0														0																																																																																																																																					0	0	0	None	0		0.000000	1.000000	
007A0CDE	MILE_BrahminNameOverride_Betty	Betty	0														0																																																																																																																																					0	0	0	None	0		0.000000	1.000000	
007A0CB6	MILE_BrahminNameOverride_Clumsy	Clumsy	0														0																																																																																																																																					0	0	0	None	0		0.000000	1.000000	
007A0CDC	MILE_BrahminNameOverride_Mover	Mover	0														0																																																																																																																																					0	0	0	None	0		0.000000	1.000000	
007A0CA2	MILE_BrahminNameOverride_Knight	Knight	0														0																																																																																																																																					0	0	0	None	0		0.000000	1.000000	
007A0CDA	MILE_BrahminNameOverride_Fancy	Fancy	0														0																																																																																																																																					0	0	0	None	0		0.000000	1.000000	
007A0CB4	MILE_BrahminNameOverride_Lady	Lady	0														0																																																																																																																																					0	0	0	None	0		0.000000	1.000000	
007A0CD8	MILE_BrahminNameOverride_Silly	Silly	0														0																																																																																																																																					0	0	0	None	0		0.000000	1.000000	
007A0CD6	MILE_BrahminNameOverride_Deadly	Deadly	0														0																																																																																																																																					0	0	0	None	0		0.000000	1.000000	
007A0CB2	MILE_BrahminNameOverride_Cultist	Cultist	0														0																																																																																																																																					0	0	0	None	0		0.000000	1.000000	
007A0CD4	MILE_BrahminNameOverride_Papa	Papa	0														0																																																																																																																																					0	0	0	None	0		0.000000	1.000000	
007A0D18	MILE_BrahminNameOverride_Pack	Pack	0														0																																																																																																																																					0	0	0	None	0		0.000000	1.000000	
007A0D17	MILE_BrahminNameOverride_Aries	Aries	0														0																																																																																																																																					0	0	0	None	0		0.000000	1.000000	
007A0CD3	MILE_BrahminNameOverride_Cheesy	Cheesy	0														0																																																																																																																																					0	0	0	None	0		0.000000	1.000000	
007A0CD5	MILE_BrahminNameOverride_Mama	Mama	0														0																																																																																																																																					0	0	0	None	0		0.000000	1.000000	
007A0D0D	MILE_BrahminNameOverride_Josie	Josie	0														0																																																																																																																																					0	0	0	None	0		0.000000	1.000000	
007A0CCD	MILE_BrahminNameOverride_BlueRidge	Blue Ridge	0														0																																																																																																																																					0	0	0	None	0		0.000000	1.000000	
007A0D09	MILE_BrahminNameOverride_Sirloin	Sirloin	0														0																																																																																																																																					0	0	0	None	0		0.000000	1.000000	
007A0CAD	MILE_BrahminNameOverride_Agent	Agent	0														0																																																																																																																																					0	0	0	None	0		0.000000	1.000000	
007A0D05	MILE_BrahminNameOverride_Norma	Norma	0														0																																																																																																																																					0	0	0	None	0		0.000000	1.000000	
007A0CC9	MILE_BrahminNameOverride_Sister	Sister	0														0																																																																																																																																					0	0	0	None	0		0.000000	1.000000	
007A0D01	MILE_BrahminNameOverride_Marigold	Marigold	0														0																																																																																																																																					0	0	0	None	0		0.000000	1.000000	
007A0C9D	MILE_BrahminNameOverride_Irradiated	Irradiated	0														0																																																																																																																																					0	0	0	None	0		0.000000	1.000000	
007A0CFD	MILE_BrahminNameOverride_Ghost	Ghost	0														0																																																																																																																																					0	0	0	None	0		0.000000	1.000000	
007A0CC5	MILE_BrahminNameOverride_Cowardly	Cowardly	0														0																																																																																																																																					0	0	0	None	0		0.000000	1.000000	
007A0CF9	MILE_BrahminNameOverride_Penny	Penny	0														0																																																																																																																																					0	0	0	None	0		0.000000	1.000000	
007A0CA9	MILE_BrahminNameOverride_Queen	Queen	0														0																																																																																																																																					0	0	0	None	0		0.000000	1.000000	
007A0CF5	MILE_BrahminNameOverride_Hurricane	Hurricane	0														0																																																																																																																																					0	0	0	None	0		0.000000	1.000000	
007A0CC1	MILE_BrahminNameOverride_Hungry	Hungry	0														0																																																																																																																																					0	0	0	None	0		0.000000	1.000000	
007A0CF1	MILE_BrahminNameOverride_Moo	Moo	0														0																																																																																																																																					0	0	0	None	0		0.000000	1.000000	
007A0CF0	MILE_BrahminNameOverride_Bessie	Bessie	0														0																																																																																																																																					0	0	0	None	0		0.000000	1.000000	
007A0CED	MILE_BrahminNameOverride_Chaos	Chaos	0														0																																																																																																																																					0	0	0	None	0		0.000000	1.000000	
007A0CBD	MILE_BrahminNameOverride_Wobbly	Wobbly	0														0																																																																																																																																					0	0	0	None	0		0.000000	1.000000	
007A0CE9	MILE_BrahminNameOverride_ClipClop	Clip-Clop	0														0																																																																																																																																					0	0	0	None	0		0.000000	1.000000	
007A0CA5	MILE_BrahminNameOverride_Big	Big	0														0																																																																																																																																					0	0	0	None	0		0.000000	1.000000	
007A0CE5	MILE_BrahminNameOverride_Beast	Beast	0														0																																																																																																																																					0	0	0	None	0		0.000000	1.000000	
007A0CB9	MILE_BrahminNameOverride_Old	Old	0														0																																																																																																																																					0	0	0	None	0		0.000000	1.000000	
007A0CE1	MILE_BrahminNameOverride_Blossom	Blossom	0														0																																																																																																																																					0	0	0	None	0		0.000000	1.000000	
007A0C99	MILE_BrahminNameOverride_Spooky	Spooky	0														0																																																																																																																																					0	0	0	None	0		0.000000	1.000000	
007A0CDD	MILE_BrahminNameOverride_Sally	Sally	0														0																																																																																																																																					0	0	0	None	0		0.000000	1.000000	
007A0CB5	MILE_BrahminNameOverride_Baby	Baby	0														0																																																																																																																																					0	0	0	None	0		0.000000	1.000000	
007A0CD9	MILE_BrahminNameOverride_Dizzy	Dizzy	0														0																																																																																																																																					0	0	0	None	0		0.000000	1.000000	
007A0CA1	MILE_BrahminNameOverride_Overseer	Overseer	0														0																																																																																																																																					0	0	0	None	0		0.000000	1.000000	
007A0CD7	MILE_BrahminNameOverride_Nice	Nice	0														0																																																																																																																																					0	0	0	None	0		0.000000	1.000000	
007A0CB3	MILE_BrahminNameOverride_Settler	Settler	0														0																																																																																																																																					0	0	0	None	0		0.000000	1.000000	
007A0CDB	MILE_BrahminNameOverride_Brahmin	Brahmin	0														0																																																																																																																																					0	0	0	None	0		0.000000	1.000000	
007A0D0B	MILE_BrahminNameOverride_TBone	T-Bone	0														0																																																																																																																																					0	0	0	None	0		0.000000	1.000000	
007A0CCB	MILE_BrahminNameOverride_Paladin	Paladin	0														0																																																																																																																																					0	0	0	None	0		0.000000	1.000000	
007A0D03	MILE_BrahminNameOverride_Bennie	Bennie	0														0																																																																																																																																					0	0	0	None	0		0.000000	1.000000	
007A0CAB	MILE_BrahminNameOverride_Doctor	Doctor	0														0																																																																																																																																					0	0	0	None	0		0.000000	1.000000	
007A0CFB	MILE_BrahminNameOverride_Nellie	Nellie	0														0																																																																																																																																					0	0	0	None	0		0.000000	1.000000	
007A0CC3	MILE_BrahminNameOverride_Powerful	Powerful	0														0																																																																																																																																					0	0	0	None	0		0.000000	1.000000	
007A0CF3	MILE_BrahminNameOverride_Beauty	Beauty	0														0																																																																																																																																					0	0	0	None	0		0.000000	1.000000	
007A0C9B	MILE_BrahminNameOverride_Magnificent	Magnificent	0														0																																																																																																																																					0	0	0	None	0		0.000000	1.000000	
007A0CEB	MILE_BrahminNameOverride_Tank	Tank	0														0																																																																																																																																					0	0	0	None	0		0.000000	1.000000	
007A0CBB	MILE_BrahminNameOverride_Sleepy	Sleepy	0														0																																																																																																																																					0	0	0	None	0		0.000000	1.000000	
007A0CE3	MILE_BrahminNameOverride_Dweller	Dweller	0														0																																																																																																																																					0	0	0	None	0		0.000000	1.000000	
007A0CA3	MILE_BrahminNameOverride_Elder	Elder	0														0																																																																																																																																					0	0	0	None	0		0.000000	1.000000	
007A0CDF	MILE_BrahminNameOverride_Mary	Mary	0														0																																																																																																																																					0	0	0	None	0		0.000000	1.000000	
007A0CB7	MILE_BrahminNameOverride_Jolly	Jolly	0														0																																																																																																																																					0	0	0	None	0		0.000000	1.000000	
007A0CE7	MILE_BrahminNameOverride_Pickles	Pickles	0														0																																																																																																																																					0	0	0	None	0		0.000000	1.000000	
007A0D07	MILE_BrahminNameOverride_Latte	Latte	0														0																																																																																																																																					0	0	0	None	0		0.000000	1.000000	
007A0CC7	MILE_BrahminNameOverride_Tiny	Tiny	0														0																																																																																																																																					0	0	0	None	0		0.000000	1.000000	
007A0CF7	MILE_BrahminNameOverride_MeatChop	Meat Chop	0														0																																																																																																																																					0	0	0	None	0		0.000000	1.000000	
007A0CA7	MILE_BrahminNameOverride_Captain	Captain	0														0																																																																																																																																					0	0	0	None	0		0.000000	1.000000	
007A0CEF	MILE_BrahminNameOverride_Daisy	Daisy	0														0																																																																																																																																					0	0	0	None	0		0.000000	1.000000	
007A0CBF	MILE_BrahminNameOverride_Stinky	Stinky	0														0																																																																																																																																					0	0	0	None	0		0.000000	1.000000	
007A0CFF	MILE_BrahminNameOverride_Buttercup	Buttercup	0														0																																																																																																																																					0	0	0	None	0		0.000000	1.000000	
007ABDBF	GhoulCaveLocation	Ghoul Cave	7	00003954:LocTypeInteriorCell:KYWD	00064EDE:LocTypeClearable:KYWD	001789F7:LocRegionMountain:KYWD	0033FE91:LocTypeFastTravelDestination:KYWD	004E855F:LocThemeMilitary:KYWD	0057E1EC:LocTypeInstancedCell:KYWD	007FA155:GhoulChargenLocationKeyword:KYWD							0																																																																																																																																					0	0	0	None	0	00797F61:GhoulCampLocation_Exterior:Ghoul Camp	0.000000	1.000000	
007A9BF9	76HoldingCellMilepostZero		0														0																																																																																																																																					0	0	0	None	0		0.000000	1.000000	
00770117	GleamingDepthsLocation	Gleaming Depths	2	00180819:EMSIgnoredLocation:KYWD	007BD03F:LocTypeFishingExcluded:KYWD												0																																																																																																																																					0	0	0	None	0		0.000000	1.000000	
0078CBE0	WarehouseRaidsLocation_Copy01		1	00180819:EMSIgnoredLocation:KYWD													0																																																																																																																																					0	0	0	None	0		0.000000	1.000000	
007AD571	SheltersLocation_GleamingDepths	Enclave Lab Shelter	0														1	WorkshopBudgetLocation	700.000000																																																																																																																																			0	0	0	None	1		0.000000	1.000000	
007B27D1	BullengrubeLocation_Exterior	The Bullengrube	3	001789F7:LocRegionMountain:KYWD	0033FE91:LocTypeFastTravelDestination:KYWD	004E855F:LocThemeMilitary:KYWD											0																																																																																																																																					0	0	0	None	0	002F70EF:SubRegionMountains03Location:Savage Divide	0.000000	1.000000	
007B3121	GhoulCampLocation_Exterior001	Ghoul Camp	3	001789F7:LocRegionMountain:KYWD	0033FE91:LocTypeFastTravelDestination:KYWD	004E855F:LocThemeMilitary:KYWD											0																																																																																																																																					0	0	0	None	0	002F70EF:SubRegionMountains03Location:Savage Divide	0.000000	1.000000	
007B3122	GhoulPointReposeLocation	Point Repose	3	001789F7:LocRegionMountain:KYWD	0033FE91:LocTypeFastTravelDestination:KYWD	004E855F:LocThemeMilitary:KYWD											0																																																																																																																																					0	0	0	None	0	002F70EF:SubRegionMountains03Location:Savage Divide	0.000000	1.000000	
007D63B4	SheltersLocation_TheRadiantRemedy	The Radiant Remedy Shelter	1	007BD03F:LocTypeFishingExcluded:KYWD													1	WorkshopBudgetLocation	700.000000																																																																																																																																			0	0	0	None	1		0.000000	1.000000	
0079A353	Fishing_VendorHubLocation	The Fishermans Rest	4	0001564F:LocRegionForestFloodlands:KYWD	0033FE91:LocTypeFastTravelDestination:KYWD	003D5B63:LocLootScaleSmall:KYWD	004E8569:LocThemeOutdoors:KYWD										0																																																																																																																																					0	0	0	None	0	0004BDFC:SubRegionForestFloodlands01Location:The Forest	0.000000	1.000000	
007A8A73	LocFishermansRestLocation	Fisherman's Rest	4	0001CA8C:LocRegionSwampForest:KYWD	0033FE91:LocTypeFastTravelDestination:KYWD	003D4B10:LocLootScaleMedium:KYWD	004E8569:LocThemeOutdoors:KYWD										5	ESSChanceCritterABeaver	10.000000		ESSChanceCritterAFox	3.000000		ESSChanceCritterBFirefly	25.000000		ESSChanceCritterBSquirrel	10.000000		ESSChanceCritterAOwlet	3.000000																																																																																																																							0	0	0	None	0	007ABE85:SubRegionSwamp12Location:Mire	0.000000	1.000000	
007ABE85	SubRegionSwamp12Location	Mire	3	0001CA8C:LocRegionSwampForest:KYWD	003A404E:LocTypeSubRegion:KYWD	003CD32C:EMSAllowLoadedReRoll:KYWD											40	ESSChanceMainGhouls	5.000000		ESSChanceMainScorched	5.000000		ESSChanceMainMirelurks	5.000000		ESSChanceSubGhoul	5.000000		ESSChanceSubMirelurks	5.000000		ESSChanceSubScorched	5.000000		ESSChanceMainSuperMutants	5.000000		ESSChanceSubSuperMutants	5.000000		ESSChanceMainLiberators	5.000000		ESSChanceSubLiberators	5.000000		ESSChanceSubMegaslothGIANTONLY	5.000000		EMSChanceVariantNormal	45.000000		EMSChanceVariantScorched	5.000000		ESSChanceCritterABeaver	5.000000		ESSChanceCritterAChicken	5.000000		ESSChanceCritterAFirefly	15.000000		ESSChanceCritterAFox	5.000000		ESSChanceCritterAOpposum	5.000000		ESSChanceCritterARadFrog	10.000000		ESSChanceCritterARadStag	10.000000		ESSChanceCritterASquirrel	5.000000		ESSChanceCritterBBeaver	5.000000		ESSChanceCritterBChicken	5.000000		ESSChanceCritterBFirefly	15.000000		ESSChanceCritterBFox	5.000000		ESSChanceCritterBOpposum	5.000000		ESSChanceCritterBRadFrog	10.000000		ESSChanceCritterBRadStag	10.000000		ESSChanceCritterBSquirrel	5.000000		ESSChanceMainBloodbug	5.000000		ESSChanceSubBloodbug	5.000000		ESSChanceSubStingwingLARGE	5.000000		ESSChanceMainAnglerLARGE	5.000000		ESSChanceMainToadLARGE	5.000000		ESSChanceSubAnglerLARGE	5.000000		ESSChanceSubFogCrawlerLARGE	5.000000		ESSChanceSubGulperLARGE	5.000000		ESSChanceSubToadLARGE	5.000000		ESSChanceMainCaveCricket	5.000000		ESSChanceSubCaveCricket	5.000000														0	0	0	None	0	000045E1:RegionSwampForestLocation:The Mire	0.000000	1.000000	
007EEE2E	Fishing_LindaLee_Status_Hungry	Hungry	0														0																																																																																																																																					0	0	0	None	0		0.000000	1.000000	
007EEE2F	Fishing_LindaLee_Status_AlmostFull	Almost Full	0														0																																																																																																																																					0	0	0	None	0		0.000000	1.000000	
007EEE30	Fishing_LindaLee_Status_Starving	Starving	0														0																																																																																																																																					0	0	0	None	0		0.000000	1.000000	
007FFFCC	GhoulCabinLocation	Point Repose	2	001789F7:LocRegionMountain:KYWD	0033FE91:LocTypeFastTravelDestination:KYWD												0																																																																																																																																					0	0	0	None	0	002F70EF:SubRegionMountains03Location:Savage Divide	0.000000	1.000000	
0082BF24	LocMountainsWestTekResearchDrifterLocation	West Tek Underground Lab	8	00003954:LocTypeInteriorCell:KYWD	001789F7:LocRegionMountain:KYWD	00180819:EMSIgnoredLocation:KYWD	003D5B63:LocLootScaleSmall:KYWD	004E855F:LocThemeMilitary:KYWD	0055C69B:DungeonTypeResearchFacility:KYWD	0057E1EC:LocTypeInstancedCell:KYWD	007BD03F:LocTypeFishingExcluded:KYWD						0																																																																																																																																					0	0	0	None	0	00083AAD:LocMountainsWestTekResearchInteriorLocation:West Tek Research Center	0.000000	1.000000	
007AE5A6	RegionBurningSpringsLocation	Burning Springs	3	0009B044:LocTypeRegion:KYWD	00180819:EMSIgnoredLocation:KYWD	007AE59D:LocRegionBurningSprings:KYWD											0																																																																																																																																					0	0	0	None	0	0001558C:AppalachiaLocation:Appalachia	0.000000	1.000000	
007AEF12	Lee_Location_Test	Lee_Test	2	00142B54:LocTypeWorld:KYWD	00180819:EMSIgnoredLocation:KYWD												17	Food	1.000000		Water	1.000000		ResourceAV_Wood	1.000000		ResourceAV_Oil	1.000000		ResourceAV_Steel	1.000000		ResourceAV_Concrete	1.000000		ResourceAV_FertilizerBrahmin	1.000000		ResourceAV_Nuclear	1.000000		ResourceAV_Adhesive	1.000000		ResourceAV_Acid	1.000000		ResourceAV_Copper	1.000000		ResourceAV_Aluminum	1.000000		ResourceAV_Gold	1.000000		ResourceAV_Lead	1.000000		ResourceAV_Crystal	1.000000		ResourceAV_Scavenge	1.000000		ResourceAV_Silver	1.000000																																																																																			0	0	0	None	0		0.000000	1.000000	
007BE4A2	zzzLocBurnDriveinWorkshopLocation		0														0																																																																																																																																					0	0	0	Workshop	0		0.000000	1.000000	
007C6CD6	BURN_FrontierFortLOC	Frontier Fort	1	0033FE91:LocTypeFastTravelDestination:KYWD													0																																																																																																																																					0	0	0	None	0	0001558C:AppalachiaLocation:Appalachia	0.000000	1.000000	
007C6CD7	BURNPOIBOUNTY02LOC	BountyTest02	2	0033FE91:LocTypeFastTravelDestination:KYWD	007D6A5C:Burn_BountyHunt_LocationKeyword:KYWD												0																																																																																																																																					0	0	0	None	0	0001558C:AppalachiaLocation:Appalachia	0.000000	1.000000	
007CA18C	LocBurnFrontierFortLocation	Fort Steuben	10	000254BC:LocTypeDungeonMajor:KYWD	00064EDE:LocTypeClearable:KYWD	0033FE91:LocTypeFastTravelDestination:KYWD	00396B77:LocTypeDungeon:KYWD	003D4B10:LocLootScaleMedium:KYWD	004E8564:LocThemeRaider:KYWD	0055C693:DungeonTypeCamp:KYWD	007AE59D:LocRegionBurningSprings:KYWD	0083B061:Burn_Bounty_LocationRustRaider:KYWD	0083C255:Burn_Bounty_IsBountyLocation:KYWD				0																																																																																																																																					0	0	0	None	0	007AE5A6:RegionBurningSpringsLocation:Burning Springs	0.000000	1.000000	
007CDDCD	BURNPOIBOUNTY01LOC	BountyTest01	2	0033FE91:LocTypeFastTravelDestination:KYWD	007D6A5C:Burn_BountyHunt_LocationKeyword:KYWD												0																																																																																																																																					0	0	0	None	0	0001558C:AppalachiaLocation:Appalachia	0.000000	1.000000	
007CEA29	LocBurnSDMLocation	Super Duper Mart	5	0033FE91:LocTypeFastTravelDestination:KYWD	003D4B10:LocLootScaleMedium:KYWD	004E8564:LocThemeRaider:KYWD	007AE59D:LocRegionBurningSprings:KYWD	0083C255:Burn_Bounty_IsBountyLocation:KYWD									0																																																																																																																																					0	0	0	None	0	007AE5A6:RegionBurningSpringsLocation:Burning Springs	0.000000	1.000000	
007CFA64	Burn_BountyTargetNameOverride_MarcusLong	Marcus Long	0														0																																																																																																																																					0	0	0	None	0		0.000000	1.000000	
007CFA65	Burn_BountyTargetNameOverride_GrannyNewark	Granny Newark	0														0																																																																																																																																					0	0	0	None	0		0.000000	1.000000	
007CFA66	Burn_BountyTargetNameOverride_GrandpaOldworld	Grandpa Oldworld	0														0																																																																																																																																					0	0	0	None	0		0.000000	1.000000	
007CFA67	Burn_BountyTargetNameOverride_FrancisCage	Francis Cage	0														0																																																																																																																																					0	0	0	None	0		0.000000	1.000000	
007CFA68	Burn_BountyTargetNameOverride_SamuelColt	Samuel Colt	0														0																																																																																																																																					0	0	0	None	0		0.000000	1.000000	
007CFA69	Burn_BountyTargetNameOverride_AlonzoGuard	Alonzo Guard	0														0																																																																																																																																					0	0	0	None	0		0.000000	1.000000	
007CFA6A	Burn_BountyTargetNameOverride_WesSmithson	Wes Smithson	0														0																																																																																																																																					0	0	0	None	0		0.000000	1.000000	
007CFA6B	Burn_BountyTargetNameOverride_ButchSpringfield	Butch Springfield	0														0																																																																																																																																					0	0	0	None	0		0.000000	1.000000	
007CFA6C	Burn_BountyTargetNameOverride_JimmySmalls	Jimmy Smalls	0														0																																																																																																																																					0	0	0	None	0		0.000000	1.000000	
007CFA6D	Burn_BountyTargetNameOverride_BlazeGlory	Blaze Glory	0														0																																																																																																																																					0	0	0	None	0		0.000000	1.000000	
007CFA46	Burn_BountyTargetNameOverride_MarvinBarber	Marvin Barber	0														0																																																																																																																																					0	0	0	None	0		0.000000	1.000000	
007CFA47	Burn_BountyTargetNameOverride_JimBritt	Jim Britt	0														0																																																																																																																																					0	0	0	None	0		0.000000	1.000000	
007CFA48	Burn_BountyTargetNameOverride_WillieUnderwood	Willie Underwood	0														0																																																																																																																																					0	0	0	None	0		0.000000	1.000000	
007CFA49	Burn_BountyTargetNameOverride_FreddyAdkin	Freddy Adkin	0														0																																																																																																																																					0	0	0	None	0		0.000000	1.000000	
007CFA4A	Burn_BountyTargetNameOverride_FranciscoDancisco	Francisco Dancisco	0														0																																																																																																																																					0	0	0	None	0		0.000000	1.000000	
007CFA4B	Burn_BountyTargetNameOverride_OlgaLacy	Olga Lacy	0														0																																																																																																																																					0	0	0	None	0		0.000000	1.000000	
007CFA63	Burn_BountyTargetNameOverride_BartBongus	Bart Bongus	0														0																																																																																																																																					0	0	0	None	0		0.000000	1.000000	
007CFA4C	Burn_BountyTargetNameOverride_BillyJohn	Billy John	0														0																																																																																																																																					0	0	0	None	0		0.000000	1.000000	
007CFA4D	Burn_BountyTargetNameOverride_AnnieOakley	Annie Oakley	0														0																																																																																																																																					0	0	0	None	0		0.000000	1.000000	
007CFA4E	Burn_BountyTargetNameOverride_PaulineBlack	Pauline Black	0														0																																																																																																																																					0	0	0	None	0		0.000000	1.000000	
007CFA4F	Burn_BountyTargetNameOverride_OlMetalLeg	Ol Metal Leg	0														0																																																																																																																																					0	0	0	None	0		0.000000	1.000000	
007CFA5F	Burn_BountyTargetNameOverride_JesseCarson	Jesse Carson	0														0																																																																																																																																					0	0	0	None	0		0.000000	1.000000	
007CFA50	Burn_BountyTargetNameOverride_MattyRobbertson	Matty Robbertson	0														0																																																																																																																																					0	0	0	None	0		0.000000	1.000000	
007CFA51	Burn_BountyTargetNameOverride_LeviAcker	Levi Acker	0														0																																																																																																																																					0	0	0	None	0		0.000000	1.000000	
007CFA5B	Burn_BountyTargetNameOverride_PipBort	Pip Bort	0														0																																																																																																																																					0	0	0	None	0		0.000000	1.000000	
007CFA52	Burn_BountyTargetNameOverride_HollyBow	Holly Bow	0														0																																																																																																																																					0	0	0	None	0		0.000000	1.000000	
007CFA53	Burn_BountyTargetNameOverride_AshleyTurnin	Ashley Turnin	0														0																																																																																																																																					0	0	0	None	0		0.000000	1.000000	
007CFA54	Burn_BountyTargetNameOverride_BarretAimes	Barret Aimes	0														0																																																																																																																																					0	0	0	None	0		0.000000	1.000000	
007CFA55	Burn_BountyTargetNameOverride_CashGold	Cash Gold	0														0																																																																																																																																					0	0	0	None	0		0.000000	1.000000	
007CFA56	Burn_BountyTargetNameOverride_WyattLarge	Wyatt Large	0														0																																																																																																																																					0	0	0	None	0		0.000000	1.000000	
007CFA57	Burn_BountyTargetNameOverride_DallasTexas	Dallas Texas	0														0																																																																																																																																					0	0	0	None	0		0.000000	1.000000	
007CFA58	Burn_BountyTargetNameOverride_MaxamilianSea	Maxamilian Sea	0														0																																																																																																																																					0	0	0	None	0		0.000000	1.000000	
007CFA59	Burn_BountyTargetNameOverride_JonnyStar	Jonny Star	0														0																																																																																																																																					0	0	0	None	0		0.000000	1.000000	
007CFA5A	Burn_BountyTargetNameOverride_GyroZipp	Gyro Zipp	0														0																																																																																																																																					0	0	0	None	0		0.000000	1.000000	
007CFA5C	Burn_BountyTargetNameOverride_BeauPip	Beau Pip	0														0																																																																																																																																					0	0	0	None	0		0.000000	1.000000	
007CFA5D	Burn_BountyTargetNameOverride_BusterClint	Buster Clint	0														0																																																																																																																																					0	0	0	None	0		0.000000	1.000000	
007CFA5E	Burn_BountyTargetNameOverride_ClintSteel	Clint Steel	0														0																																																																																																																																					0	0	0	None	0		0.000000	1.000000	
007CFA60	Burn_BountyTargetNameOverride_OldLadyPam	Old Lady Pam	0														0																																																																																																																																					0	0	0	None	0		0.000000	1.000000	
007CFA61	Burn_BountyTargetNameOverride_OldManBreeches	Old Man Breeches	0														0																																																																																																																																					0	0	0	None	0		0.000000	1.000000	
007CFA62	Burn_BountyTargetNameOverride_BellaKnick	Bella Knick	0														0																																																																																																																																					0	0	0	None	0		0.000000	1.000000	
007D0DDB	LocBurnCheckpointCanyonExt	Checkpoint Canyon	6	00064EDE:LocTypeClearable:KYWD	0033FE91:LocTypeFastTravelDestination:KYWD	00396B77:LocTypeDungeon:KYWD	004E8564:LocThemeRaider:KYWD	0055C693:DungeonTypeCamp:KYWD	007AE59D:LocRegionBurningSprings:KYWD								0																																																																																																																																					0	0	0	None	0	007AE5A6:RegionBurningSpringsLocation:Burning Springs	0.000000	1.000000	
007D23FF	LocBurnRustKingdomExtLocation	The Rust Kingdom	10	000254BC:LocTypeDungeonMajor:KYWD	00064EDE:LocTypeClearable:KYWD	0033FE91:LocTypeFastTravelDestination:KYWD	00396B77:LocTypeDungeon:KYWD	003D4B10:LocLootScaleMedium:KYWD	004E8564:LocThemeRaider:KYWD	0055C693:DungeonTypeCamp:KYWD	007AE59D:LocRegionBurningSprings:KYWD	0083B061:Burn_Bounty_LocationRustRaider:KYWD	0083C255:Burn_Bounty_IsBountyLocation:KYWD				0																																																																																																																																					0	0	0	None	0	007AE5A6:RegionBurningSpringsLocation:Burning Springs	0.000000	1.000000	
007D2A0E	LocBurnChopShop	The Chop Shop	8	00064EDE:LocTypeClearable:KYWD	0033FE91:LocTypeFastTravelDestination:KYWD	003D4B10:LocLootScaleMedium:KYWD	004E8564:LocThemeRaider:KYWD	007AE59D:LocRegionBurningSprings:KYWD	007D2A0D:LocTypeDungeonCivicBuilding:KYWD	0083B061:Burn_Bounty_LocationRustRaider:KYWD	0083C255:Burn_Bounty_IsBountyLocation:KYWD						0																																																																																																																																					0	0	0	None	0	007AE5A6:RegionBurningSpringsLocation:Burning Springs	0.000000	1.000000	
007D3DF6	BURN_SQ04_TestCell_Location	Test Area	4	000067D1:LocEncMainScorched:KYWD	000067E6:LocEncSubMirelurks:KYWD	00180819:EMSIgnoredLocation:KYWD	007F1934:Burn_SQ04_CollectableReadyLocation:KYWD										0																																																																																																																																					0	0	0	None	0		0.000000	1.000000	
007D6A8B	SubRegionBurningSprings01Location	Burning Springs	3	003A404E:LocTypeSubRegion:KYWD	003CD32C:EMSAllowLoadedReRoll:KYWD	007AE59D:LocRegionBurningSprings:KYWD											14	ESSChanceMainGhouls	1.000000		ESSChanceMainRats	1.000000		ESSChanceSubRats	1.000000		ESSChanceMainWolf	1.000000		ESSChanceSubWolf	1.000000		ESSChanceMainBloatfly	1.000000		ESSChanceMainRadroach	1.000000		ESSChanceSubRadroach	1.000000		ESSChanceMainCaveCricket	1.000000		ESSChanceSubCaveCricket	1.000000		ESSChanceMainBURNScorpion	1.000000		ESSChanceSubBURNScorpion	1.000000		ESSChanceMainBURNStingwing	1.000000		ESSChanceSubBURNStingwing	1.000000																																																																																												0	0	0	None	0	007AE5A6:RegionBurningSpringsLocation:Burning Springs	0.000000	1.000000	
007D6A8C	SubRegionBurningSprings02Location	Burning Springs	3	003A404E:LocTypeSubRegion:KYWD	003CD32C:EMSAllowLoadedReRoll:KYWD	007AE59D:LocRegionBurningSprings:KYWD											14	ESSChanceMainGhouls	1.000000		ESSChanceMainRats	1.000000		ESSChanceSubRats	1.000000		ESSChanceMainWolf	1.000000		ESSChanceSubWolf	1.000000		ESSChanceMainBloatfly	1.000000		ESSChanceMainRadroach	1.000000		ESSChanceSubRadroach	1.000000		ESSChanceMainCaveCricket	1.000000		ESSChanceSubCaveCricket	1.000000		ESSChanceMainBURNScorpion	1.000000		ESSChanceSubBURNScorpion	1.000000		ESSChanceMainBURNStingwing	1.000000		ESSChanceSubBURNStingwing	1.000000																																																																																												0	0	0	None	0	007AE5A6:RegionBurningSpringsLocation:Burning Springs	0.000000	1.000000	
007D6A8D	SubRegionBurningSprings03Location	Burning Springs	3	003A404E:LocTypeSubRegion:KYWD	003CD32C:EMSAllowLoadedReRoll:KYWD	007AE59D:LocRegionBurningSprings:KYWD											14	ESSChanceMainGhouls	1.000000		ESSChanceMainRats	1.000000		ESSChanceSubRats	1.000000		ESSChanceMainWolf	1.000000		ESSChanceSubWolf	1.000000		ESSChanceMainBloatfly	1.000000		ESSChanceMainRadroach	1.000000		ESSChanceSubRadroach	1.000000		ESSChanceMainCaveCricket	1.000000		ESSChanceSubCaveCricket	1.000000		ESSChanceMainBURNScorpion	1.000000		ESSChanceSubBURNScorpion	1.000000		ESSChanceMainBURNStingwing	1.000000		ESSChanceSubBURNStingwing	1.000000																																																																																												0	0	0	None	0	007AE5A6:RegionBurningSpringsLocation:Burning Springs	0.000000	1.000000	
007D6A8E	SubRegionBurningSprings04Location	Burning Springs	3	003A404E:LocTypeSubRegion:KYWD	003CD32C:EMSAllowLoadedReRoll:KYWD	007AE59D:LocRegionBurningSprings:KYWD											14	ESSChanceMainGhouls	1.000000		ESSChanceMainRats	1.000000		ESSChanceSubRats	1.000000		ESSChanceMainWolf	1.000000		ESSChanceSubWolf	1.000000		ESSChanceMainBloatfly	1.000000		ESSChanceMainRadroach	1.000000		ESSChanceSubRadroach	1.000000		ESSChanceMainCaveCricket	1.000000		ESSChanceSubCaveCricket	1.000000		ESSChanceMainBURNScorpion	1.000000		ESSChanceSubBURNScorpion	1.000000		ESSChanceMainBURNStingwing	1.000000		ESSChanceSubBURNStingwing	1.000000																																																																																												0	0	0	None	0	007AE5A6:RegionBurningSpringsLocation:Burning Springs	0.000000	1.000000	
007D6A8F	SubRegionBurningSprings05Location	Burning Springs	3	003A404E:LocTypeSubRegion:KYWD	003CD32C:EMSAllowLoadedReRoll:KYWD	007AE59D:LocRegionBurningSprings:KYWD											17	ESSChanceMainGhouls	1.000000		ESSChanceMainViciousDog	1.000000		ESSChanceMainRats	1.000000		ESSChanceSubRats	1.000000		ESSChanceSubScorpionsLARGE	1.000000		ESSChanceMainWolf	1.000000		ESSChanceSubWolf	1.000000		ESSChanceMainBloatfly	1.000000		ESSChanceMainRadroach	1.000000		ESSChanceSubRadroach	1.000000		ESSChanceSubBloatfly	1.000000		ESSChanceMainCaveCricket	1.000000		ESSChanceSubCaveCricket	1.000000		ESSChanceMainBURNScorpion	1.000000		ESSChanceSubBURNScorpion	1.000000		ESSChanceMainBURNStingwing	1.000000		ESSChanceSubBURNStingwing	1.000000																																																																																			0	0	0	None	0	007AE5A6:RegionBurningSpringsLocation:Burning Springs	0.000000	1.000000	
007D6A90	SubRegionBurningSprings06Location	Burning Springs	3	003A404E:LocTypeSubRegion:KYWD	003CD32C:EMSAllowLoadedReRoll:KYWD	007AE59D:LocRegionBurningSprings:KYWD											19	ESSChanceMainGhouls	1.000000		ESSChanceMainInsects	10.000000		ESSChanceSubInsect	10.000000		ESSChanceMainViciousDog	5.000000		ESSChanceMainRats	1.000000		ESSChanceSubRats	1.000000		EMSChanceVariantNormal	45.000000		ESSChanceMainWolf	1.000000		ESSChanceSubWolf	1.000000		ESSChanceMainBloatfly	1.000000		ESSChanceMainRadroach	1.000000		ESSChanceSubRadroach	1.000000		ESSChanceSubBloatfly	5.000000		ESSChanceMainCaveCricket	1.000000		ESSChanceSubCaveCricket	1.000000		ESSChanceMainBURNScorpion	1.000000		ESSChanceSubBURNScorpion	1.000000		ESSChanceMainBURNStingwing	1.000000		ESSChanceSubBURNStingwing	1.000000																																																																													0	0	0	None	0	007AE5A6:RegionBurningSpringsLocation:Burning Springs	0.000000	1.000000	
007D6A91	SubRegionBurningSprings07Location	Burning Springs	3	003A404E:LocTypeSubRegion:KYWD	003CD32C:EMSAllowLoadedReRoll:KYWD	007AE59D:LocRegionBurningSprings:KYWD											14	ESSChanceMainGhouls	1.000000		ESSChanceMainRats	1.000000		ESSChanceSubRats	1.000000		ESSChanceMainWolf	1.000000		ESSChanceSubWolf	1.000000		ESSChanceMainBloatfly	1.000000		ESSChanceMainRadroach	1.000000		ESSChanceSubRadroach	1.000000		ESSChanceMainCaveCricket	1.000000		ESSChanceSubCaveCricket	1.000000		ESSChanceMainBURNScorpion	1.000000		ESSChanceSubBURNScorpion	1.000000		ESSChanceMainBURNStingwing	1.000000		ESSChanceSubBURNStingwing	1.000000																																																																																												0	0	0	None	0	007AE5A6:RegionBurningSpringsLocation:Burning Springs	0.000000	1.000000	
007D6A92	SubRegionBurningSprings08Location	Burning Springs	3	003A404E:LocTypeSubRegion:KYWD	003CD32C:EMSAllowLoadedReRoll:KYWD	007AE59D:LocRegionBurningSprings:KYWD											17	ESSChanceMainGhouls	1.000000		ESSChanceMainViciousDog	5.000000		ESSChanceMainRats	1.000000		ESSChanceSubRats	1.000000		EMSChanceVariantNormal	45.000000		ESSChanceMainWolf	1.000000		ESSChanceSubWolf	1.000000		ESSChanceMainBloatfly	1.000000		ESSChanceMainRadroach	1.000000		ESSChanceSubRadroach	1.000000		ESSChanceSubBloatfly	5.000000		ESSChanceMainCaveCricket	1.000000		ESSChanceSubCaveCricket	1.000000		ESSChanceMainBURNScorpion	1.000000		ESSChanceSubBURNScorpion	1.000000		ESSChanceMainBURNStingwing	1.000000		ESSChanceSubBURNStingwing	1.000000																																																																																			0	0	0	None	0	007AE5A6:RegionBurningSpringsLocation:Burning Springs	0.000000	1.000000	
007D6A93	SubRegionBurningSprings09Location	Burning Springs	3	003A404E:LocTypeSubRegion:KYWD	003CD32C:EMSAllowLoadedReRoll:KYWD	007AE59D:LocRegionBurningSprings:KYWD											17	ESSChanceMainGhouls	1.000000		ESSChanceMainViciousDog	5.000000		ESSChanceMainRats	1.000000		ESSChanceSubRats	1.000000		EMSChanceVariantNormal	45.000000		ESSChanceMainWolf	1.000000		ESSChanceSubWolf	1.000000		ESSChanceMainBloatfly	1.000000		ESSChanceMainRadroach	1.000000		ESSChanceSubRadroach	1.000000		ESSChanceSubBloatfly	5.000000		ESSChanceMainCaveCricket	1.000000		ESSChanceSubCaveCricket	1.000000		ESSChanceMainBURNScorpion	1.000000		ESSChanceSubBURNScorpion	1.000000		ESSChanceMainBURNStingwing	1.000000		ESSChanceSubBURNStingwing	1.000000																																																																																			0	0	0	None	0	007AE5A6:RegionBurningSpringsLocation:Burning Springs	0.000000	1.000000	
007D6A94	SubRegionBurningSprings10Location	Burning Springs	3	003A404E:LocTypeSubRegion:KYWD	003CD32C:EMSAllowLoadedReRoll:KYWD	007AE59D:LocRegionBurningSprings:KYWD											11	ESSChanceMainWolf	1.000000		ESSChanceSubWolf	1.000000		ESSChanceMainBloatfly	1.000000		ESSChanceMainRadroach	1.000000		ESSChanceSubRadroach	1.000000		ESSChanceMainCaveCricket	1.000000		ESSChanceSubCaveCricket	1.000000		ESSChanceMainBURNScorpion	1.000000		ESSChanceSubBURNScorpion	1.000000		ESSChanceMainBURNStingwing	1.000000		ESSChanceSubBURNStingwing	1.000000																																																																																																					0	0	0	None	0	007AE5A6:RegionBurningSpringsLocation:Burning Springs	0.000000	1.000000	
007D6A95	SubRegionBurningSprings11Location	Burning Springs	3	003A404E:LocTypeSubRegion:KYWD	003CD32C:EMSAllowLoadedReRoll:KYWD	007AE59D:LocRegionBurningSprings:KYWD											17	ESSChanceMainRats	1.000000		ESSChanceSubViciousDog	1.000000		ESSChanceSubRats	0.500000		ESSChanceMainWolf	1.000000		ESSChanceSubWolf	1.000000		ESSChanceMainBloatfly	1.000000		ESSChanceMainRadroach	1.000000		ESSChanceSubRadroach	1.000000		ESSChanceSubBloatfly	0.500000		ESSChanceSubBloodbug	0.500000		ESSChanceMainCaveCricket	1.000000		ESSChanceSubCaveCricket	1.000000		ESSChanceSubTick	1.000000		ESSChanceMainBURNScorpion	1.000000		ESSChanceSubBURNScorpion	1.000000		ESSChanceMainBURNStingwing	1.000000		ESSChanceSubBURNStingwing	1.000000																																																																																			0	0	0	None	0	007AE5A6:RegionBurningSpringsLocation:Burning Springs	0.000000	1.000000	
007D6A96	SubRegionBurningSprings12Location	Burning Springs	3	003A404E:LocTypeSubRegion:KYWD	003CD32C:EMSAllowLoadedReRoll:KYWD	007AE59D:LocRegionBurningSprings:KYWD											14	ESSChanceSubGhoul	20.000000		ESSChanceMainWolf	1.000000		ESSChanceSubWolf	1.000000		ESSChanceMainBloatfly	1.000000		ESSChanceMainRadroach	1.000000		ESSChanceSubRadroach	1.000000		ESSChanceSubBloatfly	20.000000		ESSChanceMainToadLARGE	50.000000		ESSChanceMainCaveCricket	1.000000		ESSChanceSubCaveCricket	1.000000		ESSChanceMainBURNScorpion	1.000000		ESSChanceSubBURNScorpion	1.000000		ESSChanceMainBURNStingwing	1.000000		ESSChanceSubBURNStingwing	1.000000																																																																																												0	0	0	None	0	00095004:RegionForestFloodlandsLocation:The Forest	0.000000	1.000000	
007D6A97	SubRegionBurningSprings13Location	Burning Springs	3	003A404E:LocTypeSubRegion:KYWD	003CD32C:EMSAllowLoadedReRoll:KYWD	007AE59D:LocRegionBurningSprings:KYWD											12	ESSChanceMainWolf	1.000000		ESSChanceSubWolf	1.000000		ESSChanceMainBloatfly	1.000000		ESSChanceMainRadroach	1.000000		ESSChanceSubRadroach	1.000000		ESSChanceSubBloatfly	1.000000		ESSChanceMainCaveCricket	1.000000		ESSChanceSubCaveCricket	1.000000		ESSChanceMainBURNScorpion	1.000000		ESSChanceSubBURNScorpion	1.000000		ESSChanceMainBURNStingwing	1.000000		ESSChanceSubBURNStingwing	1.000000																																																																																																		0	0	0	None	0	007AE5A6:RegionBurningSpringsLocation:Burning Springs	0.000000	1.000000	
007D6A98	SubRegionBurningSprings14Location	Burning Springs	3	003A404E:LocTypeSubRegion:KYWD	003CD32C:EMSAllowLoadedReRoll:KYWD	007AE59D:LocRegionBurningSprings:KYWD											11	ESSChanceMainWolf	1.000000		ESSChanceSubWolf	1.000000		ESSChanceMainBloatfly	1.000000		ESSChanceMainRadroach	1.000000		ESSChanceSubRadroach	1.000000		ESSChanceMainCaveCricket	1.000000		ESSChanceSubCaveCricket	1.000000		ESSChanceMainBURNScorpion	1.000000		ESSChanceSubBURNScorpion	1.000000		ESSChanceMainBURNStingwing	1.000000		ESSChanceSubBURNStingwing	1.000000																																																																																																					0	0	0	None	0	007AE5A6:RegionBurningSpringsLocation:Burning Springs	0.000000	1.000000	
007D6A99	SubRegionBurningSprings15Location	Burning Springs	3	003A404E:LocTypeSubRegion:KYWD	003CD32C:EMSAllowLoadedReRoll:KYWD	007AE59D:LocRegionBurningSprings:KYWD											11	ESSChanceMainWolf	1.000000		ESSChanceSubWolf	1.000000		ESSChanceMainBloatfly	1.000000		ESSChanceMainRadroach	1.000000		ESSChanceSubRadroach	1.000000		ESSChanceMainCaveCricket	1.000000		ESSChanceSubCaveCricket	1.000000		ESSChanceMainBURNScorpion	1.000000		ESSChanceSubBURNScorpion	1.000000		ESSChanceMainBURNStingwing	1.000000		ESSChanceSubBURNStingwing	1.000000																																																																																																					0	0	0	None	0	007AE5A6:RegionBurningSpringsLocation:Burning Springs	0.000000	1.000000	
007D6A9A	SubRegionBurningSprings16Location	Burning Springs	3	003A404E:LocTypeSubRegion:KYWD	003CD32C:EMSAllowLoadedReRoll:KYWD	007AE59D:LocRegionBurningSprings:KYWD											14	ESSChanceMainGhouls	1.000000		ESSChanceSubGhoul	1.000000		ESSChanceMainWolf	1.000000		ESSChanceSubWolf	1.000000		ESSChanceMainBloatfly	1.000000		ESSChanceMainRadroach	1.000000		ESSChanceSubRadroach	1.000000		ESSChanceSubBloatfly	5.000000		ESSChanceMainCaveCricket	1.000000		ESSChanceSubCaveCricket	1.000000		ESSChanceMainBURNScorpion	1.000000		ESSChanceSubBURNScorpion	1.000000		ESSChanceMainBURNStingwing	1.000000		ESSChanceSubBURNStingwing	1.000000																																																																																												0	0	0	None	0	007AE5A6:RegionBurningSpringsLocation:Burning Springs	0.000000	1.000000	
007D6A9B	SubRegionBurningSprings17Location	Burning Springs	3	003A404E:LocTypeSubRegion:KYWD	003CD32C:EMSAllowLoadedReRoll:KYWD	007AE59D:LocRegionBurningSprings:KYWD											18	ESSChanceMainGhouls	1.000000		ESSChanceMainInsects	10.000000		ESSChanceSubGhoul	1.000000		ESSChanceSubInsect	10.000000		ESSChanceMainViciousDog	5.000000		EMSChanceVariantNormal	45.000000		ESSChanceMainWolf	1.000000		ESSChanceSubWolf	1.000000		ESSChanceMainBloatfly	1.000000		ESSChanceMainRadroach	1.000000		ESSChanceSubRadroach	1.000000		ESSChanceSubBloatfly	5.000000		ESSChanceMainCaveCricket	1.000000		ESSChanceSubCaveCricket	1.000000		ESSChanceMainBURNScorpion	1.000000		ESSChanceSubBURNScorpion	1.000000		ESSChanceMainBURNStingwing	1.000000		ESSChanceSubBURNStingwing	1.000000																																																																																0	0	0	None	0	007AE5A6:RegionBurningSpringsLocation:Burning Springs	0.000000	1.000000	
007D6A9C	SubRegionBurningSprings18Location	Burning Springs	3	003A404E:LocTypeSubRegion:KYWD	003CD32C:EMSAllowLoadedReRoll:KYWD	007AE59D:LocRegionBurningSprings:KYWD											15	ESSChanceMainGhouls	1.000000		ESSChanceSubGhoul	1.000000		ESSChanceMainViciousDog	25.000000		ESSChanceMainWolf	1.000000		ESSChanceSubWolf	1.000000		ESSChanceMainBloatfly	1.000000		ESSChanceMainRadroach	1.000000		ESSChanceSubRadroach	1.000000		ESSChanceSubBloatfly	5.000000		ESSChanceMainCaveCricket	1.000000		ESSChanceSubCaveCricket	1.000000		ESSChanceMainBURNScorpion	1.000000		ESSChanceSubBURNScorpion	1.000000		ESSChanceMainBURNStingwing	1.000000		ESSChanceSubBURNStingwing	1.000000																																																																																									0	0	0	None	0	007AE5A6:RegionBurningSpringsLocation:Burning Springs	0.000000	1.000000	
007D6A9D	SubRegionBurningSprings19Location	Burning Springs	3	003A404E:LocTypeSubRegion:KYWD	003CD32C:EMSAllowLoadedReRoll:KYWD	007AE59D:LocRegionBurningSprings:KYWD											14	ESSChanceMainGhouls	1.000000		ESSChanceSubGhoul	1.000000		ESSChanceMainWolf	1.000000		ESSChanceSubWolf	1.000000		ESSChanceMainBloatfly	1.000000		ESSChanceMainRadroach	1.000000		ESSChanceSubRadroach	1.000000		ESSChanceSubBloatfly	5.000000		ESSChanceMainCaveCricket	1.000000		ESSChanceSubCaveCricket	1.000000		ESSChanceMainBURNScorpion	1.000000		ESSChanceSubBURNScorpion	1.000000		ESSChanceMainBURNStingwing	1.000000		ESSChanceSubBURNStingwing	1.000000																																																																																												0	0	0	None	0	007AE5A6:RegionBurningSpringsLocation:Burning Springs	0.000000	1.000000	
007D6A9E	SubRegionBurningSprings20Location	Burning Springs	3	003A404E:LocTypeSubRegion:KYWD	003CD32C:EMSAllowLoadedReRoll:KYWD	007AE59D:LocRegionBurningSprings:KYWD											18	ESSChanceMainGhouls	1.000000		ESSChanceSubGhoul	1.000000		ESSChanceSubInsect	20.000000		ESSChanceSubRats	50.000000		ESSChanceMainWolf	1.000000		ESSChanceSubWolf	1.000000		ESSChanceMainBloodbug	20.000000		ESSChanceMainBloatfly	1.000000		ESSChanceMainRadroach	1.000000		ESSChanceSubRadroach	1.000000		ESSChanceSubBloatfly	5.000000		ESSChanceSubBloodbug	20.000000		ESSChanceMainCaveCricket	1.000000		ESSChanceSubCaveCricket	1.000000		ESSChanceMainBURNScorpion	1.000000		ESSChanceSubBURNScorpion	1.000000		ESSChanceMainBURNStingwing	1.000000		ESSChanceSubBURNStingwing	1.000000																																																																																0	0	0	None	0	007AE5A6:RegionBurningSpringsLocation:Burning Springs	0.000000	1.000000	
007D9F4E	LocBurnRailroadServiceYardExtLocation	Railroad Service Yard	9	000254BC:LocTypeDungeonMajor:KYWD	00064EDE:LocTypeClearable:KYWD	0033FE91:LocTypeFastTravelDestination:KYWD	00396B77:LocTypeDungeon:KYWD	003D4B10:LocLootScaleMedium:KYWD	004E855C:LocThemeWorkingClass:KYWD	0055C693:DungeonTypeCamp:KYWD	007AE59D:LocRegionBurningSprings:KYWD	0083C255:Burn_Bounty_IsBountyLocation:KYWD					0																																																																																																																																					0	0	0	None	0	007AE5A6:RegionBurningSpringsLocation:Burning Springs	0.000000	1.000000	
007DF77D	BURN_SQ01_TestCellLocation	Rust Kingdom Arena TEST	3	000067D1:LocEncMainScorched:KYWD	000067E6:LocEncSubMirelurks:KYWD	00180819:EMSIgnoredLocation:KYWD											0																																																																																																																																					0	0	0	None	0		0.000000	1.000000	
007E8084	LocBurnHighwayTownExtLocation	Highway Town	4	0033FE91:LocTypeFastTravelDestination:KYWD	003D5B64:LocLootScaleLarge:KYWD	004E855B:LocThemeGeneral:KYWD	007AE59D:LocRegionBurningSprings:KYWD										0																																																																																																																																					0	0	0	None	0	007AE5A6:RegionBurningSpringsLocation:Burning Springs	0.000000	1.000000	
007ED7B0	LocBurnDriveinWorkshopLocation	Starlight Drive-in	9	000234F1:LocTypeWorkshop:KYWD	00064EDE:LocTypeClearable:KYWD	0033FE91:LocTypeFastTravelDestination:KYWD	003A5E71:LocEncSupportLarge:KYWD	003A5E72:LocEncSupportGiant:KYWD	003AEDF7:LocTypeWorkshopPublic:KYWD	003D4B10:LocLootScaleMedium:KYWD	004E855C:LocThemeWorkingClass:KYWD	007AE59D:LocRegionBurningSprings:KYWD					8	Food	5.000000		Water	8.000000		ESSChanceMainGhouls	5.000000		ResourceAV_Aluminum	3.000000		ResourceAV_Scavenge	1.000000		WorkshopBudgetLocation	1500.000000		ResourceAV_Circuitry_Scrap	1.000000		ResourceAV_FiberOptics_Scrap	1.000000																																																																																																														0	0	0	Workshop	0	007D6A93:SubRegionBurningSprings09Location:Burning Springs	0.000000	1.000000	
007F03B9	BURN_JacksonJunkyardLOC	Jackson Junkyard	4	0033FE91:LocTypeFastTravelDestination:KYWD	003D5B63:LocLootScaleSmall:KYWD	004E855B:LocThemeGeneral:KYWD	007AE59D:LocRegionBurningSprings:KYWD										0																																																																																																																																					0	0	0	None	0	007D6A97:SubRegionBurningSprings13Location:Burning Springs	0.000000	1.000000	
007F1937	LocBurnDinoGolf	Dino Peaks Mini Golf	6	0033FE91:LocTypeFastTravelDestination:KYWD	003D4B10:LocLootScaleMedium:KYWD	004E855D:LocThemeWhiteCollar:KYWD	0055C69F:DungeonTypeResort:KYWD	007AE59D:LocRegionBurningSprings:KYWD	0083C255:Burn_Bounty_IsBountyLocation:KYWD								0																																																																																																																																					0	0	0	None	0	007AE5A6:RegionBurningSpringsLocation:Burning Springs	0.000000	1.000000	
007F1E8D	LocBurnHighwayTownInteriorLocation	Highway Town	6	00003954:LocTypeInteriorCell:KYWD	0033FE91:LocTypeFastTravelDestination:KYWD	003D5B64:LocLootScaleLarge:KYWD	004E855B:LocThemeGeneral:KYWD	0057E1EC:LocTypeInstancedCell:KYWD	007AE59D:LocRegionBurningSprings:KYWD								0																																																																																																																																					0	0	1	None	99	007E8084:LocBurnHighwayTownExtLocation:Highway Town	0.000000	1.000000	
007F67FA	LocBurnFrontierFortLocation_Copy01	Fort Michellé	8	000254BC:LocTypeDungeonMajor:KYWD	00064EDE:LocTypeClearable:KYWD	0033FE91:LocTypeFastTravelDestination:KYWD	00396B77:LocTypeDungeon:KYWD	003D4B10:LocLootScaleMedium:KYWD	004E8564:LocThemeRaider:KYWD	0055C693:DungeonTypeCamp:KYWD	007AE59D:LocRegionBurningSprings:KYWD						0																																																																																																																																					0	0	0	None	0	007AE5A6:RegionBurningSpringsLocation:Burning Springs	0.000000	1.000000	
007F67FB	LocBurnCornhengeLocation	World of Corn	4	0033FE91:LocTypeFastTravelDestination:KYWD	003D4B10:LocLootScaleMedium:KYWD	004E855B:LocThemeGeneral:KYWD	007AE59D:LocRegionBurningSprings:KYWD										0																																																																																																																																					0	0	0	None	0	007AE5A6:RegionBurningSpringsLocation:Burning Springs	0.000000	1.000000	
007F6807	zzzLocBurnCornhengeLocation_Copy01	Cornhenge	4	0033FE91:LocTypeFastTravelDestination:KYWD	003D4B10:LocLootScaleMedium:KYWD	004E855B:LocThemeGeneral:KYWD	007AE59D:LocRegionBurningSprings:KYWD										0																																																																																																																																					0	0	0	None	0	007AE5A6:RegionBurningSpringsLocation:Burning Springs	0.000000	1.000000	
007F6808	LocBurnAshCaveLocation	Ash Cave	8	0033FE91:LocTypeFastTravelDestination:KYWD	003D4B10:LocLootScaleMedium:KYWD	004E8564:LocThemeRaider:KYWD	0055C693:DungeonTypeCamp:KYWD	007AE59D:LocRegionBurningSprings:KYWD	00804F7D:LocTypeFishingLocalLegend:KYWD	0083B061:Burn_Bounty_LocationRustRaider:KYWD	0083C255:Burn_Bounty_IsBountyLocation:KYWD						0																																																																																																																																					0	0	0	None	0	007AE5A6:RegionBurningSpringsLocation:Burning Springs	0.000000	1.000000	
007F74C0	LocBurnTrainStationLocation	Hocking Hills Station	4	0033FE91:LocTypeFastTravelDestination:KYWD	003D4B10:LocLootScaleMedium:KYWD	004E855B:LocThemeGeneral:KYWD	007AE59D:LocRegionBurningSprings:KYWD										0																																																																																																																																					0	0	1	None	99	007AE5A6:RegionBurningSpringsLocation:Burning Springs	0.000000	1.000000	
007F74C1	zzzLocBurnCornhengeLocation_Copy02	Cornhenge	4	0033FE91:LocTypeFastTravelDestination:KYWD	003D4B10:LocLootScaleMedium:KYWD	004E855B:LocThemeGeneral:KYWD	007AE59D:LocRegionBurningSprings:KYWD										0																																																																																																																																					0	0	0	None	0	007AE5A6:RegionBurningSpringsLocation:Burning Springs	0.000000	1.000000	
007F9CE9	LocBurnAthensLocation	Athens Ruins	5	0033FE91:LocTypeFastTravelDestination:KYWD	003D5B64:LocLootScaleLarge:KYWD	004E855B:LocThemeGeneral:KYWD	007AE59D:LocRegionBurningSprings:KYWD	0083C255:Burn_Bounty_IsBountyLocation:KYWD									0																																																																																																																																					0	0	0	None	0	007AE5A6:RegionBurningSpringsLocation:Burning Springs	0.000000	1.000000	
007F9CEA	LocBurnAthensArmoryLocation	Athens Armory	6	0033FE91:LocTypeFastTravelDestination:KYWD	003D5B64:LocLootScaleLarge:KYWD	00486836:ClothingTypeMilitary:KYWD	004E855F:LocThemeMilitary:KYWD	007AE59D:LocRegionBurningSprings:KYWD	0083C255:Burn_Bounty_IsBountyLocation:KYWD								0																																																																																																																																					0	0	0	None	0	007F9CE9:LocBurnAthensLocation:Athens Ruins	0.000000	1.000000	
007FE29F	LocBurnDinoGolfDinerInteriorLocation	Dino Golf Diner	5	00003954:LocTypeInteriorCell:KYWD	00003955:LocTypeHouse:KYWD	003D5B63:LocLootScaleSmall:KYWD	0057E1EC:LocTypeInstancedCell:KYWD	007AE59D:LocRegionBurningSprings:KYWD									0																																																																																																																																					0	0	0	None	0	007F1937:LocBurnDinoGolf:Dino Peaks Mini Golf	0.000000	1.000000	
007FE837	LocBurnRustKingdomInteriorLocation	Rust Kingdom Interior	6	00003954:LocTypeInteriorCell:KYWD	003A5E72:LocEncSupportGiant:KYWD	003D5B64:LocLootScaleLarge:KYWD	004E8564:LocThemeRaider:KYWD	0057E1EC:LocTypeInstancedCell:KYWD	007AE59D:LocRegionBurningSprings:KYWD								1	ESSChanceMainDeathclawGIANTONLY	5.000000																																																																																																																																			0	0	0	None	0	007D23FF:LocBurnRustKingdomExtLocation:The Rust Kingdom	0.000000	1.000000	
00802105	LocBurnCheckpointCanyonInt	Checkpoint Canyon Interior	4	00003954:LocTypeInteriorCell:KYWD	003D5B63:LocLootScaleSmall:KYWD	004E8564:LocThemeRaider:KYWD	007AE59D:LocRegionBurningSprings:KYWD										0																																																																																																																																					0	0	0	None	0	007D0DDB:LocBurnCheckpointCanyonExt:Checkpoint Canyon	0.000000	1.000000	
00802CCF	LocBurnChopShop_Basement_Int	The Chop Shop Basement	4	00003954:LocTypeInteriorCell:KYWD	003D5B63:LocLootScaleSmall:KYWD	0057E1EC:LocTypeInstancedCell:KYWD	007AE59D:LocRegionBurningSprings:KYWD										0																																																																																																																																					0	0	0	None	0	007D2A0E:LocBurnChopShop:The Chop Shop	0.000000	1.000000	
00805895	DebugABlackLocation	DebugABlackLocation	1	00003954:LocTypeInteriorCell:KYWD													0																																																																																																																																					0	0	0	None	0		0.000000	1.000000	
0080BFF1	LocBurnSinkholeLocation	Tycoon Lake	7	00064EDE:LocTypeClearable:KYWD	0033FE91:LocTypeFastTravelDestination:KYWD	003A5E71:LocEncSupportLarge:KYWD	003A5E72:LocEncSupportGiant:KYWD	003D4B10:LocLootScaleMedium:KYWD	004E8569:LocThemeOutdoors:KYWD	007AE59D:LocRegionBurningSprings:KYWD							2	ESSChanceMainMutationsLARGE	5.000000		ESSChanceMainScorpionsLARGE	5.000000																																																																																																																																0	0	0	None	0	007D6A9E:SubRegionBurningSprings20Location:Burning Springs	0.000000	1.000000	
00815E95	LocBurnRailroadServiceYardInteriorLocation	Railroad Service Yard Interior	4	00003954:LocTypeInteriorCell:KYWD	003D5B63:LocLootScaleSmall:KYWD	0057E1EC:LocTypeInstancedCell:KYWD	007AE59D:LocRegionBurningSprings:KYWD										0																																																																																																																																					0	0	20	None	99	007D9F4E:LocBurnRailroadServiceYardExtLocation:Railroad Service Yard	0.000000	1.000000	
0081A73B	Burn_E02_Sinkhole_TestCell_Location	Test Area	3	000067D1:LocEncMainScorched:KYWD	000067E6:LocEncSubMirelurks:KYWD	00180819:EMSIgnoredLocation:KYWD											0																																																																																																																																					0	0	0	None	0		0.000000	1.000000	
0081A73C	TestD11Location_JCTest_P1_Copy01	Test Area	3	000067D1:LocEncMainScorched:KYWD	000067E6:LocEncSubMirelurks:KYWD	00180819:EMSIgnoredLocation:KYWD											0																																																																																																																																					0	0	0	None	0		0.000000	1.000000	
0081E4EF	LocBurnHighwayTownInteriorMooseLocation_Moose	Highway Town	6	00003954:LocTypeInteriorCell:KYWD	003D5B63:LocLootScaleSmall:KYWD	004E855B:LocThemeGeneral:KYWD	0055C697:DungeonTypeHouse:KYWD	0057E1EC:LocTypeInstancedCell:KYWD	007AE59D:LocRegionBurningSprings:KYWD								0																																																																																																																																					0	0	0	None	0	007F1E8D:LocBurnHighwayTownInteriorLocation:Highway Town	0.000000	1.000000	
00821663	LocBurnHighwayTownInteriorEugeneLocation_Eugene	Highway Town	6	00003954:LocTypeInteriorCell:KYWD	003D5B63:LocLootScaleSmall:KYWD	004E855B:LocThemeGeneral:KYWD	0055C697:DungeonTypeHouse:KYWD	0057E1EC:LocTypeInstancedCell:KYWD	007AE59D:LocRegionBurningSprings:KYWD								0																																																																																																																																					0	0	0	None	0	007F1E8D:LocBurnHighwayTownInteriorLocation:Highway Town	0.000000	1.000000	
00821B76	LocBurnAbraxodyneHQInteriorLocation	Abraxodyne Chemical's Regulatory Compliance Office	5	00003954:LocTypeInteriorCell:KYWD	003D5B63:LocLootScaleSmall:KYWD	004E855D:LocThemeWhiteCollar:KYWD	0057E1EC:LocTypeInstancedCell:KYWD	007AE59D:LocRegionBurningSprings:KYWD									0																																																																																																																																					0	0	0	None	0	007F9CE9:LocBurnAthensLocation:Athens Ruins	0.000000	1.000000	
00821ED9	LocBurnHighwayTownInteriorLoanSharkLocation_LoanShark	Highway Town	6	00003954:LocTypeInteriorCell:KYWD	003D5B63:LocLootScaleSmall:KYWD	004E855B:LocThemeGeneral:KYWD	0055C697:DungeonTypeHouse:KYWD	0057E1EC:LocTypeInstancedCell:KYWD	007AE59D:LocRegionBurningSprings:KYWD								0																																																																																																																																					0	0	0	None	0	007F1E8D:LocBurnHighwayTownInteriorLocation:Highway Town	0.000000	1.000000	
008258EA	LocBurnAthensInteriorExecLocation_Exec	Athens	6	00003954:LocTypeInteriorCell:KYWD	003D5B63:LocLootScaleSmall:KYWD	004E855B:LocThemeGeneral:KYWD	0055C697:DungeonTypeHouse:KYWD	0057E1EC:LocTypeInstancedCell:KYWD	007AE59D:LocRegionBurningSprings:KYWD								0																																																																																																																																					0	0	0	None	0	007F9CE9:LocBurnAthensLocation:Athens Ruins	0.000000	1.000000	
00827322	BURN_ESSChanceOverride_MainLargeOnly	Main Large Only	2	003CD32C:EMSAllowLoadedReRoll:KYWD	007AE59D:LocRegionBurningSprings:KYWD												2	ESSChanceSubBURNScorpion	1.000000		ESSChanceSubBURNStingwing	1.000000																																																																																																																																0	0	0	None	0	007AE5A6:RegionBurningSpringsLocation:Burning Springs	0.000000	1.000000	
0084BBF7	LocBurnPOI54	Burning Springs POI 54	1	00180819:EMSIgnoredLocation:KYWD													0																																																																																																																																					0	0	0	None	0		0.000000	1.000000	
0084DB65	LocBurnPOI71PlaygroundLocation	Cobby's Corner	5	003D4B10:LocLootScaleMedium:KYWD	004E855B:LocThemeGeneral:KYWD	007AE59D:LocRegionBurningSprings:KYWD	0083B061:Burn_Bounty_LocationRustRaider:KYWD	0083C255:Burn_Bounty_IsBountyLocation:KYWD									0																																																																																																																																					0	0	0	None	0	007AE5A6:RegionBurningSpringsLocation:Burning Springs	0.000000	1.000000	
0084DB66	zzzLocBurnCornhengeLocationCopy03	World of Corn	4	0033FE91:LocTypeFastTravelDestination:KYWD	003D4B10:LocLootScaleMedium:KYWD	004E855B:LocThemeGeneral:KYWD	007AE59D:LocRegionBurningSprings:KYWD										0																																																																																																																																					0	0	0	None	0	007AE5A6:RegionBurningSpringsLocation:Burning Springs	0.000000	1.000000	
0084DB5F	LocBurnPOI32DesolateEncampmentCampLocation	Hamley Run Camp	6	0033FE91:LocTypeFastTravelDestination:KYWD	003D4B10:LocLootScaleMedium:KYWD	004E855B:LocThemeGeneral:KYWD	007AE59D:LocRegionBurningSprings:KYWD	0083B061:Burn_Bounty_LocationRustRaider:KYWD	0083C255:Burn_Bounty_IsBountyLocation:KYWD								0																																																																																																																																					0	0	0	None	0	007AE5A6:RegionBurningSpringsLocation:Burning Springs	0.000000	1.000000	
0084DB5C	LocBurnPOI19SockHopLocation	Sandy's Sock Hop	6	0033FE91:LocTypeFastTravelDestination:KYWD	003D4B10:LocLootScaleMedium:KYWD	004E855B:LocThemeGeneral:KYWD	007AE59D:LocRegionBurningSprings:KYWD	0083B062:Burn_Bounty_LocationFeral:KYWD	0083C255:Burn_Bounty_IsBountyLocation:KYWD								0																																																																																																																																					0	0	0	None	0	007AE5A6:RegionBurningSpringsLocation:Burning Springs	0.000000	1.000000	
0084DB60	LocBurnPOI54AlbanyLocation	Albany	6	0033FE91:LocTypeFastTravelDestination:KYWD	003D4B10:LocLootScaleMedium:KYWD	004E855B:LocThemeGeneral:KYWD	007AE59D:LocRegionBurningSprings:KYWD	0083B061:Burn_Bounty_LocationRustRaider:KYWD	0083C255:Burn_Bounty_IsBountyLocation:KYWD								0																																																																																																																																					0	0	0	None	0	007AE5A6:RegionBurningSpringsLocation:Burning Springs	0.000000	1.000000	
0084DB61	LocBurnPOI59LanganMillLocation	Sand Fork Lumber	6	0033FE91:LocTypeFastTravelDestination:KYWD	003D4B10:LocLootScaleMedium:KYWD	004E855B:LocThemeGeneral:KYWD	007AE59D:LocRegionBurningSprings:KYWD	0083B061:Burn_Bounty_LocationRustRaider:KYWD	0083C255:Burn_Bounty_IsBountyLocation:KYWD								0																																																																																																																																					0	0	0	None	0	007AE5A6:RegionBurningSpringsLocation:Burning Springs	0.000000	1.000000	
0084DB5D	LocBurnPOI16HillsideChurchLocation	Shade Hill Church	6	0033FE91:LocTypeFastTravelDestination:KYWD	003D4B10:LocLootScaleMedium:KYWD	004E855B:LocThemeGeneral:KYWD	007AE59D:LocRegionBurningSprings:KYWD	0083B062:Burn_Bounty_LocationFeral:KYWD	0083C255:Burn_Bounty_IsBountyLocation:KYWD								0																																																																																																																																					0	0	0	None	0	007AE5A6:RegionBurningSpringsLocation:Burning Springs	0.000000	1.000000	
0084DB62	LocBurnPOI73DerelictPowerSubstationLocation	Abraxodyne Chemical Power Substation	6	0033FE91:LocTypeFastTravelDestination:KYWD	003D4B10:LocLootScaleMedium:KYWD	004E855B:LocThemeGeneral:KYWD	007AE59D:LocRegionBurningSprings:KYWD	0083B061:Burn_Bounty_LocationRustRaider:KYWD	0083C255:Burn_Bounty_IsBountyLocation:KYWD								0																																																																																																																																					0	0	0	None	0	007AE5A6:RegionBurningSpringsLocation:Burning Springs	0.000000	1.000000	
0084DB63	LocBurnPOI133AbraxodyneStorageDepotLocation	Meadow Breeze Storage Depot	6	0033FE91:LocTypeFastTravelDestination:KYWD	003D4B10:LocLootScaleMedium:KYWD	004E855B:LocThemeGeneral:KYWD	007AE59D:LocRegionBurningSprings:KYWD	0083B061:Burn_Bounty_LocationRustRaider:KYWD	0083C255:Burn_Bounty_IsBountyLocation:KYWD								0																																																																																																																																					0	0	0	None	0	007AE5A6:RegionBurningSpringsLocation:Burning Springs	0.000000	1.000000	
0084DB5E	LocBurnPOI41ApiaryLocation	Honey Well Apiary	6	0033FE91:LocTypeFastTravelDestination:KYWD	003D4B10:LocLootScaleMedium:KYWD	004E855B:LocThemeGeneral:KYWD	007AE59D:LocRegionBurningSprings:KYWD	0083B061:Burn_Bounty_LocationRustRaider:KYWD	0083C255:Burn_Bounty_IsBountyLocation:KYWD								0																																																																																																																																					0	0	0	None	0	007AE5A6:RegionBurningSpringsLocation:Burning Springs	0.000000	1.000000	
0084DB64	LocBurnPOI101WildwoodRanchLocation	Westbrook Horse Ranch	6	0033FE91:LocTypeFastTravelDestination:KYWD	003D4B10:LocLootScaleMedium:KYWD	004E855B:LocThemeGeneral:KYWD	007AE59D:LocRegionBurningSprings:KYWD	0083B061:Burn_Bounty_LocationRustRaider:KYWD	0083C255:Burn_Bounty_IsBountyLocation:KYWD								0																																																																																																																																					0	0	0	None	0	007AE5A6:RegionBurningSpringsLocation:Burning Springs	0.000000	1.000000	
0084E8A5	LocBurnPOI37UFOWatcherLocation	Prospect Hill	6	0033FE91:LocTypeFastTravelDestination:KYWD	003D4B10:LocLootScaleMedium:KYWD	004E855B:LocThemeGeneral:KYWD	007AE59D:LocRegionBurningSprings:KYWD	0083B061:Burn_Bounty_LocationRustRaider:KYWD	0083C255:Burn_Bounty_IsBountyLocation:KYWD								0																																																																																																																																					0	0	0	None	0	007AE5A6:RegionBurningSpringsLocation:Burning Springs	0.000000	1.000000	
0085258A	SheltersLocation_WranglerCasino	Atomic Wrangler Casino	1	007BD03F:LocTypeFishingExcluded:KYWD													1	WorkshopBudgetLocation	1500.000000																																																																																																																																			0	0	0	None	1		0.000000	1.000000	
0086A801	SheltersLocation_ProspectorSaloon	Prospector Saloon Shelter	0														1	WorkshopBudgetLocation	700.000000																																																																																																																																			0	0	0	None	1		0.000000	1.000000	
008952F9	DebugBarbaraFLocation	Debug BarbaraF Location	0														0																																																																																																																																					0	0	50	None	99		0.000000	1.000000	
008A4D0C	DebugBarbaraFInstancedLocation	Debug BarbaraF Location	0														0																																																																																																																																					0	0	50	None	99		0.000000	1.000000	
008A5476	SheltersLocation_RestrictedArea	Restricted Area Shelter	1	007BD03F:LocTypeFishingExcluded:KYWD													1	WorkshopBudgetLocation	1500.000000																																																																																																																																			0	0	0	None	1		0.000000	1.000000	
008B4C4A	SheltersLocation_MoonlightCamp	Moonlight Camp Shelter	1	007BD03F:LocTypeFishingExcluded:KYWD													1	WorkshopBudgetLocation	1500.000000																																																																																																																																			0	0	0	None	1		10000.000000	1.000000	
008DC6CF	SheltersLocation_VaultTecTrainingCenter	Vault-Tec Training Center	0														3	WorkshopBuildRadius	2700.000000		WorkshopBudgetLocation	700.000000		WorkshopBuildHeight	2000.000000																																																																																																																													0	0	0	None	1		0.000000	1.000000	
