LGDI_FormID	LGDI_EDID	ModIndex	StarSlot	OMOD_FormID	OMOD_EDID	OMOD_FULL	ModPool_Refs
00417C42	LegendaryItems_Weapons_Ranged_Rank1	0	First Star Slot	007904EA	modcol_Legendary_Crafting_Weapon1	Random Legendary Mod	modcol_Legendary_Crafting_Weapon1 [OMOD:007904EA] | mod_Legendary_Weapon1_AntiArmor [OMOD:005281B4] | mod_Legendary_Weapon1_Medic [OMOD:0075EAC6] | mod_Legendary_Weapon1_DamageAddiction [OMOD:004F6AAB] | mod_Legendary_Weapon1_DamageFirstBlood [OMOD:004F6AA5] | mod_Legendary_Weapon1_DamageInverseHealth [OMOD:004F6AA0] | mod_Legendary_Weapon1_DamageNight [OMOD:004F6AAE] | mod_Legendary_Weapon1_DamageUnarmored [OMOD:004F6AA7] | mod_Legendary_Weapon1_DamageViaCaps [OMOD:00606B71] | mod_Legendary_Weapon1_DamageViaHealth [OMOD:00606B73] | mod_Legendary_Weapon1_DebuffDamage [OMOD:005281B8] | mod_Legendary_Weapon1_DmgConsecutiveHits [OMOD:004F577D] | mod_Legendary_Weapon1_DmgVsAnimals [OMOD:004F577A] | mod_Legendary_Weapon1_DmgVsBugs [OMOD:001F81EB] | mod_Legendary_Weapon1_DmgVsGhouls [OMOD:004F5779] | mod_Legendary_Weapon1_DmgVsPlayers [OMOD:004F5770] | mod_Legendary_Weapon1_DmgVsRobots [OMOD:004F577C] | mod_Legendary_Weapon1_DmgVsScorched [OMOD:004ED02B] | mod_Legendary_Weapon1_DmgVsSupermutants [OMOD:004F577B] | mod_Legendary_Weapon1_DmgWithMutation [OMOD:005299F5] | mod_Legendary_Weapon1_Execute [OMOD:004F6AA1] | mod_Legendary_Weapon1_Gourmand [OMOD:006069F2] | mod_Legendary_Weapon1_Guns_AccuracyNotInCombat [OMOD:004F6D77] | mod_Legendary_Weapon1_Guns_AmmoCapacity4x [OMOD:004F6AB1] | mod_Legendary_Weapon1_Guns_TwoShot [OMOD:004F6D76] | mod_Legendary_Weapon1_Vampire [OMOD:00527F84]
00417C43	LegendaryItems_Weapons_Ranged_Rank2	0	First Star Slot	007904EA	modcol_Legendary_Crafting_Weapon1	Random Legendary Mod	modcol_Legendary_Crafting_Weapon1 [OMOD:007904EA] | mod_Legendary_Weapon1_AntiArmor [OMOD:005281B4] | mod_Legendary_Weapon1_Medic [OMOD:0075EAC6] | mod_Legendary_Weapon1_DamageAddiction [OMOD:004F6AAB] | mod_Legendary_Weapon1_DamageFirstBlood [OMOD:004F6AA5] | mod_Legendary_Weapon1_DamageInverseHealth [OMOD:004F6AA0] | mod_Legendary_Weapon1_DamageNight [OMOD:004F6AAE] | mod_Legendary_Weapon1_DamageUnarmored [OMOD:004F6AA7] | mod_Legendary_Weapon1_DamageViaCaps [OMOD:00606B71] | mod_Legendary_Weapon1_DamageViaHealth [OMOD:00606B73] | mod_Legendary_Weapon1_DebuffDamage [OMOD:005281B8] | mod_Legendary_Weapon1_DmgConsecutiveHits [OMOD:004F577D] | mod_Legendary_Weapon1_DmgVsAnimals [OMOD:004F577A] | mod_Legendary_Weapon1_DmgVsBugs [OMOD:001F81EB] | mod_Legendary_Weapon1_DmgVsGhouls [OMOD:004F5779] | mod_Legendary_Weapon1_DmgVsPlayers [OMOD:004F5770] | mod_Legendary_Weapon1_DmgVsRobots [OMOD:004F577C] | mod_Legendary_Weapon1_DmgVsScorched [OMOD:004ED02B] | mod_Legendary_Weapon1_DmgVsSupermutants [OMOD:004F577B] | mod_Legendary_Weapon1_DmgWithMutation [OMOD:005299F5] | mod_Legendary_Weapon1_Execute [OMOD:004F6AA1] | mod_Legendary_Weapon1_Gourmand [OMOD:006069F2] | mod_Legendary_Weapon1_Guns_AccuracyNotInCombat [OMOD:004F6D77] | mod_Legendary_Weapon1_Guns_AmmoCapacity4x [OMOD:004F6AB1] | mod_Legendary_Weapon1_Guns_TwoShot [OMOD:004F6D76] | mod_Legendary_Weapon1_Vampire [OMOD:00527F84]
00417C43	LegendaryItems_Weapons_Ranged_Rank2	1	First Star Slot	007904EB	modcol_Legendary_Crafting_Weapon2	Random Legendary Mod	modcol_Legendary_Crafting_Weapon2 [OMOD:007904EB] | mod_Legendary_Weapon2_APViaKill [OMOD:00606B72] | mod_Legendary_Weapon2_DmgCrits [OMOD:0052414B] | mod_Legendary_Weapon2_DmgLimbs [OMOD:004ED02C] | mod_Legendary_Weapon2_Guns_Bashing [OMOD:005299F9] | mod_Legendary_Weapon2_Guns_DmgSights [OMOD:0052414E] | mod_Legendary_Weapon2_Guns_ExplosiveBullets [OMOD:004F5771] | mod_Legendary_Weapon2_Guns_LastShot [OMOD:006069EC] | mod_Legendary_Weapon2_Guns_RoF [OMOD:0052414F] | mod_Legendary_Weapon2_Guns_VATSAccuracy [OMOD:00524153] | mod_Legendary_Weapon2_Melee_BlockReflects [OMOD:001A7C39] | mod_Legendary_Weapon2_Melee_DamagePowerAttack [OMOD:001A7BE2] | mod_Legendary_Weapon2_Melee_Steady [OMOD:00606C8D] | mod_Legendary_Weapon2_Melee_SwingSpeed [OMOD:001A7BDA]
00417C4B	LegendaryItems_Armor_Rank1	0	First Star Slot	007904ED	modcol_Legendary_Crafting_Armor1	Random Legendary Mod	modcol_Legendary_Crafting_Armor1 [OMOD:007904ED] | mod_Legendary_Armor1_AutoRevive [OMOD:00529A0F] | mod_Legendary_Armor1_Chameleon [OMOD:00524146] | mod_Legendary_Armor1_CloakOnMelee [OMOD:00524147] | mod_Legendary_Armor1_HealthRegen [OMOD:00529A09] | mod_Legendary_Armor1_LessDMGAnimals [OMOD:004F6D7D] | mod_Legendary_Armor1_LessDMGBugs [OMOD:004F6D7C] | mod_Legendary_Armor1_LessDMGGhouls [OMOD:004F6D7E] | mod_Legendary_Armor1_LessDMGPlayers [OMOD:004F6D78] | mod_Legendary_Armor1_LessDMGRobots [OMOD:004F6D7F] | mod_Legendary_Armor1_LessDmgScorched [OMOD:004EE548] | mod_Legendary_Armor1_LessDMGSuperMutants [OMOD:004F6D80] | mod_Legendary_Armor1_LowHealthIncreasesStats [OMOD:0052414A] | mod_Legendary_Armor1_LowHealthTriggersStimpak [OMOD:00521915] | mod_Legendary_Armor1_Overeater [OMOD:00606C84] | mod_Legendary_Armor1_ResistancesInverseHealth [OMOD:00521914] | mod_Legendary_Armor1_ResistancesMutation [OMOD:00529A0C] | mod_Legendary_Armor1_ResistancesNight [OMOD:00524143] | mod_Legendary_Armor1_ResistancesProportionalCaps [OMOD:0060893C] | mod_Legendary_Armor1_ResistancesProportionalHealth [OMOD:00529A05] | mod_Legendary_Armor1_Heavyweight [OMOD:00529A14]
00417C48	LegendaryItems_Weapons_Melee_Rank3	0	First Star Slot	007904EA	modcol_Legendary_Crafting_Weapon1	Random Legendary Mod	modcol_Legendary_Crafting_Weapon1 [OMOD:007904EA] | mod_Legendary_Weapon1_AntiArmor [OMOD:005281B4] | mod_Legendary_Weapon1_Medic [OMOD:0075EAC6] | mod_Legendary_Weapon1_DamageAddiction [OMOD:004F6AAB] | mod_Legendary_Weapon1_DamageFirstBlood [OMOD:004F6AA5] | mod_Legendary_Weapon1_DamageInverseHealth [OMOD:004F6AA0] | mod_Legendary_Weapon1_DamageNight [OMOD:004F6AAE] | mod_Legendary_Weapon1_DamageUnarmored [OMOD:004F6AA7] | mod_Legendary_Weapon1_DamageViaCaps [OMOD:00606B71] | mod_Legendary_Weapon1_DamageViaHealth [OMOD:00606B73] | mod_Legendary_Weapon1_DebuffDamage [OMOD:005281B8] | mod_Legendary_Weapon1_DmgConsecutiveHits [OMOD:004F577D] | mod_Legendary_Weapon1_DmgVsAnimals [OMOD:004F577A] | mod_Legendary_Weapon1_DmgVsBugs [OMOD:001F81EB] | mod_Legendary_Weapon1_DmgVsGhouls [OMOD:004F5779] | mod_Legendary_Weapon1_DmgVsPlayers [OMOD:004F5770] | mod_Legendary_Weapon1_DmgVsRobots [OMOD:004F577C] | mod_Legendary_Weapon1_DmgVsScorched [OMOD:004ED02B] | mod_Legendary_Weapon1_DmgVsSupermutants [OMOD:004F577B] | mod_Legendary_Weapon1_DmgWithMutation [OMOD:005299F5] | mod_Legendary_Weapon1_Execute [OMOD:004F6AA1] | mod_Legendary_Weapon1_Gourmand [OMOD:006069F2] | mod_Legendary_Weapon1_Guns_AccuracyNotInCombat [OMOD:004F6D77] | mod_Legendary_Weapon1_Guns_AmmoCapacity4x [OMOD:004F6AB1] | mod_Legendary_Weapon1_Guns_TwoShot [OMOD:004F6D76] | mod_Legendary_Weapon1_Vampire [OMOD:00527F84]
00417C48	LegendaryItems_Weapons_Melee_Rank3	1	First Star Slot	007904EB	modcol_Legendary_Crafting_Weapon2	Random Legendary Mod	modcol_Legendary_Crafting_Weapon2 [OMOD:007904EB] | mod_Legendary_Weapon2_APViaKill [OMOD:00606B72] | mod_Legendary_Weapon2_DmgCrits [OMOD:0052414B] | mod_Legendary_Weapon2_DmgLimbs [OMOD:004ED02C] | mod_Legendary_Weapon2_Guns_Bashing [OMOD:005299F9] | mod_Legendary_Weapon2_Guns_DmgSights [OMOD:0052414E] | mod_Legendary_Weapon2_Guns_ExplosiveBullets [OMOD:004F5771] | mod_Legendary_Weapon2_Guns_LastShot [OMOD:006069EC] | mod_Legendary_Weapon2_Guns_RoF [OMOD:0052414F] | mod_Legendary_Weapon2_Guns_VATSAccuracy [OMOD:00524153] | mod_Legendary_Weapon2_Melee_BlockReflects [OMOD:001A7C39] | mod_Legendary_Weapon2_Melee_DamagePowerAttack [OMOD:001A7BE2] | mod_Legendary_Weapon2_Melee_Steady [OMOD:00606C8D] | mod_Legendary_Weapon2_Melee_SwingSpeed [OMOD:001A7BDA]
00417C48	LegendaryItems_Weapons_Melee_Rank3	2	First Star Slot	007904EC	modcol_Legendary_Crafting_Weapon3	Random Legendary Mod	modcol_Legendary_Crafting_Weapon3 [OMOD:007904EC] | mod_Legendary_Weapon3_CritSpeed [OMOD:0052414C] | mod_Legendary_Weapon3_Durability [OMOD:0037F7D9] | mod_Legendary_Weapon3_Guns_CloakOnHit [OMOD:00609E4F] | mod_Legendary_Weapon3_Guns_MoveSpeedSights [OMOD:004ED02E] | mod_Legendary_Weapon3_Guns_ReloadSpeed [OMOD:00524150] | mod_Legendary_Weapon3_Guns_ResistReload [OMOD:004F5777] | mod_Legendary_Weapon3_Guns_ResistSights [OMOD:004F5772] | mod_Legendary_Weapon3_StatPerception [OMOD:005299FA] | mod_Legendary_Weapon3_Melee_LessDamageBlock [OMOD:005253FB] | mod_Legendary_Weapon3_Melee_Defenders [OMOD:001A7BD3] | mod_Legendary_Weapon3_StatEndurance [OMOD:005299FD] | mod_Legendary_Weapon3_StatStrength [OMOD:005299FC] | mod_Legendary_Weapon3_StatAgility [OMOD:005299FB] | mod_Legendary_Weapon3_VATSCostAP [OMOD:00524154] | mod_Legendary_Weapon3_Weight [OMOD:00524152] | mod_Legendary_Weapon3_StatCharisma [OMOD:0079AD67] | mod_Legendary_Weapon3_StatIntelligence [OMOD:0079AD68] | mod_Legendary_Weapon3_StatLuck [OMOD:0079AD69]
00417C41	LegendaryItems_Armor_Rank3	0	First Star Slot	007904ED	modcol_Legendary_Crafting_Armor1	Random Legendary Mod	modcol_Legendary_Crafting_Armor1 [OMOD:007904ED] | mod_Legendary_Armor1_AutoRevive [OMOD:00529A0F] | mod_Legendary_Armor1_Chameleon [OMOD:00524146] | mod_Legendary_Armor1_CloakOnMelee [OMOD:00524147] | mod_Legendary_Armor1_HealthRegen [OMOD:00529A09] | mod_Legendary_Armor1_LessDMGAnimals [OMOD:004F6D7D] | mod_Legendary_Armor1_LessDMGBugs [OMOD:004F6D7C] | mod_Legendary_Armor1_LessDMGGhouls [OMOD:004F6D7E] | mod_Legendary_Armor1_LessDMGPlayers [OMOD:004F6D78] | mod_Legendary_Armor1_LessDMGRobots [OMOD:004F6D7F] | mod_Legendary_Armor1_LessDmgScorched [OMOD:004EE548] | mod_Legendary_Armor1_LessDMGSuperMutants [OMOD:004F6D80] | mod_Legendary_Armor1_LowHealthIncreasesStats [OMOD:0052414A] | mod_Legendary_Armor1_LowHealthTriggersStimpak [OMOD:00521915] | mod_Legendary_Armor1_Overeater [OMOD:00606C84] | mod_Legendary_Armor1_ResistancesInverseHealth [OMOD:00521914] | mod_Legendary_Armor1_ResistancesMutation [OMOD:00529A0C] | mod_Legendary_Armor1_ResistancesNight [OMOD:00524143] | mod_Legendary_Armor1_ResistancesProportionalCaps [OMOD:0060893C] | mod_Legendary_Armor1_ResistancesProportionalHealth [OMOD:00529A05] | mod_Legendary_Armor1_Heavyweight [OMOD:00529A14]
00417C41	LegendaryItems_Armor_Rank3	1	First Star Slot	007904EE	modcol_Legendary_Crafting_Armor2	Random Legendary Mod	modcol_Legendary_Crafting_Armor2 [OMOD:007904EE] | mod_Legendary_Armor2_APRegen [OMOD:00527F75] | mod_Legendary_Armor2_CryoResistance [OMOD:00606B6F] | mod_Legendary_Armor2_DiseaseResistance [OMOD:00527F72] | mod_Legendary_Armor2_Fireproof [OMOD:00606B39] | mod_Legendary_Armor2_Glutton [OMOD:006069A6] | mod_Legendary_Armor2_PoisonResistance [OMOD:00527F6E] | mod_Legendary_Armor2_RadResistance [OMOD:00527F6F] | mod_Legendary_Armor2_ReduceExplosionDamage [OMOD:00609E4E] | mod_Legendary_Armor2_StatAgility [OMOD:004F6D85] | mod_Legendary_Armor2_StatCharisma [OMOD:004F6D83] | mod_Legendary_Armor2_StatEndurance [OMOD:004F6D82] | mod_Legendary_Armor2_StatIntelligence [OMOD:004F6D84] | mod_Legendary_Armor2_StatLuck [OMOD:004F6D86] | mod_Legendary_Armor2_StatPerception [OMOD:004F6D81] | mod_Legendary_Armor2_StatStrength [OMOD:004EE54E]
00417C41	LegendaryItems_Armor_Rank3	2	First Star Slot	007904EF	modcol_Legendary_Crafting_Armor3	Random Legendary Mod	modcol_Legendary_Crafting_Armor3 [OMOD:007904EF] | mod_Legendary_Armor3_Burning [OMOD:00608371] | mod_Legendary_Armor3_Durability [OMOD:0052BDBA] | mod_Legendary_Armor3_Electrified [OMOD:00608373] | mod_Legendary_Armor3_Frozen [OMOD:00608372] | mod_Legendary_Armor3_IncreaseHealing [OMOD:00609C46] | mod_Legendary_Armor3_Defenders [OMOD:00527F76] | mod_Legendary_Armor3_LessDamageSprinting [OMOD:00527F77] | mod_Legendary_Armor3_LessDamageStandStill [OMOD:004EE54C] | mod_Legendary_Armor3_LessFallDamage [OMOD:00527F79] | mod_Legendary_Armor3_LockPick [OMOD:00527F7B] | mod_Legendary_Armor3_RadsRegen [OMOD:00606B6D] | mod_Legendary_Armor3_ReducedLimbDamage [OMOD:0052BDBC] | mod_Legendary_Armor3_Sneak [OMOD:0052BDB7] | mod_Legendary_Armor3_Toxic [OMOD:00608370] | mod_Legendary_Armor3_Waterbreathing [OMOD:00527F7A] | mod_Legendary_Armor3_WeightAmmo [OMOD:0052BDB4] | mod_Legendary_Armor3_WeightFoodDrinkChems [OMOD:0052BDB5] | mod_Legendary_Armor3_WeightJunk [OMOD:0052BDB6] | mod_Legendary_Armor3_WeightWeapons [OMOD:00527F78]
00417C47	LegendaryItems_Weapons_Melee_Rank2	0	First Star Slot	007904EA	modcol_Legendary_Crafting_Weapon1	Random Legendary Mod	modcol_Legendary_Crafting_Weapon1 [OMOD:007904EA] | mod_Legendary_Weapon1_AntiArmor [OMOD:005281B4] | mod_Legendary_Weapon1_Medic [OMOD:0075EAC6] | mod_Legendary_Weapon1_DamageAddiction [OMOD:004F6AAB] | mod_Legendary_Weapon1_DamageFirstBlood [OMOD:004F6AA5] | mod_Legendary_Weapon1_DamageInverseHealth [OMOD:004F6AA0] | mod_Legendary_Weapon1_DamageNight [OMOD:004F6AAE] | mod_Legendary_Weapon1_DamageUnarmored [OMOD:004F6AA7] | mod_Legendary_Weapon1_DamageViaCaps [OMOD:00606B71] | mod_Legendary_Weapon1_DamageViaHealth [OMOD:00606B73] | mod_Legendary_Weapon1_DebuffDamage [OMOD:005281B8] | mod_Legendary_Weapon1_DmgConsecutiveHits [OMOD:004F577D] | mod_Legendary_Weapon1_DmgVsAnimals [OMOD:004F577A] | mod_Legendary_Weapon1_DmgVsBugs [OMOD:001F81EB] | mod_Legendary_Weapon1_DmgVsGhouls [OMOD:004F5779] | mod_Legendary_Weapon1_DmgVsPlayers [OMOD:004F5770] | mod_Legendary_Weapon1_DmgVsRobots [OMOD:004F577C] | mod_Legendary_Weapon1_DmgVsScorched [OMOD:004ED02B] | mod_Legendary_Weapon1_DmgVsSupermutants [OMOD:004F577B] | mod_Legendary_Weapon1_DmgWithMutation [OMOD:005299F5] | mod_Legendary_Weapon1_Execute [OMOD:004F6AA1] | mod_Legendary_Weapon1_Gourmand [OMOD:006069F2] | mod_Legendary_Weapon1_Guns_AccuracyNotInCombat [OMOD:004F6D77] | mod_Legendary_Weapon1_Guns_AmmoCapacity4x [OMOD:004F6AB1] | mod_Legendary_Weapon1_Guns_TwoShot [OMOD:004F6D76] | mod_Legendary_Weapon1_Vampire [OMOD:00527F84]
00417C47	LegendaryItems_Weapons_Melee_Rank2	1	First Star Slot	007904EB	modcol_Legendary_Crafting_Weapon2	Random Legendary Mod	modcol_Legendary_Crafting_Weapon2 [OMOD:007904EB] | mod_Legendary_Weapon2_APViaKill [OMOD:00606B72] | mod_Legendary_Weapon2_DmgCrits [OMOD:0052414B] | mod_Legendary_Weapon2_DmgLimbs [OMOD:004ED02C] | mod_Legendary_Weapon2_Guns_Bashing [OMOD:005299F9] | mod_Legendary_Weapon2_Guns_DmgSights [OMOD:0052414E] | mod_Legendary_Weapon2_Guns_ExplosiveBullets [OMOD:004F5771] | mod_Legendary_Weapon2_Guns_LastShot [OMOD:006069EC] | mod_Legendary_Weapon2_Guns_RoF [OMOD:0052414F] | mod_Legendary_Weapon2_Guns_VATSAccuracy [OMOD:00524153] | mod_Legendary_Weapon2_Melee_BlockReflects [OMOD:001A7C39] | mod_Legendary_Weapon2_Melee_DamagePowerAttack [OMOD:001A7BE2] | mod_Legendary_Weapon2_Melee_Steady [OMOD:00606C8D] | mod_Legendary_Weapon2_Melee_SwingSpeed [OMOD:001A7BDA]
00417C44	LegendaryItems_Weapons_Ranged_Rank3	0	First Star Slot	007904EA	modcol_Legendary_Crafting_Weapon1	Random Legendary Mod	modcol_Legendary_Crafting_Weapon1 [OMOD:007904EA] | mod_Legendary_Weapon1_AntiArmor [OMOD:005281B4] | mod_Legendary_Weapon1_Medic [OMOD:0075EAC6] | mod_Legendary_Weapon1_DamageAddiction [OMOD:004F6AAB] | mod_Legendary_Weapon1_DamageFirstBlood [OMOD:004F6AA5] | mod_Legendary_Weapon1_DamageInverseHealth [OMOD:004F6AA0] | mod_Legendary_Weapon1_DamageNight [OMOD:004F6AAE] | mod_Legendary_Weapon1_DamageUnarmored [OMOD:004F6AA7] | mod_Legendary_Weapon1_DamageViaCaps [OMOD:00606B71] | mod_Legendary_Weapon1_DamageViaHealth [OMOD:00606B73] | mod_Legendary_Weapon1_DebuffDamage [OMOD:005281B8] | mod_Legendary_Weapon1_DmgConsecutiveHits [OMOD:004F577D] | mod_Legendary_Weapon1_DmgVsAnimals [OMOD:004F577A] | mod_Legendary_Weapon1_DmgVsBugs [OMOD:001F81EB] | mod_Legendary_Weapon1_DmgVsGhouls [OMOD:004F5779] | mod_Legendary_Weapon1_DmgVsPlayers [OMOD:004F5770] | mod_Legendary_Weapon1_DmgVsRobots [OMOD:004F577C] | mod_Legendary_Weapon1_DmgVsScorched [OMOD:004ED02B] | mod_Legendary_Weapon1_DmgVsSupermutants [OMOD:004F577B] | mod_Legendary_Weapon1_DmgWithMutation [OMOD:005299F5] | mod_Legendary_Weapon1_Execute [OMOD:004F6AA1] | mod_Legendary_Weapon1_Gourmand [OMOD:006069F2] | mod_Legendary_Weapon1_Guns_AccuracyNotInCombat [OMOD:004F6D77] | mod_Legendary_Weapon1_Guns_AmmoCapacity4x [OMOD:004F6AB1] | mod_Legendary_Weapon1_Guns_TwoShot [OMOD:004F6D76] | mod_Legendary_Weapon1_Vampire [OMOD:00527F84]
00417C44	LegendaryItems_Weapons_Ranged_Rank3	1	First Star Slot	007904EB	modcol_Legendary_Crafting_Weapon2	Random Legendary Mod	modcol_Legendary_Crafting_Weapon2 [OMOD:007904EB] | mod_Legendary_Weapon2_APViaKill [OMOD:00606B72] | mod_Legendary_Weapon2_DmgCrits [OMOD:0052414B] | mod_Legendary_Weapon2_DmgLimbs [OMOD:004ED02C] | mod_Legendary_Weapon2_Guns_Bashing [OMOD:005299F9] | mod_Legendary_Weapon2_Guns_DmgSights [OMOD:0052414E] | mod_Legendary_Weapon2_Guns_ExplosiveBullets [OMOD:004F5771] | mod_Legendary_Weapon2_Guns_LastShot [OMOD:006069EC] | mod_Legendary_Weapon2_Guns_RoF [OMOD:0052414F] | mod_Legendary_Weapon2_Guns_VATSAccuracy [OMOD:00524153] | mod_Legendary_Weapon2_Melee_BlockReflects [OMOD:001A7C39] | mod_Legendary_Weapon2_Melee_DamagePowerAttack [OMOD:001A7BE2] | mod_Legendary_Weapon2_Melee_Steady [OMOD:00606C8D] | mod_Legendary_Weapon2_Melee_SwingSpeed [OMOD:001A7BDA]
00417C44	LegendaryItems_Weapons_Ranged_Rank3	2	First Star Slot	007904EC	modcol_Legendary_Crafting_Weapon3	Random Legendary Mod	modcol_Legendary_Crafting_Weapon3 [OMOD:007904EC] | mod_Legendary_Weapon3_CritSpeed [OMOD:0052414C] | mod_Legendary_Weapon3_Durability [OMOD:0037F7D9] | mod_Legendary_Weapon3_Guns_CloakOnHit [OMOD:00609E4F] | mod_Legendary_Weapon3_Guns_MoveSpeedSights [OMOD:004ED02E] | mod_Legendary_Weapon3_Guns_ReloadSpeed [OMOD:00524150] | mod_Legendary_Weapon3_Guns_ResistReload [OMOD:004F5777] | mod_Legendary_Weapon3_Guns_ResistSights [OMOD:004F5772] | mod_Legendary_Weapon3_StatPerception [OMOD:005299FA] | mod_Legendary_Weapon3_Melee_LessDamageBlock [OMOD:005253FB] | mod_Legendary_Weapon3_Melee_Defenders [OMOD:001A7BD3] | mod_Legendary_Weapon3_StatEndurance [OMOD:005299FD] | mod_Legendary_Weapon3_StatStrength [OMOD:005299FC] | mod_Legendary_Weapon3_StatAgility [OMOD:005299FB] | mod_Legendary_Weapon3_VATSCostAP [OMOD:00524154] | mod_Legendary_Weapon3_Weight [OMOD:00524152] | mod_Legendary_Weapon3_StatCharisma [OMOD:0079AD67] | mod_Legendary_Weapon3_StatIntelligence [OMOD:0079AD68] | mod_Legendary_Weapon3_StatLuck [OMOD:0079AD69]
00417C46	LegendaryItems_Weapons_Melee_Rank1	0	First Star Slot	007904EA	modcol_Legendary_Crafting_Weapon1	Random Legendary Mod	modcol_Legendary_Crafting_Weapon1 [OMOD:007904EA] | mod_Legendary_Weapon1_AntiArmor [OMOD:005281B4] | mod_Legendary_Weapon1_Medic [OMOD:0075EAC6] | mod_Legendary_Weapon1_DamageAddiction [OMOD:004F6AAB] | mod_Legendary_Weapon1_DamageFirstBlood [OMOD:004F6AA5] | mod_Legendary_Weapon1_DamageInverseHealth [OMOD:004F6AA0] | mod_Legendary_Weapon1_DamageNight [OMOD:004F6AAE] | mod_Legendary_Weapon1_DamageUnarmored [OMOD:004F6AA7] | mod_Legendary_Weapon1_DamageViaCaps [OMOD:00606B71] | mod_Legendary_Weapon1_DamageViaHealth [OMOD:00606B73] | mod_Legendary_Weapon1_DebuffDamage [OMOD:005281B8] | mod_Legendary_Weapon1_DmgConsecutiveHits [OMOD:004F577D] | mod_Legendary_Weapon1_DmgVsAnimals [OMOD:004F577A] | mod_Legendary_Weapon1_DmgVsBugs [OMOD:001F81EB] | mod_Legendary_Weapon1_DmgVsGhouls [OMOD:004F5779] | mod_Legendary_Weapon1_DmgVsPlayers [OMOD:004F5770] | mod_Legendary_Weapon1_DmgVsRobots [OMOD:004F577C] | mod_Legendary_Weapon1_DmgVsScorched [OMOD:004ED02B] | mod_Legendary_Weapon1_DmgVsSupermutants [OMOD:004F577B] | mod_Legendary_Weapon1_DmgWithMutation [OMOD:005299F5] | mod_Legendary_Weapon1_Execute [OMOD:004F6AA1] | mod_Legendary_Weapon1_Gourmand [OMOD:006069F2] | mod_Legendary_Weapon1_Guns_AccuracyNotInCombat [OMOD:004F6D77] | mod_Legendary_Weapon1_Guns_AmmoCapacity4x [OMOD:004F6AB1] | mod_Legendary_Weapon1_Guns_TwoShot [OMOD:004F6D76] | mod_Legendary_Weapon1_Vampire [OMOD:00527F84]
00417C40	LegendaryItems_Armor_Rank2	0	First Star Slot	007904ED	modcol_Legendary_Crafting_Armor1	Random Legendary Mod	modcol_Legendary_Crafting_Armor1 [OMOD:007904ED] | mod_Legendary_Armor1_AutoRevive [OMOD:00529A0F] | mod_Legendary_Armor1_Chameleon [OMOD:00524146] | mod_Legendary_Armor1_CloakOnMelee [OMOD:00524147] | mod_Legendary_Armor1_HealthRegen [OMOD:00529A09] | mod_Legendary_Armor1_LessDMGAnimals [OMOD:004F6D7D] | mod_Legendary_Armor1_LessDMGBugs [OMOD:004F6D7C] | mod_Legendary_Armor1_LessDMGGhouls [OMOD:004F6D7E] | mod_Legendary_Armor1_LessDMGPlayers [OMOD:004F6D78] | mod_Legendary_Armor1_LessDMGRobots [OMOD:004F6D7F] | mod_Legendary_Armor1_LessDmgScorched [OMOD:004EE548] | mod_Legendary_Armor1_LessDMGSuperMutants [OMOD:004F6D80] | mod_Legendary_Armor1_LowHealthIncreasesStats [OMOD:0052414A] | mod_Legendary_Armor1_LowHealthTriggersStimpak [OMOD:00521915] | mod_Legendary_Armor1_Overeater [OMOD:00606C84] | mod_Legendary_Armor1_ResistancesInverseHealth [OMOD:00521914] | mod_Legendary_Armor1_ResistancesMutation [OMOD:00529A0C] | mod_Legendary_Armor1_ResistancesNight [OMOD:00524143] | mod_Legendary_Armor1_ResistancesProportionalCaps [OMOD:0060893C] | mod_Legendary_Armor1_ResistancesProportionalHealth [OMOD:00529A05] | mod_Legendary_Armor1_Heavyweight [OMOD:00529A14]
00417C40	LegendaryItems_Armor_Rank2	1	First Star Slot	007904EE	modcol_Legendary_Crafting_Armor2	Random Legendary Mod	modcol_Legendary_Crafting_Armor2 [OMOD:007904EE] | mod_Legendary_Armor2_APRegen [OMOD:00527F75] | mod_Legendary_Armor2_CryoResistance [OMOD:00606B6F] | mod_Legendary_Armor2_DiseaseResistance [OMOD:00527F72] | mod_Legendary_Armor2_Fireproof [OMOD:00606B39] | mod_Legendary_Armor2_Glutton [OMOD:006069A6] | mod_Legendary_Armor2_PoisonResistance [OMOD:00527F6E] | mod_Legendary_Armor2_RadResistance [OMOD:00527F6F] | mod_Legendary_Armor2_ReduceExplosionDamage [OMOD:00609E4E] | mod_Legendary_Armor2_StatAgility [OMOD:004F6D85] | mod_Legendary_Armor2_StatCharisma [OMOD:004F6D83] | mod_Legendary_Armor2_StatEndurance [OMOD:004F6D82] | mod_Legendary_Armor2_StatIntelligence [OMOD:004F6D84] | mod_Legendary_Armor2_StatLuck [OMOD:004F6D86] | mod_Legendary_Armor2_StatPerception [OMOD:004F6D81] | mod_Legendary_Armor2_StatStrength [OMOD:004EE54E]
005380CF	LegendaryItems_Special_AllItems	0	First Star Slot	007904ED	modcol_Legendary_Crafting_Armor1	Random Legendary Mod	modcol_Legendary_Crafting_Armor1 [OMOD:007904ED] | mod_Legendary_Armor1_AutoRevive [OMOD:00529A0F] | mod_Legendary_Armor1_Chameleon [OMOD:00524146] | mod_Legendary_Armor1_CloakOnMelee [OMOD:00524147] | mod_Legendary_Armor1_HealthRegen [OMOD:00529A09] | mod_Legendary_Armor1_LessDMGAnimals [OMOD:004F6D7D] | mod_Legendary_Armor1_LessDMGBugs [OMOD:004F6D7C] | mod_Legendary_Armor1_LessDMGGhouls [OMOD:004F6D7E] | mod_Legendary_Armor1_LessDMGPlayers [OMOD:004F6D78] | mod_Legendary_Armor1_LessDMGRobots [OMOD:004F6D7F] | mod_Legendary_Armor1_LessDmgScorched [OMOD:004EE548] | mod_Legendary_Armor1_LessDMGSuperMutants [OMOD:004F6D80] | mod_Legendary_Armor1_LowHealthIncreasesStats [OMOD:0052414A] | mod_Legendary_Armor1_LowHealthTriggersStimpak [OMOD:00521915] | mod_Legendary_Armor1_Overeater [OMOD:00606C84] | mod_Legendary_Armor1_ResistancesInverseHealth [OMOD:00521914] | mod_Legendary_Armor1_ResistancesMutation [OMOD:00529A0C] | mod_Legendary_Armor1_ResistancesNight [OMOD:00524143] | mod_Legendary_Armor1_ResistancesProportionalCaps [OMOD:0060893C] | mod_Legendary_Armor1_ResistancesProportionalHealth [OMOD:00529A05] | mod_Legendary_Armor1_Heavyweight [OMOD:00529A14]
005380CF	LegendaryItems_Special_AllItems	1	First Star Slot	007904EE	modcol_Legendary_Crafting_Armor2	Random Legendary Mod	modcol_Legendary_Crafting_Armor2 [OMOD:007904EE] | mod_Legendary_Armor2_APRegen [OMOD:00527F75] | mod_Legendary_Armor2_CryoResistance [OMOD:00606B6F] | mod_Legendary_Armor2_DiseaseResistance [OMOD:00527F72] | mod_Legendary_Armor2_Fireproof [OMOD:00606B39] | mod_Legendary_Armor2_Glutton [OMOD:006069A6] | mod_Legendary_Armor2_PoisonResistance [OMOD:00527F6E] | mod_Legendary_Armor2_RadResistance [OMOD:00527F6F] | mod_Legendary_Armor2_ReduceExplosionDamage [OMOD:00609E4E] | mod_Legendary_Armor2_StatAgility [OMOD:004F6D85] | mod_Legendary_Armor2_StatCharisma [OMOD:004F6D83] | mod_Legendary_Armor2_StatEndurance [OMOD:004F6D82] | mod_Legendary_Armor2_StatIntelligence [OMOD:004F6D84] | mod_Legendary_Armor2_StatLuck [OMOD:004F6D86] | mod_Legendary_Armor2_StatPerception [OMOD:004F6D81] | mod_Legendary_Armor2_StatStrength [OMOD:004EE54E]
005380CF	LegendaryItems_Special_AllItems	2	First Star Slot	007904EF	modcol_Legendary_Crafting_Armor3	Random Legendary Mod	modcol_Legendary_Crafting_Armor3 [OMOD:007904EF] | mod_Legendary_Armor3_Burning [OMOD:00608371] | mod_Legendary_Armor3_Durability [OMOD:0052BDBA] | mod_Legendary_Armor3_Electrified [OMOD:00608373] | mod_Legendary_Armor3_Frozen [OMOD:00608372] | mod_Legendary_Armor3_IncreaseHealing [OMOD:00609C46] | mod_Legendary_Armor3_Defenders [OMOD:00527F76] | mod_Legendary_Armor3_LessDamageSprinting [OMOD:00527F77] | mod_Legendary_Armor3_LessDamageStandStill [OMOD:004EE54C] | mod_Legendary_Armor3_LessFallDamage [OMOD:00527F79] | mod_Legendary_Armor3_LockPick [OMOD:00527F7B] | mod_Legendary_Armor3_RadsRegen [OMOD:00606B6D] | mod_Legendary_Armor3_ReducedLimbDamage [OMOD:0052BDBC] | mod_Legendary_Armor3_Sneak [OMOD:0052BDB7] | mod_Legendary_Armor3_Toxic [OMOD:00608370] | mod_Legendary_Armor3_Waterbreathing [OMOD:00527F7A] | mod_Legendary_Armor3_WeightAmmo [OMOD:0052BDB4] | mod_Legendary_Armor3_WeightFoodDrinkChems [OMOD:0052BDB5] | mod_Legendary_Armor3_WeightJunk [OMOD:0052BDB6] | mod_Legendary_Armor3_WeightWeapons [OMOD:00527F78]
005380CF	LegendaryItems_Special_AllItems	3	First Star Slot	007904F0	modcol_Legendary_Crafting_PowerArmor1	Random Legendary Mod	modcol_Legendary_Crafting_PowerArmor1 [OMOD:007904F0] | mod_Legendary_PowerArmor1_Chameleon [OMOD:00606268] | mod_Legendary_PowerArmor1_CloakOnMelee [OMOD:00606269] | mod_Legendary_PowerArmor1_HealthRegen [OMOD:0060625D] | mod_Legendary_PowerArmor1_LessDMGAnimals [OMOD:00606274] | mod_Legendary_PowerArmor1_LessDMGBugs [OMOD:00606266] | mod_Legendary_PowerArmor1_LessDMGGhouls [OMOD:0060625E] | mod_Legendary_PowerArmor1_LessDMGPlayers [OMOD:00606259] | mod_Legendary_PowerArmor1_LessDMGRobots [OMOD:00606275] | mod_Legendary_PowerArmor1_LessDmgScorched [OMOD:0060626D] | mod_Legendary_PowerArmor1_LessDMGSuperMutants [OMOD:00606265] | mod_Legendary_PowerArmor1_LowHealthTriggersStimpak [OMOD:0060625F] | mod_Legendary_PowerArmor1_Overeater [OMOD:00606DE3] | mod_Legendary_PowerArmor1_ResistancesInverseHealth [OMOD:00606257] | mod_Legendary_PowerArmor1_ResistancesMutation [OMOD:00606253] | mod_Legendary_PowerArmor1_ResistancesNight [OMOD:0060625B] | mod_Legendary_PowerArmor1_ResistancesProportionalCaps [OMOD:0060893D] | mod_Legendary_PowerArmor1_ResistancesProportionalHealth [OMOD:00606276]
005380CF	LegendaryItems_Special_AllItems	4	First Star Slot	007904F1	modcol_Legendary_Crafting_PowerArmor2	Random Legendary Mod	modcol_Legendary_Crafting_PowerArmor2 [OMOD:007904F1] | mod_Legendary_PowerArmor2_APRegen [OMOD:0060626E] | mod_Legendary_PowerArmor2_CryoResistance [OMOD:00606B70] | mod_Legendary_PowerArmor2_DiseaseResistance [OMOD:0060626A] | mod_Legendary_PowerArmor2_Fireproof [OMOD:00606B3A] | mod_Legendary_PowerArmor2_Glutton [OMOD:006069A7] | mod_Legendary_PowerArmor2_PoisonResistance [OMOD:00606267] | mod_Legendary_PowerArmor2_RadResistance [OMOD:00606264] | mod_Legendary_PowerArmor2_ReduceExplosionDamage [OMOD:00609E50] | mod_Legendary_PowerArmor2_StatAgility [OMOD:00606263] | mod_Legendary_PowerArmor2_StatCharisma [OMOD:00606261] | mod_Legendary_PowerArmor2_StatEndurance [OMOD:00606260] | mod_Legendary_PowerArmor2_StatIntelligence [OMOD:00606256] | mod_Legendary_PowerArmor2_StatLuck [OMOD:00606255] | mod_Legendary_PowerArmor2_StatPerception [OMOD:00606258] | mod_Legendary_PowerArmor2_StatStrength [OMOD:00606254]
005380CF	LegendaryItems_Special_AllItems	5	First Star Slot	007904F2	modcol_Legendary_Crafting_PowerArmor3	Random Legendary Mod	modcol_Legendary_Crafting_PowerArmor3 [OMOD:007904F2] | mod_Legendary_PowerArmor3_Burning [OMOD:00608376] | mod_Legendary_PowerArmor3_Durability [OMOD:0060625A] | mod_Legendary_PowerArmor3_Electrified [OMOD:00608374] | mod_Legendary_PowerArmor3_Frozen [OMOD:00608377] | mod_Legendary_PowerArmor3_IncreaseHealing [OMOD:00609C45] | mod_Legendary_PowerArmor3_Defenders [OMOD:00606252] | mod_Legendary_PowerArmor3_LessDamageSprinting [OMOD:0060625C] | mod_Legendary_PowerArmor3_LessDamageStandStill [OMOD:00606277] | mod_Legendary_PowerArmor3_LockPick [OMOD:00606273] | mod_Legendary_PowerArmor3_RadsRegen [OMOD:00606B6E] | mod_Legendary_PowerArmor3_Toxic [OMOD:00608375] | mod_Legendary_PowerArmor3_WeightAmmo [OMOD:00606270] | mod_Legendary_PowerArmor3_WeightFoodDrinkChems [OMOD:0060626F] | mod_Legendary_PowerArmor3_WeightJunk [OMOD:0060626C] | mod_Legendary_PowerArmor3_WeightWeapons [OMOD:0060626B]
005380CF	LegendaryItems_Special_AllItems	6	First Star Slot	007904EA	modcol_Legendary_Crafting_Weapon1	Random Legendary Mod	modcol_Legendary_Crafting_Weapon1 [OMOD:007904EA] | mod_Legendary_Weapon1_AntiArmor [OMOD:005281B4] | mod_Legendary_Weapon1_Medic [OMOD:0075EAC6] | mod_Legendary_Weapon1_DamageAddiction [OMOD:004F6AAB] | mod_Legendary_Weapon1_DamageFirstBlood [OMOD:004F6AA5] | mod_Legendary_Weapon1_DamageInverseHealth [OMOD:004F6AA0] | mod_Legendary_Weapon1_DamageNight [OMOD:004F6AAE] | mod_Legendary_Weapon1_DamageUnarmored [OMOD:004F6AA7] | mod_Legendary_Weapon1_DamageViaCaps [OMOD:00606B71] | mod_Legendary_Weapon1_DamageViaHealth [OMOD:00606B73] | mod_Legendary_Weapon1_DebuffDamage [OMOD:005281B8] | mod_Legendary_Weapon1_DmgConsecutiveHits [OMOD:004F577D] | mod_Legendary_Weapon1_DmgVsAnimals [OMOD:004F577A] | mod_Legendary_Weapon1_DmgVsBugs [OMOD:001F81EB] | mod_Legendary_Weapon1_DmgVsGhouls [OMOD:004F5779] | mod_Legendary_Weapon1_DmgVsPlayers [OMOD:004F5770] | mod_Legendary_Weapon1_DmgVsRobots [OMOD:004F577C] | mod_Legendary_Weapon1_DmgVsScorched [OMOD:004ED02B] | mod_Legendary_Weapon1_DmgVsSupermutants [OMOD:004F577B] | mod_Legendary_Weapon1_DmgWithMutation [OMOD:005299F5] | mod_Legendary_Weapon1_Execute [OMOD:004F6AA1] | mod_Legendary_Weapon1_Gourmand [OMOD:006069F2] | mod_Legendary_Weapon1_Guns_AccuracyNotInCombat [OMOD:004F6D77] | mod_Legendary_Weapon1_Guns_AmmoCapacity4x [OMOD:004F6AB1] | mod_Legendary_Weapon1_Guns_TwoShot [OMOD:004F6D76] | mod_Legendary_Weapon1_Vampire [OMOD:00527F84]
005380CF	LegendaryItems_Special_AllItems	7	First Star Slot	007904EB	modcol_Legendary_Crafting_Weapon2	Random Legendary Mod	modcol_Legendary_Crafting_Weapon2 [OMOD:007904EB] | mod_Legendary_Weapon2_APViaKill [OMOD:00606B72] | mod_Legendary_Weapon2_DmgCrits [OMOD:0052414B] | mod_Legendary_Weapon2_DmgLimbs [OMOD:004ED02C] | mod_Legendary_Weapon2_Guns_Bashing [OMOD:005299F9] | mod_Legendary_Weapon2_Guns_DmgSights [OMOD:0052414E] | mod_Legendary_Weapon2_Guns_ExplosiveBullets [OMOD:004F5771] | mod_Legendary_Weapon2_Guns_LastShot [OMOD:006069EC] | mod_Legendary_Weapon2_Guns_RoF [OMOD:0052414F] | mod_Legendary_Weapon2_Guns_VATSAccuracy [OMOD:00524153] | mod_Legendary_Weapon2_Melee_BlockReflects [OMOD:001A7C39] | mod_Legendary_Weapon2_Melee_DamagePowerAttack [OMOD:001A7BE2] | mod_Legendary_Weapon2_Melee_Steady [OMOD:00606C8D] | mod_Legendary_Weapon2_Melee_SwingSpeed [OMOD:001A7BDA]
005380CF	LegendaryItems_Special_AllItems	8	First Star Slot	007904EC	modcol_Legendary_Crafting_Weapon3	Random Legendary Mod	modcol_Legendary_Crafting_Weapon3 [OMOD:007904EC] | mod_Legendary_Weapon3_CritSpeed [OMOD:0052414C] | mod_Legendary_Weapon3_Durability [OMOD:0037F7D9] | mod_Legendary_Weapon3_Guns_CloakOnHit [OMOD:00609E4F] | mod_Legendary_Weapon3_Guns_MoveSpeedSights [OMOD:004ED02E] | mod_Legendary_Weapon3_Guns_ReloadSpeed [OMOD:00524150] | mod_Legendary_Weapon3_Guns_ResistReload [OMOD:004F5777] | mod_Legendary_Weapon3_Guns_ResistSights [OMOD:004F5772] | mod_Legendary_Weapon3_StatPerception [OMOD:005299FA] | mod_Legendary_Weapon3_Melee_LessDamageBlock [OMOD:005253FB] | mod_Legendary_Weapon3_Melee_Defenders [OMOD:001A7BD3] | mod_Legendary_Weapon3_StatEndurance [OMOD:005299FD] | mod_Legendary_Weapon3_StatStrength [OMOD:005299FC] | mod_Legendary_Weapon3_StatAgility [OMOD:005299FB] | mod_Legendary_Weapon3_VATSCostAP [OMOD:00524154] | mod_Legendary_Weapon3_Weight [OMOD:00524152] | mod_Legendary_Weapon3_StatCharisma [OMOD:0079AD67] | mod_Legendary_Weapon3_StatIntelligence [OMOD:0079AD68] | mod_Legendary_Weapon3_StatLuck [OMOD:0079AD69]
005527A5	LegendaryItems_Creatures_AllItems	0	First Star Slot	007904ED	modcol_Legendary_Crafting_Armor1	Random Legendary Mod	modcol_Legendary_Crafting_Armor1 [OMOD:007904ED] | mod_Legendary_Armor1_AutoRevive [OMOD:00529A0F] | mod_Legendary_Armor1_Chameleon [OMOD:00524146] | mod_Legendary_Armor1_CloakOnMelee [OMOD:00524147] | mod_Legendary_Armor1_HealthRegen [OMOD:00529A09] | mod_Legendary_Armor1_LessDMGAnimals [OMOD:004F6D7D] | mod_Legendary_Armor1_LessDMGBugs [OMOD:004F6D7C] | mod_Legendary_Armor1_LessDMGGhouls [OMOD:004F6D7E] | mod_Legendary_Armor1_LessDMGPlayers [OMOD:004F6D78] | mod_Legendary_Armor1_LessDMGRobots [OMOD:004F6D7F] | mod_Legendary_Armor1_LessDmgScorched [OMOD:004EE548] | mod_Legendary_Armor1_LessDMGSuperMutants [OMOD:004F6D80] | mod_Legendary_Armor1_LowHealthIncreasesStats [OMOD:0052414A] | mod_Legendary_Armor1_LowHealthTriggersStimpak [OMOD:00521915] | mod_Legendary_Armor1_Overeater [OMOD:00606C84] | mod_Legendary_Armor1_ResistancesInverseHealth [OMOD:00521914] | mod_Legendary_Armor1_ResistancesMutation [OMOD:00529A0C] | mod_Legendary_Armor1_ResistancesNight [OMOD:00524143] | mod_Legendary_Armor1_ResistancesProportionalCaps [OMOD:0060893C] | mod_Legendary_Armor1_ResistancesProportionalHealth [OMOD:00529A05] | mod_Legendary_Armor1_Heavyweight [OMOD:00529A14]
005527A5	LegendaryItems_Creatures_AllItems	1	First Star Slot	007904EE	modcol_Legendary_Crafting_Armor2	Random Legendary Mod	modcol_Legendary_Crafting_Armor2 [OMOD:007904EE] | mod_Legendary_Armor2_APRegen [OMOD:00527F75] | mod_Legendary_Armor2_CryoResistance [OMOD:00606B6F] | mod_Legendary_Armor2_DiseaseResistance [OMOD:00527F72] | mod_Legendary_Armor2_Fireproof [OMOD:00606B39] | mod_Legendary_Armor2_Glutton [OMOD:006069A6] | mod_Legendary_Armor2_PoisonResistance [OMOD:00527F6E] | mod_Legendary_Armor2_RadResistance [OMOD:00527F6F] | mod_Legendary_Armor2_ReduceExplosionDamage [OMOD:00609E4E] | mod_Legendary_Armor2_StatAgility [OMOD:004F6D85] | mod_Legendary_Armor2_StatCharisma [OMOD:004F6D83] | mod_Legendary_Armor2_StatEndurance [OMOD:004F6D82] | mod_Legendary_Armor2_StatIntelligence [OMOD:004F6D84] | mod_Legendary_Armor2_StatLuck [OMOD:004F6D86] | mod_Legendary_Armor2_StatPerception [OMOD:004F6D81] | mod_Legendary_Armor2_StatStrength [OMOD:004EE54E]
005527A5	LegendaryItems_Creatures_AllItems	2	First Star Slot	007904EF	modcol_Legendary_Crafting_Armor3	Random Legendary Mod	modcol_Legendary_Crafting_Armor3 [OMOD:007904EF] | mod_Legendary_Armor3_Burning [OMOD:00608371] | mod_Legendary_Armor3_Durability [OMOD:0052BDBA] | mod_Legendary_Armor3_Electrified [OMOD:00608373] | mod_Legendary_Armor3_Frozen [OMOD:00608372] | mod_Legendary_Armor3_IncreaseHealing [OMOD:00609C46] | mod_Legendary_Armor3_Defenders [OMOD:00527F76] | mod_Legendary_Armor3_LessDamageSprinting [OMOD:00527F77] | mod_Legendary_Armor3_LessDamageStandStill [OMOD:004EE54C] | mod_Legendary_Armor3_LessFallDamage [OMOD:00527F79] | mod_Legendary_Armor3_LockPick [OMOD:00527F7B] | mod_Legendary_Armor3_RadsRegen [OMOD:00606B6D] | mod_Legendary_Armor3_ReducedLimbDamage [OMOD:0052BDBC] | mod_Legendary_Armor3_Sneak [OMOD:0052BDB7] | mod_Legendary_Armor3_Toxic [OMOD:00608370] | mod_Legendary_Armor3_Waterbreathing [OMOD:00527F7A] | mod_Legendary_Armor3_WeightAmmo [OMOD:0052BDB4] | mod_Legendary_Armor3_WeightFoodDrinkChems [OMOD:0052BDB5] | mod_Legendary_Armor3_WeightJunk [OMOD:0052BDB6] | mod_Legendary_Armor3_WeightWeapons [OMOD:00527F78]
005527A5	LegendaryItems_Creatures_AllItems	3	First Star Slot	007A0D36	modcol_Legendary_Crafting_Armor4	Random Legendary Mod	modcol_Legendary_Crafting_Armor4 [OMOD:007A0D36] | mod_Legendary_Armor4_BattleLoaders [OMOD:00792A28] | mod_Legendary_Armor4_Bruiser [OMOD:00792A2A] | mod_Legendary_Armor4_LimitBreak [OMOD:00792A2D] | mod_Legendary_Armor4_Miasma [OMOD:00792A2E] | mod_Legendary_Armor4_Sawbones [OMOD:00792984] | mod_Legendary_Armor4_Ranger [OMOD:00792A34] | mod_Legendary_Armor4_Runner [OMOD:00792A36] | mod_Legendary_Armor4_Tanky [OMOD:00792A39]
005527A5	LegendaryItems_Creatures_AllItems	4	First Star Slot	007904F0	modcol_Legendary_Crafting_PowerArmor1	Random Legendary Mod	modcol_Legendary_Crafting_PowerArmor1 [OMOD:007904F0] | mod_Legendary_PowerArmor1_Chameleon [OMOD:00606268] | mod_Legendary_PowerArmor1_CloakOnMelee [OMOD:00606269] | mod_Legendary_PowerArmor1_HealthRegen [OMOD:0060625D] | mod_Legendary_PowerArmor1_LessDMGAnimals [OMOD:00606274] | mod_Legendary_PowerArmor1_LessDMGBugs [OMOD:00606266] | mod_Legendary_PowerArmor1_LessDMGGhouls [OMOD:0060625E] | mod_Legendary_PowerArmor1_LessDMGPlayers [OMOD:00606259] | mod_Legendary_PowerArmor1_LessDMGRobots [OMOD:00606275] | mod_Legendary_PowerArmor1_LessDmgScorched [OMOD:0060626D] | mod_Legendary_PowerArmor1_LessDMGSuperMutants [OMOD:00606265] | mod_Legendary_PowerArmor1_LowHealthTriggersStimpak [OMOD:0060625F] | mod_Legendary_PowerArmor1_Overeater [OMOD:00606DE3] | mod_Legendary_PowerArmor1_ResistancesInverseHealth [OMOD:00606257] | mod_Legendary_PowerArmor1_ResistancesMutation [OMOD:00606253] | mod_Legendary_PowerArmor1_ResistancesNight [OMOD:0060625B] | mod_Legendary_PowerArmor1_ResistancesProportionalCaps [OMOD:0060893D] | mod_Legendary_PowerArmor1_ResistancesProportionalHealth [OMOD:00606276]
005527A5	LegendaryItems_Creatures_AllItems	5	First Star Slot	007904F1	modcol_Legendary_Crafting_PowerArmor2	Random Legendary Mod	modcol_Legendary_Crafting_PowerArmor2 [OMOD:007904F1] | mod_Legendary_PowerArmor2_APRegen [OMOD:0060626E] | mod_Legendary_PowerArmor2_CryoResistance [OMOD:00606B70] | mod_Legendary_PowerArmor2_DiseaseResistance [OMOD:0060626A] | mod_Legendary_PowerArmor2_Fireproof [OMOD:00606B3A] | mod_Legendary_PowerArmor2_Glutton [OMOD:006069A7] | mod_Legendary_PowerArmor2_PoisonResistance [OMOD:00606267] | mod_Legendary_PowerArmor2_RadResistance [OMOD:00606264] | mod_Legendary_PowerArmor2_ReduceExplosionDamage [OMOD:00609E50] | mod_Legendary_PowerArmor2_StatAgility [OMOD:00606263] | mod_Legendary_PowerArmor2_StatCharisma [OMOD:00606261] | mod_Legendary_PowerArmor2_StatEndurance [OMOD:00606260] | mod_Legendary_PowerArmor2_StatIntelligence [OMOD:00606256] | mod_Legendary_PowerArmor2_StatLuck [OMOD:00606255] | mod_Legendary_PowerArmor2_StatPerception [OMOD:00606258] | mod_Legendary_PowerArmor2_StatStrength [OMOD:00606254]
005527A5	LegendaryItems_Creatures_AllItems	6	First Star Slot	007904F2	modcol_Legendary_Crafting_PowerArmor3	Random Legendary Mod	modcol_Legendary_Crafting_PowerArmor3 [OMOD:007904F2] | mod_Legendary_PowerArmor3_Burning [OMOD:00608376] | mod_Legendary_PowerArmor3_Durability [OMOD:0060625A] | mod_Legendary_PowerArmor3_Electrified [OMOD:00608374] | mod_Legendary_PowerArmor3_Frozen [OMOD:00608377] | mod_Legendary_PowerArmor3_IncreaseHealing [OMOD:00609C45] | mod_Legendary_PowerArmor3_Defenders [OMOD:00606252] | mod_Legendary_PowerArmor3_LessDamageSprinting [OMOD:0060625C] | mod_Legendary_PowerArmor3_LessDamageStandStill [OMOD:00606277] | mod_Legendary_PowerArmor3_LockPick [OMOD:00606273] | mod_Legendary_PowerArmor3_RadsRegen [OMOD:00606B6E] | mod_Legendary_PowerArmor3_Toxic [OMOD:00608375] | mod_Legendary_PowerArmor3_WeightAmmo [OMOD:00606270] | mod_Legendary_PowerArmor3_WeightFoodDrinkChems [OMOD:0060626F] | mod_Legendary_PowerArmor3_WeightJunk [OMOD:0060626C] | mod_Legendary_PowerArmor3_WeightWeapons [OMOD:0060626B]
005527A5	LegendaryItems_Creatures_AllItems	7	First Star Slot	007A0D34	modcol_Legendary_Crafting_PowerArmor4	Random Legendary Mod	modcol_Legendary_Crafting_PowerArmor4 [OMOD:007A0D34] | mod_Legendary_PowerArmor4_Aegis [OMOD:007ACE4F] | mod_Legendary_PowerArmor4_BattleLoaders [OMOD:007A74C2] | mod_Legendary_PowerArmor4_Bruiser [OMOD:007A74CD] | mod_Legendary_PowerArmor4_ChooChoo [OMOD:00792A2B] | mod_Legendary_PowerArmor4_LimitBreak [OMOD:007A74C6] | mod_Legendary_PowerArmor4_Miasma [OMOD:007A74C4] | mod_Legendary_PowerArmor4_Sawbones [OMOD:007A74D0] | mod_Legendary_PowerArmor4_Propelling [OMOD:00792A29] | mod_Legendary_PowerArmor4_RadioactivePowered [OMOD:00792A33] | mod_Legendary_PowerArmor4_Ranger [OMOD:007A74CE] | mod_Legendary_PowerArmor4_Reflective [OMOD:00792A35] | mod_Legendary_PowerArmor4_Rejuvenators [OMOD:007ACD6E] | mod_Legendary_PowerArmor4_Runner [OMOD:007A74CB] | mod_Legendary_PowerArmor4_Scanners [OMOD:00792A3A] | mod_Legendary_PowerArmor4_Stalwarts [OMOD:007ACEB2] | mod_Legendary_PowerArmor4_Tanky [OMOD:007A74C7]
005527A5	LegendaryItems_Creatures_AllItems	8	First Star Slot	007904EA	modcol_Legendary_Crafting_Weapon1	Random Legendary Mod	modcol_Legendary_Crafting_Weapon1 [OMOD:007904EA] | mod_Legendary_Weapon1_AntiArmor [OMOD:005281B4] | mod_Legendary_Weapon1_Medic [OMOD:0075EAC6] | mod_Legendary_Weapon1_DamageAddiction [OMOD:004F6AAB] | mod_Legendary_Weapon1_DamageFirstBlood [OMOD:004F6AA5] | mod_Legendary_Weapon1_DamageInverseHealth [OMOD:004F6AA0] | mod_Legendary_Weapon1_DamageNight [OMOD:004F6AAE] | mod_Legendary_Weapon1_DamageUnarmored [OMOD:004F6AA7] | mod_Legendary_Weapon1_DamageViaCaps [OMOD:00606B71] | mod_Legendary_Weapon1_DamageViaHealth [OMOD:00606B73] | mod_Legendary_Weapon1_DebuffDamage [OMOD:005281B8] | mod_Legendary_Weapon1_DmgConsecutiveHits [OMOD:004F577D] | mod_Legendary_Weapon1_DmgVsAnimals [OMOD:004F577A] | mod_Legendary_Weapon1_DmgVsBugs [OMOD:001F81EB] | mod_Legendary_Weapon1_DmgVsGhouls [OMOD:004F5779] | mod_Legendary_Weapon1_DmgVsPlayers [OMOD:004F5770] | mod_Legendary_Weapon1_DmgVsRobots [OMOD:004F577C] | mod_Legendary_Weapon1_DmgVsScorched [OMOD:004ED02B] | mod_Legendary_Weapon1_DmgVsSupermutants [OMOD:004F577B] | mod_Legendary_Weapon1_DmgWithMutation [OMOD:005299F5] | mod_Legendary_Weapon1_Execute [OMOD:004F6AA1] | mod_Legendary_Weapon1_Gourmand [OMOD:006069F2] | mod_Legendary_Weapon1_Guns_AccuracyNotInCombat [OMOD:004F6D77] | mod_Legendary_Weapon1_Guns_AmmoCapacity4x [OMOD:004F6AB1] | mod_Legendary_Weapon1_Guns_TwoShot [OMOD:004F6D76] | mod_Legendary_Weapon1_Vampire [OMOD:00527F84]
005527A5	LegendaryItems_Creatures_AllItems	9	First Star Slot	007904EB	modcol_Legendary_Crafting_Weapon2	Random Legendary Mod	modcol_Legendary_Crafting_Weapon2 [OMOD:007904EB] | mod_Legendary_Weapon2_APViaKill [OMOD:00606B72] | mod_Legendary_Weapon2_DmgCrits [OMOD:0052414B] | mod_Legendary_Weapon2_DmgLimbs [OMOD:004ED02C] | mod_Legendary_Weapon2_Guns_Bashing [OMOD:005299F9] | mod_Legendary_Weapon2_Guns_DmgSights [OMOD:0052414E] | mod_Legendary_Weapon2_Guns_ExplosiveBullets [OMOD:004F5771] | mod_Legendary_Weapon2_Guns_LastShot [OMOD:006069EC] | mod_Legendary_Weapon2_Guns_RoF [OMOD:0052414F] | mod_Legendary_Weapon2_Guns_VATSAccuracy [OMOD:00524153] | mod_Legendary_Weapon2_Melee_BlockReflects [OMOD:001A7C39] | mod_Legendary_Weapon2_Melee_DamagePowerAttack [OMOD:001A7BE2] | mod_Legendary_Weapon2_Melee_Steady [OMOD:00606C8D] | mod_Legendary_Weapon2_Melee_SwingSpeed [OMOD:001A7BDA]
005527A5	LegendaryItems_Creatures_AllItems	10	First Star Slot	007904EC	modcol_Legendary_Crafting_Weapon3	Random Legendary Mod	modcol_Legendary_Crafting_Weapon3 [OMOD:007904EC] | mod_Legendary_Weapon3_CritSpeed [OMOD:0052414C] | mod_Legendary_Weapon3_Durability [OMOD:0037F7D9] | mod_Legendary_Weapon3_Guns_CloakOnHit [OMOD:00609E4F] | mod_Legendary_Weapon3_Guns_MoveSpeedSights [OMOD:004ED02E] | mod_Legendary_Weapon3_Guns_ReloadSpeed [OMOD:00524150] | mod_Legendary_Weapon3_Guns_ResistReload [OMOD:004F5777] | mod_Legendary_Weapon3_Guns_ResistSights [OMOD:004F5772] | mod_Legendary_Weapon3_StatPerception [OMOD:005299FA] | mod_Legendary_Weapon3_Melee_LessDamageBlock [OMOD:005253FB] | mod_Legendary_Weapon3_Melee_Defenders [OMOD:001A7BD3] | mod_Legendary_Weapon3_StatEndurance [OMOD:005299FD] | mod_Legendary_Weapon3_StatStrength [OMOD:005299FC] | mod_Legendary_Weapon3_StatAgility [OMOD:005299FB] | mod_Legendary_Weapon3_VATSCostAP [OMOD:00524154] | mod_Legendary_Weapon3_Weight [OMOD:00524152] | mod_Legendary_Weapon3_StatCharisma [OMOD:0079AD67] | mod_Legendary_Weapon3_StatIntelligence [OMOD:0079AD68] | mod_Legendary_Weapon3_StatLuck [OMOD:0079AD69]
005527A5	LegendaryItems_Creatures_AllItems	11	First Star Slot	007A0D35	modcol_Legendary_Crafting_Weapon4	Random Legendary Mod	modcol_Legendary_Crafting_Weapon4 [OMOD:007A0D35] | mod_Legendary_Weapon4_Bully [OMOD:0079298C] | mod_Legendary_Weapon4_Conductors [OMOD:007ACB0B] | mod_Legendary_Weapon4_Encirclers [OMOD:007ACBF5] | mod_Legendary_Weapon4_Fracturers [OMOD:00792983] | mod_Legendary_Weapon4_Guns_Electricians [OMOD:0079297C] | mod_Legendary_Weapon4_Guns_PinPointers [OMOD:007ACA07] | mod_Legendary_Weapon4_Guns_Stabilizers [OMOD:007AC88D] | mod_Legendary_Weapon4_Melee_ComboBreaker [OMOD:00792982] | mod_Legendary_Weapon4_Melee_Fencers [OMOD:007ACBF4] | mod_Legendary_Weapon4_Icemens [OMOD:00792985] | mod_Legendary_Weapon4_Melee_Pounders [OMOD:007ACB3E] | mod_Legendary_Weapon4_Melee_Charged [OMOD:00885C6A] | mod_Legendary_Weapon4_Polished [OMOD:00792979] | mod_Legendary_Weapon4_Pyromaniac [OMOD:0079297F] | mod_Legendary_Weapon4_Vipers [OMOD:0079297A]
005A3641	zzzCOMP_LegendaryItems_AllArmor_RESTRICTED	0	First Star Slot	00529A0F	mod_Legendary_Armor1_AutoRevive	Life Saving	mod_Legendary_Armor1_AutoRevive [OMOD:00529A0F] | _PARENT_mod_Legendary_Armor_WEIGHTVALUE_1 [OMOD:004519EF]
005A3641	zzzCOMP_LegendaryItems_AllArmor_RESTRICTED	1	First Star Slot	00524146	mod_Legendary_Armor1_Chameleon	Chameleon	mod_Legendary_Armor1_Chameleon [OMOD:00524146] | _PARENT_mod_Legendary_Armor_WEIGHTVALUE_1 [OMOD:004519EF]
005A3641	zzzCOMP_LegendaryItems_AllArmor_RESTRICTED	2	First Star Slot	00524147	mod_Legendary_Armor1_CloakOnMelee	Cloaking	mod_Legendary_Armor1_CloakOnMelee [OMOD:00524147] | _PARENT_mod_Legendary_Armor_WEIGHTVALUE_1 [OMOD:004519EF]
005A3641	zzzCOMP_LegendaryItems_AllArmor_RESTRICTED	3	First Star Slot	00529A09	mod_Legendary_Armor1_HealthRegen	Regenerating	mod_Legendary_Armor1_HealthRegen [OMOD:00529A09] | _PARENT_mod_Legendary_Armor_WEIGHTVALUE_1 [OMOD:004519EF] | CT_Legendary_Armor_HealthRegen [CURV:004E7231]
005A3641	zzzCOMP_LegendaryItems_AllArmor_RESTRICTED	4	First Star Slot	004F6D7D	mod_Legendary_Armor1_LessDMGAnimals	Hunter's	mod_Legendary_Armor1_LessDMGAnimals [OMOD:004F6D7D] | _PARENT_mod_Legendary_Armor_WEIGHTVALUE_1 [OMOD:004519EF]
005A3641	zzzCOMP_LegendaryItems_AllArmor_RESTRICTED	5	First Star Slot	004F6D7C	mod_Legendary_Armor1_LessDMGBugs	Exterminator's	mod_Legendary_Armor1_LessDMGBugs [OMOD:004F6D7C] | _PARENT_mod_Legendary_Armor_WEIGHTVALUE_1 [OMOD:004519EF]
005A3641	zzzCOMP_LegendaryItems_AllArmor_RESTRICTED	6	First Star Slot	004F6D7E	mod_Legendary_Armor1_LessDMGGhouls	Ghoul Slayer's	mod_Legendary_Armor1_LessDMGGhouls [OMOD:004F6D7E] | _PARENT_mod_Legendary_Armor_WEIGHTVALUE_1 [OMOD:004519EF]
005A3641	zzzCOMP_LegendaryItems_AllArmor_RESTRICTED	7	First Star Slot	004F6D78	mod_Legendary_Armor1_LessDMGPlayers	Assassin's	mod_Legendary_Armor1_LessDMGPlayers [OMOD:004F6D78] | _PARENT_mod_Legendary_Armor_WEIGHTVALUE_1 [OMOD:004519EF]
005A3641	zzzCOMP_LegendaryItems_AllArmor_RESTRICTED	8	First Star Slot	004F6D7F	mod_Legendary_Armor1_LessDMGRobots	Troubleshooter's	mod_Legendary_Armor1_LessDMGRobots [OMOD:004F6D7F] | _PARENT_mod_Legendary_Armor_WEIGHTVALUE_1 [OMOD:004519EF]
005A3641	zzzCOMP_LegendaryItems_AllArmor_RESTRICTED	9	First Star Slot	004EE548	mod_Legendary_Armor1_LessDmgScorched	Zealot's	mod_Legendary_Armor1_LessDmgScorched [OMOD:004EE548] | _PARENT_mod_Legendary_Armor_WEIGHTVALUE_1 [OMOD:004519EF]
005A3641	zzzCOMP_LegendaryItems_AllArmor_RESTRICTED	10	First Star Slot	004F6D80	mod_Legendary_Armor1_LessDMGSuperMutants	Mutant Slayer's	mod_Legendary_Armor1_LessDMGSuperMutants [OMOD:004F6D80] | _PARENT_mod_Legendary_Armor_WEIGHTVALUE_1 [OMOD:004519EF]
005A3641	zzzCOMP_LegendaryItems_AllArmor_RESTRICTED	11	First Star Slot	0052414A	mod_Legendary_Armor1_LowHealthIncreasesStats	Unyielding	mod_Legendary_Armor1_LowHealthIncreasesStats [OMOD:0052414A] | _PARENT_mod_Legendary_Armor_WEIGHTVALUE_1 [OMOD:004519EF]
005A3641	zzzCOMP_LegendaryItems_AllArmor_RESTRICTED	12	First Star Slot	00521915	mod_Legendary_Armor1_LowHealthTriggersStimpak	Auto Stim	mod_Legendary_Armor1_LowHealthTriggersStimpak [OMOD:00521915] | _PARENT_mod_Legendary_Armor_WEIGHTVALUE_1 [OMOD:004519EF]
005A3641	zzzCOMP_LegendaryItems_AllArmor_RESTRICTED	13	First Star Slot	00521914	mod_Legendary_Armor1_ResistancesInverseHealth	Bolstering	mod_Legendary_Armor1_ResistancesInverseHealth [OMOD:00521914] | _PARENT_mod_Legendary_Armor_WEIGHTVALUE_1 [OMOD:004519EF]
005A3641	zzzCOMP_LegendaryItems_AllArmor_RESTRICTED	14	First Star Slot	00529A0C	mod_Legendary_Armor1_ResistancesMutation	Mutant's	mod_Legendary_Armor1_ResistancesMutation [OMOD:00529A0C] | _PARENT_mod_Legendary_Armor_WEIGHTVALUE_1 [OMOD:004519EF]
005A3641	zzzCOMP_LegendaryItems_AllArmor_RESTRICTED	15	First Star Slot	00524143	mod_Legendary_Armor1_ResistancesNight	Nocturnal	mod_Legendary_Armor1_ResistancesNight [OMOD:00524143] | _PARENT_mod_Legendary_Armor_WEIGHTVALUE_1 [OMOD:004519EF]
005A3641	zzzCOMP_LegendaryItems_AllArmor_RESTRICTED	16	First Star Slot	00529A05	mod_Legendary_Armor1_ResistancesProportionalHealth	Vanguard's	mod_Legendary_Armor1_ResistancesProportionalHealth [OMOD:00529A05] | _PARENT_mod_Legendary_Armor_WEIGHTVALUE_1 [OMOD:004519EF]
005A3641	zzzCOMP_LegendaryItems_AllArmor_RESTRICTED	17	First Star Slot	00529A14	mod_Legendary_Armor1_Heavyweight	Heavyweight	mod_Legendary_Armor1_Heavyweight [OMOD:00529A14] | _PARENT_mod_Legendary_Armor_WEIGHTVALUE_1 [OMOD:004519EF]
005A3641	zzzCOMP_LegendaryItems_AllArmor_RESTRICTED	18	Second Star Slot	00527F75	mod_Legendary_Armor2_APRegen	Powered	mod_Legendary_Armor2_APRegen [OMOD:00527F75] | _PARENT_mod_Legendary_Armor_WEIGHTVALUE_2 [OMOD:004519F0]
005A3641	zzzCOMP_LegendaryItems_AllArmor_RESTRICTED	19	Second Star Slot	00527F72	mod_Legendary_Armor2_DiseaseResistance	Antiseptic	mod_Legendary_Armor2_DiseaseResistance [OMOD:00527F72] | _PARENT_mod_Legendary_Armor_WEIGHTVALUE_2 [OMOD:004519F0]
005A3641	zzzCOMP_LegendaryItems_AllArmor_RESTRICTED	20	Second Star Slot	00527F6E	mod_Legendary_Armor2_PoisonResistance	Poisoner's	mod_Legendary_Armor2_PoisonResistance [OMOD:00527F6E] | _PARENT_mod_Legendary_Armor_WEIGHTVALUE_2 [OMOD:004519F0]
005A3641	zzzCOMP_LegendaryItems_AllArmor_RESTRICTED	21	Second Star Slot	00527F6F	mod_Legendary_Armor2_RadResistance	HazMat	mod_Legendary_Armor2_RadResistance [OMOD:00527F6F] | _PARENT_mod_Legendary_Armor_WEIGHTVALUE_2 [OMOD:004519F0]
005A3641	zzzCOMP_LegendaryItems_AllArmor_RESTRICTED	22	Second Star Slot	004F6D85	mod_Legendary_Armor2_StatAgility	Agility	mod_Legendary_Armor2_StatAgility [OMOD:004F6D85] | _PARENT_mod_Legendary_Armor_WEIGHTVALUE_2 [OMOD:004519F0]
005A3641	zzzCOMP_LegendaryItems_AllArmor_RESTRICTED	23	Second Star Slot	004F6D83	mod_Legendary_Armor2_StatCharisma	Charisma	mod_Legendary_Armor2_StatCharisma [OMOD:004F6D83] | _PARENT_mod_Legendary_Armor_WEIGHTVALUE_2 [OMOD:004519F0]
005A3641	zzzCOMP_LegendaryItems_AllArmor_RESTRICTED	24	Second Star Slot	004F6D82	mod_Legendary_Armor2_StatEndurance	Endurance	mod_Legendary_Armor2_StatEndurance [OMOD:004F6D82] | _PARENT_mod_Legendary_Armor_WEIGHTVALUE_2 [OMOD:004519F0]
005A3641	zzzCOMP_LegendaryItems_AllArmor_RESTRICTED	25	Second Star Slot	004F6D84	mod_Legendary_Armor2_StatIntelligence	Intelligence	mod_Legendary_Armor2_StatIntelligence [OMOD:004F6D84] | _PARENT_mod_Legendary_Armor_WEIGHTVALUE_2 [OMOD:004519F0]
005A3641	zzzCOMP_LegendaryItems_AllArmor_RESTRICTED	26	Second Star Slot	004F6D86	mod_Legendary_Armor2_StatLuck	Luck	mod_Legendary_Armor2_StatLuck [OMOD:004F6D86] | _PARENT_mod_Legendary_Armor_WEIGHTVALUE_2 [OMOD:004519F0]
005A3641	zzzCOMP_LegendaryItems_AllArmor_RESTRICTED	27	Second Star Slot	004F6D81	mod_Legendary_Armor2_StatPerception	Perception	mod_Legendary_Armor2_StatPerception [OMOD:004F6D81] | _PARENT_mod_Legendary_Armor_WEIGHTVALUE_2 [OMOD:004519F0]
005A3641	zzzCOMP_LegendaryItems_AllArmor_RESTRICTED	28	Second Star Slot	004EE54E	mod_Legendary_Armor2_StatStrength	Strength	mod_Legendary_Armor2_StatStrength [OMOD:004EE54E] | _PARENT_mod_Legendary_Armor_WEIGHTVALUE_2 [OMOD:004519F0]
005A3641	zzzCOMP_LegendaryItems_AllArmor_RESTRICTED	29	Third Star Slot	0052BDBA	mod_Legendary_Armor3_Durability	Durability	mod_Legendary_Armor3_Durability [OMOD:0052BDBA] | _PARENT_mod_Legendary_Armor_WEIGHTVALUE_3 [OMOD:004519F1]
005A3641	zzzCOMP_LegendaryItems_AllArmor_RESTRICTED	30	Third Star Slot	00527F76	mod_Legendary_Armor3_Defenders	Defender's	mod_Legendary_Armor3_Defenders [OMOD:00527F76] | _PARENT_mod_Legendary_Armor_WEIGHTVALUE_3 [OMOD:004519F1]
005A3641	zzzCOMP_LegendaryItems_AllArmor_RESTRICTED	31	Third Star Slot	00527F77	mod_Legendary_Armor3_LessDamageSprinting	Cavalier's	mod_Legendary_Armor3_LessDamageSprinting [OMOD:00527F77] | _PARENT_mod_Legendary_Armor_WEIGHTVALUE_3 [OMOD:004519F1]
005A3641	zzzCOMP_LegendaryItems_AllArmor_RESTRICTED	32	Third Star Slot	004EE54C	mod_Legendary_Armor3_LessDamageStandStill	Sentinel's	mod_Legendary_Armor3_LessDamageStandStill [OMOD:004EE54C] | _PARENT_mod_Legendary_Armor_WEIGHTVALUE_3 [OMOD:004519F1]
005A3641	zzzCOMP_LegendaryItems_AllArmor_RESTRICTED	33	Third Star Slot	00527F79	mod_Legendary_Armor3_LessFallDamage	Acrobat's	mod_Legendary_Armor3_LessFallDamage [OMOD:00527F79] | _PARENT_mod_Legendary_Armor_WEIGHTVALUE_3 [OMOD:004519F1]
005A3641	zzzCOMP_LegendaryItems_AllArmor_RESTRICTED	34	Third Star Slot	00527F7B	mod_Legendary_Armor3_LockPick	Safecracker's	mod_Legendary_Armor3_LockPick [OMOD:00527F7B] | _PARENT_mod_Legendary_Armor_WEIGHTVALUE_3 [OMOD:004519F1]
005A3641	zzzCOMP_LegendaryItems_AllArmor_RESTRICTED	35	Third Star Slot	0052BDBC	mod_Legendary_Armor3_ReducedLimbDamage	Adamantium	mod_Legendary_Armor3_ReducedLimbDamage [OMOD:0052BDBC] | _PARENT_mod_Legendary_Armor_WEIGHTVALUE_3 [OMOD:004519F1]
005A3641	zzzCOMP_LegendaryItems_AllArmor_RESTRICTED	36	Third Star Slot	0052BDB7	mod_Legendary_Armor3_Sneak	Secret Agent's	mod_Legendary_Armor3_Sneak [OMOD:0052BDB7] | _PARENT_mod_Legendary_Armor_WEIGHTVALUE_3 [OMOD:004519F1]
005A3641	zzzCOMP_LegendaryItems_AllArmor_RESTRICTED	37	Third Star Slot	00527F7A	mod_Legendary_Armor3_Waterbreathing	Diver's	mod_Legendary_Armor3_Waterbreathing [OMOD:00527F7A] | _PARENT_mod_Legendary_Armor_WEIGHTVALUE_3 [OMOD:004519F1]
005A3641	zzzCOMP_LegendaryItems_AllArmor_RESTRICTED	38	Third Star Slot	0052BDB4	mod_Legendary_Armor3_WeightAmmo	Belted	mod_Legendary_Armor3_WeightAmmo [OMOD:0052BDB4] | _PARENT_mod_Legendary_Armor_WEIGHTVALUE_3 [OMOD:004519F1]
005A3641	zzzCOMP_LegendaryItems_AllArmor_RESTRICTED	39	Third Star Slot	0052BDB5	mod_Legendary_Armor3_WeightFoodDrinkChems	Thru-hiker's	mod_Legendary_Armor3_WeightFoodDrinkChems [OMOD:0052BDB5] | _PARENT_mod_Legendary_Armor_WEIGHTVALUE_3 [OMOD:004519F1]
005A3641	zzzCOMP_LegendaryItems_AllArmor_RESTRICTED	40	Third Star Slot	0052BDB6	mod_Legendary_Armor3_WeightJunk	Pack Rat's	mod_Legendary_Armor3_WeightJunk [OMOD:0052BDB6] | _PARENT_mod_Legendary_Armor_WEIGHTVALUE_3 [OMOD:004519F1]
005A3641	zzzCOMP_LegendaryItems_AllArmor_RESTRICTED	41	Third Star Slot	00527F78	mod_Legendary_Armor3_WeightWeapons	Arms Keeper's	mod_Legendary_Armor3_WeightWeapons [OMOD:00527F78] | _PARENT_mod_Legendary_Armor_WEIGHTVALUE_3 [OMOD:004519F1]
005A3640	zzzCOMP_RQ_Fetch_LegendaryItems_AllWeapons_RESTRICTED	0	First Star Slot	004F6D77	mod_Legendary_Weapon1_Guns_AccuracyNotInCombat	Stalker's	mod_Legendary_Weapon1_Guns_AccuracyNotInCombat [OMOD:004F6D77] | _PARENT_mod_Legendary_Weapon_WEIGHTVALUE_1 [OMOD:004519F4]
005A3640	zzzCOMP_RQ_Fetch_LegendaryItems_AllWeapons_RESTRICTED	1	First Star Slot	005281B4	mod_Legendary_Weapon1_AntiArmor	Anti-armor	mod_Legendary_Weapon1_AntiArmor [OMOD:005281B4] | _PARENT_mod_Legendary_Weapon_WEIGHTVALUE_1 [OMOD:004519F4]
005A3640	zzzCOMP_RQ_Fetch_LegendaryItems_AllWeapons_RESTRICTED	2	First Star Slot	004F6AAB	mod_Legendary_Weapon1_DamageAddiction	Junkie's	mod_Legendary_Weapon1_DamageAddiction [OMOD:004F6AAB] | _PARENT_mod_Legendary_Weapon_WEIGHTVALUE_1 [OMOD:004519F4]
005A3640	zzzCOMP_RQ_Fetch_LegendaryItems_AllWeapons_RESTRICTED	3	First Star Slot	004F6AA5	mod_Legendary_Weapon1_DamageFirstBlood	Instigating	mod_Legendary_Weapon1_DamageFirstBlood [OMOD:004F6AA5] | _PARENT_mod_Legendary_Weapon_WEIGHTVALUE_1 [OMOD:004519F4]
005A3640	zzzCOMP_RQ_Fetch_LegendaryItems_AllWeapons_RESTRICTED	4	First Star Slot	004F6AA0	mod_Legendary_Weapon1_DamageInverseHealth	Bloodied	mod_Legendary_Weapon1_DamageInverseHealth [OMOD:004F6AA0] | _PARENT_mod_Legendary_Weapon_WEIGHTVALUE_1 [OMOD:004519F4]
005A3640	zzzCOMP_RQ_Fetch_LegendaryItems_AllWeapons_RESTRICTED	5	First Star Slot	004F6AAE	mod_Legendary_Weapon1_DamageNight	Nocturnal	mod_Legendary_Weapon1_DamageNight [OMOD:004F6AAE] | _PARENT_mod_Legendary_Weapon_WEIGHTVALUE_1 [OMOD:004519F4]
005A3640	zzzCOMP_RQ_Fetch_LegendaryItems_AllWeapons_RESTRICTED	6	First Star Slot	004F6AA7	mod_Legendary_Weapon1_DamageUnarmored	Berserker's	mod_Legendary_Weapon1_DamageUnarmored [OMOD:004F6AA7] | _PARENT_mod_Legendary_Weapon_WEIGHTVALUE_1 [OMOD:004519F4]
005A3640	zzzCOMP_RQ_Fetch_LegendaryItems_AllWeapons_RESTRICTED	7	First Star Slot	005281B8	mod_Legendary_Weapon1_DebuffDamage	Suppressor's	mod_Legendary_Weapon1_DebuffDamage [OMOD:005281B8] | _PARENT_mod_Legendary_Weapon_WEIGHTVALUE_1 [OMOD:004519F4]
005A3640	zzzCOMP_RQ_Fetch_LegendaryItems_AllWeapons_RESTRICTED	8	First Star Slot	004F577D	mod_Legendary_Weapon1_DmgConsecutiveHits	Furious	mod_Legendary_Weapon1_DmgConsecutiveHits [OMOD:004F577D] | _PARENT_mod_Legendary_Weapon_WEIGHTVALUE_1 [OMOD:004519F4]
005A3640	zzzCOMP_RQ_Fetch_LegendaryItems_AllWeapons_RESTRICTED	9	First Star Slot	004F577A	mod_Legendary_Weapon1_DmgVsAnimals	Hunter's	mod_Legendary_Weapon1_DmgVsAnimals [OMOD:004F577A] | _PARENT_mod_Legendary_Weapon_WEIGHTVALUE_1 [OMOD:004519F4] | CT_Legendary_Weapon_DMGvsAnimals [CURV:004E7240]
005A3640	zzzCOMP_RQ_Fetch_LegendaryItems_AllWeapons_RESTRICTED	10	First Star Slot	001F81EB	mod_Legendary_Weapon1_DmgVsBugs	Exterminator's	mod_Legendary_Weapon1_DmgVsBugs [OMOD:001F81EB] | _PARENT_mod_Legendary_Weapon_WEIGHTVALUE_1 [OMOD:004519F4] | CT_Legendary_Weapon_DMGvsBugs [CURV:004E7241]
005A3640	zzzCOMP_RQ_Fetch_LegendaryItems_AllWeapons_RESTRICTED	11	First Star Slot	004F5779	mod_Legendary_Weapon1_DmgVsGhouls	Ghoul Slayer's	mod_Legendary_Weapon1_DmgVsGhouls [OMOD:004F5779] | _PARENT_mod_Legendary_Weapon_WEIGHTVALUE_1 [OMOD:004519F4] | CT_Legendary_Weapon_DMGvsGhouls [CURV:004E7242]
005A3640	zzzCOMP_RQ_Fetch_LegendaryItems_AllWeapons_RESTRICTED	12	First Star Slot	004F5770	mod_Legendary_Weapon1_DmgVsPlayers	Assassin's	mod_Legendary_Weapon1_DmgVsPlayers [OMOD:004F5770] | _PARENT_mod_Legendary_Weapon_WEIGHTVALUE_1 [OMOD:004519F4] | CT_Legendary_Weapon_DMGvsPlayers [CURV:004E7243]
005A3640	zzzCOMP_RQ_Fetch_LegendaryItems_AllWeapons_RESTRICTED	13	First Star Slot	004F577C	mod_Legendary_Weapon1_DmgVsRobots	Troubleshooter's	mod_Legendary_Weapon1_DmgVsRobots [OMOD:004F577C] | _PARENT_mod_Legendary_Weapon_WEIGHTVALUE_1 [OMOD:004519F4] | CT_Legendary_Weapon_DMGvsRobots [CURV:004E7244]
005A3640	zzzCOMP_RQ_Fetch_LegendaryItems_AllWeapons_RESTRICTED	14	First Star Slot	004ED02B	mod_Legendary_Weapon1_DmgVsScorched	Zealot's	mod_Legendary_Weapon1_DmgVsScorched [OMOD:004ED02B] | _PARENT_mod_Legendary_Weapon_WEIGHTVALUE_1 [OMOD:004519F4] | CT_Legendary_Weapon_DMGvsScorched [CURV:004E7245]
005A3640	zzzCOMP_RQ_Fetch_LegendaryItems_AllWeapons_RESTRICTED	15	First Star Slot	004F577B	mod_Legendary_Weapon1_DmgVsSupermutants	Mutant Slayer's	mod_Legendary_Weapon1_DmgVsSupermutants [OMOD:004F577B] | _PARENT_mod_Legendary_Weapon_WEIGHTVALUE_1 [OMOD:004519F4] | CT_Legendary_Weapon_DMGvsSuperMutants [CURV:004E7246]
005A3640	zzzCOMP_RQ_Fetch_LegendaryItems_AllWeapons_RESTRICTED	16	First Star Slot	005299F5	mod_Legendary_Weapon1_DmgWithMutation	Mutant's	mod_Legendary_Weapon1_DmgWithMutation [OMOD:005299F5] | _PARENT_mod_Legendary_Weapon_WEIGHTVALUE_1 [OMOD:004519F4]
005A3640	zzzCOMP_RQ_Fetch_LegendaryItems_AllWeapons_RESTRICTED	17	First Star Slot	004F6AA1	mod_Legendary_Weapon1_Execute	Executioner's	mod_Legendary_Weapon1_Execute [OMOD:004F6AA1] | _PARENT_mod_Legendary_Weapon_WEIGHTVALUE_1 [OMOD:004519F4] | CT_Legendary_Weapon_Execute [CURV:004E7247]
005A3640	zzzCOMP_RQ_Fetch_LegendaryItems_AllWeapons_RESTRICTED	18	First Star Slot	004F6AB1	mod_Legendary_Weapon1_Guns_AmmoCapacity4x	Quad	mod_Legendary_Weapon1_Guns_AmmoCapacity4x [OMOD:004F6AB1] | _PARENT_mod_Legendary_Weapon_WEIGHTVALUE_1 [OMOD:004519F4]
005A3640	zzzCOMP_RQ_Fetch_LegendaryItems_AllWeapons_RESTRICTED	19	First Star Slot	004F6D76	mod_Legendary_Weapon1_Guns_TwoShot	Two Shot	mod_Legendary_Weapon1_Guns_TwoShot [OMOD:004F6D76] | _PARENT_mod_Legendary_Weapon_WEIGHTVALUE_1 [OMOD:004519F4]
005A3640	zzzCOMP_RQ_Fetch_LegendaryItems_AllWeapons_RESTRICTED	20	First Star Slot	00527F84	mod_Legendary_Weapon1_Vampire	Vampire's	mod_Legendary_Weapon1_Vampire [OMOD:00527F84] | _PARENT_mod_Legendary_Weapon_WEIGHTVALUE_1 [OMOD:004519F4]
005A3640	zzzCOMP_RQ_Fetch_LegendaryItems_AllWeapons_RESTRICTED	21	First Star Slot	004ED02C	mod_Legendary_Weapon2_DmgLimbs	Crippling	mod_Legendary_Weapon2_DmgLimbs [OMOD:004ED02C] | _PARENT_mod_Legendary_Weapon_WEIGHTVALUE_2 [OMOD:004519F5] | CT_Legendary_Weapon_DmgLimbs [CURV:004E7248]
005A3640	zzzCOMP_RQ_Fetch_LegendaryItems_AllWeapons_RESTRICTED	22	First Star Slot	005299F9	mod_Legendary_Weapon2_Guns_Bashing	Basher's	mod_Legendary_Weapon2_Guns_Bashing [OMOD:005299F9] | _PARENT_mod_Legendary_Weapon_WEIGHTVALUE_2 [OMOD:004519F5]
005A3640	zzzCOMP_RQ_Fetch_LegendaryItems_AllWeapons_RESTRICTED	23	First Star Slot	0052414B	mod_Legendary_Weapon2_DmgCrits	Vital	mod_Legendary_Weapon2_DmgCrits [OMOD:0052414B] | _PARENT_mod_Legendary_Weapon_WEIGHTVALUE_2 [OMOD:004519F5]
005A3640	zzzCOMP_RQ_Fetch_LegendaryItems_AllWeapons_RESTRICTED	24	First Star Slot	0052414E	mod_Legendary_Weapon2_Guns_DmgSights	Hitman's	mod_Legendary_Weapon2_Guns_DmgSights [OMOD:0052414E] | _PARENT_mod_Legendary_Weapon_WEIGHTVALUE_2 [OMOD:004519F5]
005A3640	zzzCOMP_RQ_Fetch_LegendaryItems_AllWeapons_RESTRICTED	25	First Star Slot	004F5771	mod_Legendary_Weapon2_Guns_ExplosiveBullets	Explosive	mod_Legendary_Weapon2_Guns_ExplosiveBullets [OMOD:004F5771] | _PARENT_mod_Legendary_Weapon_WEIGHTVALUE_2 [OMOD:004519F5]
005A3640	zzzCOMP_RQ_Fetch_LegendaryItems_AllWeapons_RESTRICTED	26	First Star Slot	0052414F	mod_Legendary_Weapon2_Guns_RoF	Rapid	mod_Legendary_Weapon2_Guns_RoF [OMOD:0052414F] | _PARENT_mod_Legendary_Weapon_WEIGHTVALUE_2 [OMOD:004519F5] | CT_Legendary_Weapon_Guns_RoF [CURV:004E7249]
005A3640	zzzCOMP_RQ_Fetch_LegendaryItems_AllWeapons_RESTRICTED	27	First Star Slot	00524153	mod_Legendary_Weapon2_Guns_VATSAccuracy	V.A.T.S. Enhanced	mod_Legendary_Weapon2_Guns_VATSAccuracy [OMOD:00524153] | _PARENT_mod_Legendary_Weapon_WEIGHTVALUE_2 [OMOD:004519F5]
005A3640	zzzCOMP_RQ_Fetch_LegendaryItems_AllWeapons_RESTRICTED	28	First Star Slot	001A7C39	mod_Legendary_Weapon2_Melee_BlockReflects	Riposting	mod_Legendary_Weapon2_Melee_BlockReflects [OMOD:001A7C39] | _PARENT_mod_Legendary_Weapon_WEIGHTVALUE_2 [OMOD:004519F5]
005A3640	zzzCOMP_RQ_Fetch_LegendaryItems_AllWeapons_RESTRICTED	29	First Star Slot	001A7BE2	mod_Legendary_Weapon2_Melee_DamagePowerAttack	Heavy Hitter's	mod_Legendary_Weapon2_Melee_DamagePowerAttack [OMOD:001A7BE2] | _PARENT_mod_Legendary_Weapon_WEIGHTVALUE_2 [OMOD:004519F5]
005A3640	zzzCOMP_RQ_Fetch_LegendaryItems_AllWeapons_RESTRICTED	30	First Star Slot	001A7BDA	mod_Legendary_Weapon2_Melee_SwingSpeed	Rapid	mod_Legendary_Weapon2_Melee_SwingSpeed [OMOD:001A7BDA] | _PARENT_mod_Legendary_Weapon_WEIGHTVALUE_2 [OMOD:004519F5] | CT_Legendary_Weapon_Melee_SwingSpeed [CURV:004E724A]
005A3640	zzzCOMP_RQ_Fetch_LegendaryItems_AllWeapons_RESTRICTED	31	First Star Slot	0052414C	mod_Legendary_Weapon3_CritSpeed	Lucky Hit	mod_Legendary_Weapon3_CritSpeed [OMOD:0052414C] | _PARENT_mod_Legendary_Weapon_WEIGHTVALUE_3 [OMOD:004519F6]
005A3640	zzzCOMP_RQ_Fetch_LegendaryItems_AllWeapons_RESTRICTED	32	First Star Slot	004ED02E	mod_Legendary_Weapon3_Guns_MoveSpeedSights	Nimble	mod_Legendary_Weapon3_Guns_MoveSpeedSights [OMOD:004ED02E] | _PARENT_mod_Legendary_Weapon_WEIGHTVALUE_3 [OMOD:004519F6]
005A3640	zzzCOMP_RQ_Fetch_LegendaryItems_AllWeapons_RESTRICTED	33	First Star Slot	00524150	mod_Legendary_Weapon3_Guns_ReloadSpeed	Swift	mod_Legendary_Weapon3_Guns_ReloadSpeed [OMOD:00524150] | _PARENT_mod_Legendary_Weapon_WEIGHTVALUE_3 [OMOD:004519F6]
005A3640	zzzCOMP_RQ_Fetch_LegendaryItems_AllWeapons_RESTRICTED	34	First Star Slot	004F5777	mod_Legendary_Weapon3_Guns_ResistReload	Resilient	mod_Legendary_Weapon3_Guns_ResistReload [OMOD:004F5777] | _PARENT_mod_Legendary_Weapon_WEIGHTVALUE_3 [OMOD:004519F6]
005A3640	zzzCOMP_RQ_Fetch_LegendaryItems_AllWeapons_RESTRICTED	35	First Star Slot	004F5772	mod_Legendary_Weapon3_Guns_ResistSights	Steadfast	mod_Legendary_Weapon3_Guns_ResistSights [OMOD:004F5772] | _PARENT_mod_Legendary_Weapon_WEIGHTVALUE_3 [OMOD:004519F6]
005A3640	zzzCOMP_RQ_Fetch_LegendaryItems_AllWeapons_RESTRICTED	36	First Star Slot	005299FA	mod_Legendary_Weapon3_StatPerception	Perception	mod_Legendary_Weapon3_StatPerception [OMOD:005299FA] | _PARENT_mod_Legendary_Weapon_WEIGHTVALUE_3 [OMOD:004519F6]
005A3640	zzzCOMP_RQ_Fetch_LegendaryItems_AllWeapons_RESTRICTED	37	First Star Slot	00524154	mod_Legendary_Weapon3_VATSCostAP	V.A.T.S. Optimized	mod_Legendary_Weapon3_VATSCostAP [OMOD:00524154] | _PARENT_mod_Legendary_Weapon_WEIGHTVALUE_3 [OMOD:004519F6]
005A3640	zzzCOMP_RQ_Fetch_LegendaryItems_AllWeapons_RESTRICTED	38	First Star Slot	005299FB	mod_Legendary_Weapon3_StatAgility	Agility	mod_Legendary_Weapon3_StatAgility [OMOD:005299FB] | _PARENT_mod_Legendary_Weapon_WEIGHTVALUE_3 [OMOD:004519F6]
005A3640	zzzCOMP_RQ_Fetch_LegendaryItems_AllWeapons_RESTRICTED	39	First Star Slot	00524152	mod_Legendary_Weapon3_Weight	Lightweight	mod_Legendary_Weapon3_Weight [OMOD:00524152] | _PARENT_mod_Legendary_Weapon_WEIGHTVALUE_3 [OMOD:004519F6]
005A3640	zzzCOMP_RQ_Fetch_LegendaryItems_AllWeapons_RESTRICTED	40	First Star Slot	005253FB	mod_Legendary_Weapon3_Melee_LessDamageBlock	Blocker	mod_Legendary_Weapon3_Melee_LessDamageBlock [OMOD:005253FB] | _PARENT_mod_Legendary_Weapon_WEIGHTVALUE_3 [OMOD:004519F6]
005A3640	zzzCOMP_RQ_Fetch_LegendaryItems_AllWeapons_RESTRICTED	41	First Star Slot	001A7BD3	mod_Legendary_Weapon3_Melee_Defenders	Defender's	mod_Legendary_Weapon3_Melee_Defenders [OMOD:001A7BD3] | _PARENT_mod_Legendary_Weapon_WEIGHTVALUE_3 [OMOD:004519F6]
005A3640	zzzCOMP_RQ_Fetch_LegendaryItems_AllWeapons_RESTRICTED	42	First Star Slot	005299FD	mod_Legendary_Weapon3_StatEndurance	Endurance	mod_Legendary_Weapon3_StatEndurance [OMOD:005299FD] | _PARENT_mod_Legendary_Weapon_WEIGHTVALUE_3 [OMOD:004519F6]
005A3640	zzzCOMP_RQ_Fetch_LegendaryItems_AllWeapons_RESTRICTED	43	First Star Slot	005299FC	mod_Legendary_Weapon3_StatStrength	Strength	mod_Legendary_Weapon3_StatStrength [OMOD:005299FC] | _PARENT_mod_Legendary_Weapon_WEIGHTVALUE_3 [OMOD:004519F6]
00605FC4	LegendaryItems_PowerArmor_Rank2	0	First Star Slot	007904F0	modcol_Legendary_Crafting_PowerArmor1	Random Legendary Mod	modcol_Legendary_Crafting_PowerArmor1 [OMOD:007904F0] | mod_Legendary_PowerArmor1_Chameleon [OMOD:00606268] | mod_Legendary_PowerArmor1_CloakOnMelee [OMOD:00606269] | mod_Legendary_PowerArmor1_HealthRegen [OMOD:0060625D] | mod_Legendary_PowerArmor1_LessDMGAnimals [OMOD:00606274] | mod_Legendary_PowerArmor1_LessDMGBugs [OMOD:00606266] | mod_Legendary_PowerArmor1_LessDMGGhouls [OMOD:0060625E] | mod_Legendary_PowerArmor1_LessDMGPlayers [OMOD:00606259] | mod_Legendary_PowerArmor1_LessDMGRobots [OMOD:00606275] | mod_Legendary_PowerArmor1_LessDmgScorched [OMOD:0060626D] | mod_Legendary_PowerArmor1_LessDMGSuperMutants [OMOD:00606265] | mod_Legendary_PowerArmor1_LowHealthTriggersStimpak [OMOD:0060625F] | mod_Legendary_PowerArmor1_Overeater [OMOD:00606DE3] | mod_Legendary_PowerArmor1_ResistancesInverseHealth [OMOD:00606257] | mod_Legendary_PowerArmor1_ResistancesMutation [OMOD:00606253] | mod_Legendary_PowerArmor1_ResistancesNight [OMOD:0060625B] | mod_Legendary_PowerArmor1_ResistancesProportionalCaps [OMOD:0060893D] | mod_Legendary_PowerArmor1_ResistancesProportionalHealth [OMOD:00606276]
00605FC4	LegendaryItems_PowerArmor_Rank2	1	First Star Slot	007904F1	modcol_Legendary_Crafting_PowerArmor2	Random Legendary Mod	modcol_Legendary_Crafting_PowerArmor2 [OMOD:007904F1] | mod_Legendary_PowerArmor2_APRegen [OMOD:0060626E] | mod_Legendary_PowerArmor2_CryoResistance [OMOD:00606B70] | mod_Legendary_PowerArmor2_DiseaseResistance [OMOD:0060626A] | mod_Legendary_PowerArmor2_Fireproof [OMOD:00606B3A] | mod_Legendary_PowerArmor2_Glutton [OMOD:006069A7] | mod_Legendary_PowerArmor2_PoisonResistance [OMOD:00606267] | mod_Legendary_PowerArmor2_RadResistance [OMOD:00606264] | mod_Legendary_PowerArmor2_ReduceExplosionDamage [OMOD:00609E50] | mod_Legendary_PowerArmor2_StatAgility [OMOD:00606263] | mod_Legendary_PowerArmor2_StatCharisma [OMOD:00606261] | mod_Legendary_PowerArmor2_StatEndurance [OMOD:00606260] | mod_Legendary_PowerArmor2_StatIntelligence [OMOD:00606256] | mod_Legendary_PowerArmor2_StatLuck [OMOD:00606255] | mod_Legendary_PowerArmor2_StatPerception [OMOD:00606258] | mod_Legendary_PowerArmor2_StatStrength [OMOD:00606254]
00605FC3	LegendaryItems_PowerArmor_Rank1	0	First Star Slot	007904F0	modcol_Legendary_Crafting_PowerArmor1	Random Legendary Mod	modcol_Legendary_Crafting_PowerArmor1 [OMOD:007904F0] | mod_Legendary_PowerArmor1_Chameleon [OMOD:00606268] | mod_Legendary_PowerArmor1_CloakOnMelee [OMOD:00606269] | mod_Legendary_PowerArmor1_HealthRegen [OMOD:0060625D] | mod_Legendary_PowerArmor1_LessDMGAnimals [OMOD:00606274] | mod_Legendary_PowerArmor1_LessDMGBugs [OMOD:00606266] | mod_Legendary_PowerArmor1_LessDMGGhouls [OMOD:0060625E] | mod_Legendary_PowerArmor1_LessDMGPlayers [OMOD:00606259] | mod_Legendary_PowerArmor1_LessDMGRobots [OMOD:00606275] | mod_Legendary_PowerArmor1_LessDmgScorched [OMOD:0060626D] | mod_Legendary_PowerArmor1_LessDMGSuperMutants [OMOD:00606265] | mod_Legendary_PowerArmor1_LowHealthTriggersStimpak [OMOD:0060625F] | mod_Legendary_PowerArmor1_Overeater [OMOD:00606DE3] | mod_Legendary_PowerArmor1_ResistancesInverseHealth [OMOD:00606257] | mod_Legendary_PowerArmor1_ResistancesMutation [OMOD:00606253] | mod_Legendary_PowerArmor1_ResistancesNight [OMOD:0060625B] | mod_Legendary_PowerArmor1_ResistancesProportionalCaps [OMOD:0060893D] | mod_Legendary_PowerArmor1_ResistancesProportionalHealth [OMOD:00606276]
00605FC5	LegendaryItems_PowerArmor_Rank3	0	First Star Slot	007904F0	modcol_Legendary_Crafting_PowerArmor1	Random Legendary Mod	modcol_Legendary_Crafting_PowerArmor1 [OMOD:007904F0] | mod_Legendary_PowerArmor1_Chameleon [OMOD:00606268] | mod_Legendary_PowerArmor1_CloakOnMelee [OMOD:00606269] | mod_Legendary_PowerArmor1_HealthRegen [OMOD:0060625D] | mod_Legendary_PowerArmor1_LessDMGAnimals [OMOD:00606274] | mod_Legendary_PowerArmor1_LessDMGBugs [OMOD:00606266] | mod_Legendary_PowerArmor1_LessDMGGhouls [OMOD:0060625E] | mod_Legendary_PowerArmor1_LessDMGPlayers [OMOD:00606259] | mod_Legendary_PowerArmor1_LessDMGRobots [OMOD:00606275] | mod_Legendary_PowerArmor1_LessDmgScorched [OMOD:0060626D] | mod_Legendary_PowerArmor1_LessDMGSuperMutants [OMOD:00606265] | mod_Legendary_PowerArmor1_LowHealthTriggersStimpak [OMOD:0060625F] | mod_Legendary_PowerArmor1_Overeater [OMOD:00606DE3] | mod_Legendary_PowerArmor1_ResistancesInverseHealth [OMOD:00606257] | mod_Legendary_PowerArmor1_ResistancesMutation [OMOD:00606253] | mod_Legendary_PowerArmor1_ResistancesNight [OMOD:0060625B] | mod_Legendary_PowerArmor1_ResistancesProportionalCaps [OMOD:0060893D] | mod_Legendary_PowerArmor1_ResistancesProportionalHealth [OMOD:00606276]
00605FC5	LegendaryItems_PowerArmor_Rank3	1	First Star Slot	007904F1	modcol_Legendary_Crafting_PowerArmor2	Random Legendary Mod	modcol_Legendary_Crafting_PowerArmor2 [OMOD:007904F1] | mod_Legendary_PowerArmor2_APRegen [OMOD:0060626E] | mod_Legendary_PowerArmor2_CryoResistance [OMOD:00606B70] | mod_Legendary_PowerArmor2_DiseaseResistance [OMOD:0060626A] | mod_Legendary_PowerArmor2_Fireproof [OMOD:00606B3A] | mod_Legendary_PowerArmor2_Glutton [OMOD:006069A7] | mod_Legendary_PowerArmor2_PoisonResistance [OMOD:00606267] | mod_Legendary_PowerArmor2_RadResistance [OMOD:00606264] | mod_Legendary_PowerArmor2_ReduceExplosionDamage [OMOD:00609E50] | mod_Legendary_PowerArmor2_StatAgility [OMOD:00606263] | mod_Legendary_PowerArmor2_StatCharisma [OMOD:00606261] | mod_Legendary_PowerArmor2_StatEndurance [OMOD:00606260] | mod_Legendary_PowerArmor2_StatIntelligence [OMOD:00606256] | mod_Legendary_PowerArmor2_StatLuck [OMOD:00606255] | mod_Legendary_PowerArmor2_StatPerception [OMOD:00606258] | mod_Legendary_PowerArmor2_StatStrength [OMOD:00606254]
00605FC5	LegendaryItems_PowerArmor_Rank3	2	First Star Slot	007904F2	modcol_Legendary_Crafting_PowerArmor3	Random Legendary Mod	modcol_Legendary_Crafting_PowerArmor3 [OMOD:007904F2] | mod_Legendary_PowerArmor3_Burning [OMOD:00608376] | mod_Legendary_PowerArmor3_Durability [OMOD:0060625A] | mod_Legendary_PowerArmor3_Electrified [OMOD:00608374] | mod_Legendary_PowerArmor3_Frozen [OMOD:00608377] | mod_Legendary_PowerArmor3_IncreaseHealing [OMOD:00609C45] | mod_Legendary_PowerArmor3_Defenders [OMOD:00606252] | mod_Legendary_PowerArmor3_LessDamageSprinting [OMOD:0060625C] | mod_Legendary_PowerArmor3_LessDamageStandStill [OMOD:00606277] | mod_Legendary_PowerArmor3_LockPick [OMOD:00606273] | mod_Legendary_PowerArmor3_RadsRegen [OMOD:00606B6E] | mod_Legendary_PowerArmor3_Toxic [OMOD:00608375] | mod_Legendary_PowerArmor3_WeightAmmo [OMOD:00606270] | mod_Legendary_PowerArmor3_WeightFoodDrinkChems [OMOD:0060626F] | mod_Legendary_PowerArmor3_WeightJunk [OMOD:0060626C] | mod_Legendary_PowerArmor3_WeightWeapons [OMOD:0060626B]
0073DCCE	LegendaryItems_Weapons_Any_Rank3	0	First Star Slot	007904EA	modcol_Legendary_Crafting_Weapon1	Random Legendary Mod	modcol_Legendary_Crafting_Weapon1 [OMOD:007904EA] | mod_Legendary_Weapon1_AntiArmor [OMOD:005281B4] | mod_Legendary_Weapon1_Medic [OMOD:0075EAC6] | mod_Legendary_Weapon1_DamageAddiction [OMOD:004F6AAB] | mod_Legendary_Weapon1_DamageFirstBlood [OMOD:004F6AA5] | mod_Legendary_Weapon1_DamageInverseHealth [OMOD:004F6AA0] | mod_Legendary_Weapon1_DamageNight [OMOD:004F6AAE] | mod_Legendary_Weapon1_DamageUnarmored [OMOD:004F6AA7] | mod_Legendary_Weapon1_DamageViaCaps [OMOD:00606B71] | mod_Legendary_Weapon1_DamageViaHealth [OMOD:00606B73] | mod_Legendary_Weapon1_DebuffDamage [OMOD:005281B8] | mod_Legendary_Weapon1_DmgConsecutiveHits [OMOD:004F577D] | mod_Legendary_Weapon1_DmgVsAnimals [OMOD:004F577A] | mod_Legendary_Weapon1_DmgVsBugs [OMOD:001F81EB] | mod_Legendary_Weapon1_DmgVsGhouls [OMOD:004F5779] | mod_Legendary_Weapon1_DmgVsPlayers [OMOD:004F5770] | mod_Legendary_Weapon1_DmgVsRobots [OMOD:004F577C] | mod_Legendary_Weapon1_DmgVsScorched [OMOD:004ED02B] | mod_Legendary_Weapon1_DmgVsSupermutants [OMOD:004F577B] | mod_Legendary_Weapon1_DmgWithMutation [OMOD:005299F5] | mod_Legendary_Weapon1_Execute [OMOD:004F6AA1] | mod_Legendary_Weapon1_Gourmand [OMOD:006069F2] | mod_Legendary_Weapon1_Guns_AccuracyNotInCombat [OMOD:004F6D77] | mod_Legendary_Weapon1_Guns_AmmoCapacity4x [OMOD:004F6AB1] | mod_Legendary_Weapon1_Guns_TwoShot [OMOD:004F6D76] | mod_Legendary_Weapon1_Vampire [OMOD:00527F84]
0073DCCE	LegendaryItems_Weapons_Any_Rank3	1	First Star Slot	007904EB	modcol_Legendary_Crafting_Weapon2	Random Legendary Mod	modcol_Legendary_Crafting_Weapon2 [OMOD:007904EB] | mod_Legendary_Weapon2_APViaKill [OMOD:00606B72] | mod_Legendary_Weapon2_DmgCrits [OMOD:0052414B] | mod_Legendary_Weapon2_DmgLimbs [OMOD:004ED02C] | mod_Legendary_Weapon2_Guns_Bashing [OMOD:005299F9] | mod_Legendary_Weapon2_Guns_DmgSights [OMOD:0052414E] | mod_Legendary_Weapon2_Guns_ExplosiveBullets [OMOD:004F5771] | mod_Legendary_Weapon2_Guns_LastShot [OMOD:006069EC] | mod_Legendary_Weapon2_Guns_RoF [OMOD:0052414F] | mod_Legendary_Weapon2_Guns_VATSAccuracy [OMOD:00524153] | mod_Legendary_Weapon2_Melee_BlockReflects [OMOD:001A7C39] | mod_Legendary_Weapon2_Melee_DamagePowerAttack [OMOD:001A7BE2] | mod_Legendary_Weapon2_Melee_Steady [OMOD:00606C8D] | mod_Legendary_Weapon2_Melee_SwingSpeed [OMOD:001A7BDA]
0073DCCE	LegendaryItems_Weapons_Any_Rank3	2	First Star Slot	007904EC	modcol_Legendary_Crafting_Weapon3	Random Legendary Mod	modcol_Legendary_Crafting_Weapon3 [OMOD:007904EC] | mod_Legendary_Weapon3_CritSpeed [OMOD:0052414C] | mod_Legendary_Weapon3_Durability [OMOD:0037F7D9] | mod_Legendary_Weapon3_Guns_CloakOnHit [OMOD:00609E4F] | mod_Legendary_Weapon3_Guns_MoveSpeedSights [OMOD:004ED02E] | mod_Legendary_Weapon3_Guns_ReloadSpeed [OMOD:00524150] | mod_Legendary_Weapon3_Guns_ResistReload [OMOD:004F5777] | mod_Legendary_Weapon3_Guns_ResistSights [OMOD:004F5772] | mod_Legendary_Weapon3_StatPerception [OMOD:005299FA] | mod_Legendary_Weapon3_Melee_LessDamageBlock [OMOD:005253FB] | mod_Legendary_Weapon3_Melee_Defenders [OMOD:001A7BD3] | mod_Legendary_Weapon3_StatEndurance [OMOD:005299FD] | mod_Legendary_Weapon3_StatStrength [OMOD:005299FC] | mod_Legendary_Weapon3_StatAgility [OMOD:005299FB] | mod_Legendary_Weapon3_VATSCostAP [OMOD:00524154] | mod_Legendary_Weapon3_Weight [OMOD:00524152] | mod_Legendary_Weapon3_StatCharisma [OMOD:0079AD67] | mod_Legendary_Weapon3_StatIntelligence [OMOD:0079AD68] | mod_Legendary_Weapon3_StatLuck [OMOD:0079AD69]
00792973	LegendaryItems_Weapons_Melee_Rank4	0	First Star Slot	007904EA	modcol_Legendary_Crafting_Weapon1	Random Legendary Mod	modcol_Legendary_Crafting_Weapon1 [OMOD:007904EA] | mod_Legendary_Weapon1_AntiArmor [OMOD:005281B4] | mod_Legendary_Weapon1_Medic [OMOD:0075EAC6] | mod_Legendary_Weapon1_DamageAddiction [OMOD:004F6AAB] | mod_Legendary_Weapon1_DamageFirstBlood [OMOD:004F6AA5] | mod_Legendary_Weapon1_DamageInverseHealth [OMOD:004F6AA0] | mod_Legendary_Weapon1_DamageNight [OMOD:004F6AAE] | mod_Legendary_Weapon1_DamageUnarmored [OMOD:004F6AA7] | mod_Legendary_Weapon1_DamageViaCaps [OMOD:00606B71] | mod_Legendary_Weapon1_DamageViaHealth [OMOD:00606B73] | mod_Legendary_Weapon1_DebuffDamage [OMOD:005281B8] | mod_Legendary_Weapon1_DmgConsecutiveHits [OMOD:004F577D] | mod_Legendary_Weapon1_DmgVsAnimals [OMOD:004F577A] | mod_Legendary_Weapon1_DmgVsBugs [OMOD:001F81EB] | mod_Legendary_Weapon1_DmgVsGhouls [OMOD:004F5779] | mod_Legendary_Weapon1_DmgVsPlayers [OMOD:004F5770] | mod_Legendary_Weapon1_DmgVsRobots [OMOD:004F577C] | mod_Legendary_Weapon1_DmgVsScorched [OMOD:004ED02B] | mod_Legendary_Weapon1_DmgVsSupermutants [OMOD:004F577B] | mod_Legendary_Weapon1_DmgWithMutation [OMOD:005299F5] | mod_Legendary_Weapon1_Execute [OMOD:004F6AA1] | mod_Legendary_Weapon1_Gourmand [OMOD:006069F2] | mod_Legendary_Weapon1_Guns_AccuracyNotInCombat [OMOD:004F6D77] | mod_Legendary_Weapon1_Guns_AmmoCapacity4x [OMOD:004F6AB1] | mod_Legendary_Weapon1_Guns_TwoShot [OMOD:004F6D76] | mod_Legendary_Weapon1_Vampire [OMOD:00527F84]
00792973	LegendaryItems_Weapons_Melee_Rank4	1	First Star Slot	007904EB	modcol_Legendary_Crafting_Weapon2	Random Legendary Mod	modcol_Legendary_Crafting_Weapon2 [OMOD:007904EB] | mod_Legendary_Weapon2_APViaKill [OMOD:00606B72] | mod_Legendary_Weapon2_DmgCrits [OMOD:0052414B] | mod_Legendary_Weapon2_DmgLimbs [OMOD:004ED02C] | mod_Legendary_Weapon2_Guns_Bashing [OMOD:005299F9] | mod_Legendary_Weapon2_Guns_DmgSights [OMOD:0052414E] | mod_Legendary_Weapon2_Guns_ExplosiveBullets [OMOD:004F5771] | mod_Legendary_Weapon2_Guns_LastShot [OMOD:006069EC] | mod_Legendary_Weapon2_Guns_RoF [OMOD:0052414F] | mod_Legendary_Weapon2_Guns_VATSAccuracy [OMOD:00524153] | mod_Legendary_Weapon2_Melee_BlockReflects [OMOD:001A7C39] | mod_Legendary_Weapon2_Melee_DamagePowerAttack [OMOD:001A7BE2] | mod_Legendary_Weapon2_Melee_Steady [OMOD:00606C8D] | mod_Legendary_Weapon2_Melee_SwingSpeed [OMOD:001A7BDA]
00792973	LegendaryItems_Weapons_Melee_Rank4	2	First Star Slot	007904EC	modcol_Legendary_Crafting_Weapon3	Random Legendary Mod	modcol_Legendary_Crafting_Weapon3 [OMOD:007904EC] | mod_Legendary_Weapon3_CritSpeed [OMOD:0052414C] | mod_Legendary_Weapon3_Durability [OMOD:0037F7D9] | mod_Legendary_Weapon3_Guns_CloakOnHit [OMOD:00609E4F] | mod_Legendary_Weapon3_Guns_MoveSpeedSights [OMOD:004ED02E] | mod_Legendary_Weapon3_Guns_ReloadSpeed [OMOD:00524150] | mod_Legendary_Weapon3_Guns_ResistReload [OMOD:004F5777] | mod_Legendary_Weapon3_Guns_ResistSights [OMOD:004F5772] | mod_Legendary_Weapon3_StatPerception [OMOD:005299FA] | mod_Legendary_Weapon3_Melee_LessDamageBlock [OMOD:005253FB] | mod_Legendary_Weapon3_Melee_Defenders [OMOD:001A7BD3] | mod_Legendary_Weapon3_StatEndurance [OMOD:005299FD] | mod_Legendary_Weapon3_StatStrength [OMOD:005299FC] | mod_Legendary_Weapon3_StatAgility [OMOD:005299FB] | mod_Legendary_Weapon3_VATSCostAP [OMOD:00524154] | mod_Legendary_Weapon3_Weight [OMOD:00524152] | mod_Legendary_Weapon3_StatCharisma [OMOD:0079AD67] | mod_Legendary_Weapon3_StatIntelligence [OMOD:0079AD68] | mod_Legendary_Weapon3_StatLuck [OMOD:0079AD69]
00792973	LegendaryItems_Weapons_Melee_Rank4	3	First Star Slot	007A0D35	modcol_Legendary_Crafting_Weapon4	Random Legendary Mod	modcol_Legendary_Crafting_Weapon4 [OMOD:007A0D35] | mod_Legendary_Weapon4_Bully [OMOD:0079298C] | mod_Legendary_Weapon4_Conductors [OMOD:007ACB0B] | mod_Legendary_Weapon4_Encirclers [OMOD:007ACBF5] | mod_Legendary_Weapon4_Fracturers [OMOD:00792983] | mod_Legendary_Weapon4_Guns_Electricians [OMOD:0079297C] | mod_Legendary_Weapon4_Guns_PinPointers [OMOD:007ACA07] | mod_Legendary_Weapon4_Guns_Stabilizers [OMOD:007AC88D] | mod_Legendary_Weapon4_Melee_ComboBreaker [OMOD:00792982] | mod_Legendary_Weapon4_Melee_Fencers [OMOD:007ACBF4] | mod_Legendary_Weapon4_Icemens [OMOD:00792985] | mod_Legendary_Weapon4_Melee_Pounders [OMOD:007ACB3E] | mod_Legendary_Weapon4_Melee_Charged [OMOD:00885C6A] | mod_Legendary_Weapon4_Polished [OMOD:00792979] | mod_Legendary_Weapon4_Pyromaniac [OMOD:0079297F] | mod_Legendary_Weapon4_Vipers [OMOD:0079297A]
00792974	LegendaryItems_Armor_Rank4	0	First Star Slot	007904ED	modcol_Legendary_Crafting_Armor1	Random Legendary Mod	modcol_Legendary_Crafting_Armor1 [OMOD:007904ED] | mod_Legendary_Armor1_AutoRevive [OMOD:00529A0F] | mod_Legendary_Armor1_Chameleon [OMOD:00524146] | mod_Legendary_Armor1_CloakOnMelee [OMOD:00524147] | mod_Legendary_Armor1_HealthRegen [OMOD:00529A09] | mod_Legendary_Armor1_LessDMGAnimals [OMOD:004F6D7D] | mod_Legendary_Armor1_LessDMGBugs [OMOD:004F6D7C] | mod_Legendary_Armor1_LessDMGGhouls [OMOD:004F6D7E] | mod_Legendary_Armor1_LessDMGPlayers [OMOD:004F6D78] | mod_Legendary_Armor1_LessDMGRobots [OMOD:004F6D7F] | mod_Legendary_Armor1_LessDmgScorched [OMOD:004EE548] | mod_Legendary_Armor1_LessDMGSuperMutants [OMOD:004F6D80] | mod_Legendary_Armor1_LowHealthIncreasesStats [OMOD:0052414A] | mod_Legendary_Armor1_LowHealthTriggersStimpak [OMOD:00521915] | mod_Legendary_Armor1_Overeater [OMOD:00606C84] | mod_Legendary_Armor1_ResistancesInverseHealth [OMOD:00521914] | mod_Legendary_Armor1_ResistancesMutation [OMOD:00529A0C] | mod_Legendary_Armor1_ResistancesNight [OMOD:00524143] | mod_Legendary_Armor1_ResistancesProportionalCaps [OMOD:0060893C] | mod_Legendary_Armor1_ResistancesProportionalHealth [OMOD:00529A05] | mod_Legendary_Armor1_Heavyweight [OMOD:00529A14]
00792974	LegendaryItems_Armor_Rank4	1	First Star Slot	007904EE	modcol_Legendary_Crafting_Armor2	Random Legendary Mod	modcol_Legendary_Crafting_Armor2 [OMOD:007904EE] | mod_Legendary_Armor2_APRegen [OMOD:00527F75] | mod_Legendary_Armor2_CryoResistance [OMOD:00606B6F] | mod_Legendary_Armor2_DiseaseResistance [OMOD:00527F72] | mod_Legendary_Armor2_Fireproof [OMOD:00606B39] | mod_Legendary_Armor2_Glutton [OMOD:006069A6] | mod_Legendary_Armor2_PoisonResistance [OMOD:00527F6E] | mod_Legendary_Armor2_RadResistance [OMOD:00527F6F] | mod_Legendary_Armor2_ReduceExplosionDamage [OMOD:00609E4E] | mod_Legendary_Armor2_StatAgility [OMOD:004F6D85] | mod_Legendary_Armor2_StatCharisma [OMOD:004F6D83] | mod_Legendary_Armor2_StatEndurance [OMOD:004F6D82] | mod_Legendary_Armor2_StatIntelligence [OMOD:004F6D84] | mod_Legendary_Armor2_StatLuck [OMOD:004F6D86] | mod_Legendary_Armor2_StatPerception [OMOD:004F6D81] | mod_Legendary_Armor2_StatStrength [OMOD:004EE54E]
00792974	LegendaryItems_Armor_Rank4	2	First Star Slot	007904EF	modcol_Legendary_Crafting_Armor3	Random Legendary Mod	modcol_Legendary_Crafting_Armor3 [OMOD:007904EF] | mod_Legendary_Armor3_Burning [OMOD:00608371] | mod_Legendary_Armor3_Durability [OMOD:0052BDBA] | mod_Legendary_Armor3_Electrified [OMOD:00608373] | mod_Legendary_Armor3_Frozen [OMOD:00608372] | mod_Legendary_Armor3_IncreaseHealing [OMOD:00609C46] | mod_Legendary_Armor3_Defenders [OMOD:00527F76] | mod_Legendary_Armor3_LessDamageSprinting [OMOD:00527F77] | mod_Legendary_Armor3_LessDamageStandStill [OMOD:004EE54C] | mod_Legendary_Armor3_LessFallDamage [OMOD:00527F79] | mod_Legendary_Armor3_LockPick [OMOD:00527F7B] | mod_Legendary_Armor3_RadsRegen [OMOD:00606B6D] | mod_Legendary_Armor3_ReducedLimbDamage [OMOD:0052BDBC] | mod_Legendary_Armor3_Sneak [OMOD:0052BDB7] | mod_Legendary_Armor3_Toxic [OMOD:00608370] | mod_Legendary_Armor3_Waterbreathing [OMOD:00527F7A] | mod_Legendary_Armor3_WeightAmmo [OMOD:0052BDB4] | mod_Legendary_Armor3_WeightFoodDrinkChems [OMOD:0052BDB5] | mod_Legendary_Armor3_WeightJunk [OMOD:0052BDB6] | mod_Legendary_Armor3_WeightWeapons [OMOD:00527F78]
00792974	LegendaryItems_Armor_Rank4	3	First Star Slot	007A0D36	modcol_Legendary_Crafting_Armor4	Random Legendary Mod	modcol_Legendary_Crafting_Armor4 [OMOD:007A0D36] | mod_Legendary_Armor4_BattleLoaders [OMOD:00792A28] | mod_Legendary_Armor4_Bruiser [OMOD:00792A2A] | mod_Legendary_Armor4_LimitBreak [OMOD:00792A2D] | mod_Legendary_Armor4_Miasma [OMOD:00792A2E] | mod_Legendary_Armor4_Sawbones [OMOD:00792984] | mod_Legendary_Armor4_Ranger [OMOD:00792A34] | mod_Legendary_Armor4_Runner [OMOD:00792A36] | mod_Legendary_Armor4_Tanky [OMOD:00792A39]
00792975	LegendaryItems_Weapons_Ranged_Rank4	0	First Star Slot	007904EA	modcol_Legendary_Crafting_Weapon1	Random Legendary Mod	modcol_Legendary_Crafting_Weapon1 [OMOD:007904EA] | mod_Legendary_Weapon1_AntiArmor [OMOD:005281B4] | mod_Legendary_Weapon1_Medic [OMOD:0075EAC6] | mod_Legendary_Weapon1_DamageAddiction [OMOD:004F6AAB] | mod_Legendary_Weapon1_DamageFirstBlood [OMOD:004F6AA5] | mod_Legendary_Weapon1_DamageInverseHealth [OMOD:004F6AA0] | mod_Legendary_Weapon1_DamageNight [OMOD:004F6AAE] | mod_Legendary_Weapon1_DamageUnarmored [OMOD:004F6AA7] | mod_Legendary_Weapon1_DamageViaCaps [OMOD:00606B71] | mod_Legendary_Weapon1_DamageViaHealth [OMOD:00606B73] | mod_Legendary_Weapon1_DebuffDamage [OMOD:005281B8] | mod_Legendary_Weapon1_DmgConsecutiveHits [OMOD:004F577D] | mod_Legendary_Weapon1_DmgVsAnimals [OMOD:004F577A] | mod_Legendary_Weapon1_DmgVsBugs [OMOD:001F81EB] | mod_Legendary_Weapon1_DmgVsGhouls [OMOD:004F5779] | mod_Legendary_Weapon1_DmgVsPlayers [OMOD:004F5770] | mod_Legendary_Weapon1_DmgVsRobots [OMOD:004F577C] | mod_Legendary_Weapon1_DmgVsScorched [OMOD:004ED02B] | mod_Legendary_Weapon1_DmgVsSupermutants [OMOD:004F577B] | mod_Legendary_Weapon1_DmgWithMutation [OMOD:005299F5] | mod_Legendary_Weapon1_Execute [OMOD:004F6AA1] | mod_Legendary_Weapon1_Gourmand [OMOD:006069F2] | mod_Legendary_Weapon1_Guns_AccuracyNotInCombat [OMOD:004F6D77] | mod_Legendary_Weapon1_Guns_AmmoCapacity4x [OMOD:004F6AB1] | mod_Legendary_Weapon1_Guns_TwoShot [OMOD:004F6D76] | mod_Legendary_Weapon1_Vampire [OMOD:00527F84]
00792975	LegendaryItems_Weapons_Ranged_Rank4	1	First Star Slot	007904EB	modcol_Legendary_Crafting_Weapon2	Random Legendary Mod	modcol_Legendary_Crafting_Weapon2 [OMOD:007904EB] | mod_Legendary_Weapon2_APViaKill [OMOD:00606B72] | mod_Legendary_Weapon2_DmgCrits [OMOD:0052414B] | mod_Legendary_Weapon2_DmgLimbs [OMOD:004ED02C] | mod_Legendary_Weapon2_Guns_Bashing [OMOD:005299F9] | mod_Legendary_Weapon2_Guns_DmgSights [OMOD:0052414E] | mod_Legendary_Weapon2_Guns_ExplosiveBullets [OMOD:004F5771] | mod_Legendary_Weapon2_Guns_LastShot [OMOD:006069EC] | mod_Legendary_Weapon2_Guns_RoF [OMOD:0052414F] | mod_Legendary_Weapon2_Guns_VATSAccuracy [OMOD:00524153] | mod_Legendary_Weapon2_Melee_BlockReflects [OMOD:001A7C39] | mod_Legendary_Weapon2_Melee_DamagePowerAttack [OMOD:001A7BE2] | mod_Legendary_Weapon2_Melee_Steady [OMOD:00606C8D] | mod_Legendary_Weapon2_Melee_SwingSpeed [OMOD:001A7BDA]
00792975	LegendaryItems_Weapons_Ranged_Rank4	2	First Star Slot	007904EC	modcol_Legendary_Crafting_Weapon3	Random Legendary Mod	modcol_Legendary_Crafting_Weapon3 [OMOD:007904EC] | mod_Legendary_Weapon3_CritSpeed [OMOD:0052414C] | mod_Legendary_Weapon3_Durability [OMOD:0037F7D9] | mod_Legendary_Weapon3_Guns_CloakOnHit [OMOD:00609E4F] | mod_Legendary_Weapon3_Guns_MoveSpeedSights [OMOD:004ED02E] | mod_Legendary_Weapon3_Guns_ReloadSpeed [OMOD:00524150] | mod_Legendary_Weapon3_Guns_ResistReload [OMOD:004F5777] | mod_Legendary_Weapon3_Guns_ResistSights [OMOD:004F5772] | mod_Legendary_Weapon3_StatPerception [OMOD:005299FA] | mod_Legendary_Weapon3_Melee_LessDamageBlock [OMOD:005253FB] | mod_Legendary_Weapon3_Melee_Defenders [OMOD:001A7BD3] | mod_Legendary_Weapon3_StatEndurance [OMOD:005299FD] | mod_Legendary_Weapon3_StatStrength [OMOD:005299FC] | mod_Legendary_Weapon3_StatAgility [OMOD:005299FB] | mod_Legendary_Weapon3_VATSCostAP [OMOD:00524154] | mod_Legendary_Weapon3_Weight [OMOD:00524152] | mod_Legendary_Weapon3_StatCharisma [OMOD:0079AD67] | mod_Legendary_Weapon3_StatIntelligence [OMOD:0079AD68] | mod_Legendary_Weapon3_StatLuck [OMOD:0079AD69]
00792975	LegendaryItems_Weapons_Ranged_Rank4	3	First Star Slot	007A0D35	modcol_Legendary_Crafting_Weapon4	Random Legendary Mod	modcol_Legendary_Crafting_Weapon4 [OMOD:007A0D35] | mod_Legendary_Weapon4_Bully [OMOD:0079298C] | mod_Legendary_Weapon4_Conductors [OMOD:007ACB0B] | mod_Legendary_Weapon4_Encirclers [OMOD:007ACBF5] | mod_Legendary_Weapon4_Fracturers [OMOD:00792983] | mod_Legendary_Weapon4_Guns_Electricians [OMOD:0079297C] | mod_Legendary_Weapon4_Guns_PinPointers [OMOD:007ACA07] | mod_Legendary_Weapon4_Guns_Stabilizers [OMOD:007AC88D] | mod_Legendary_Weapon4_Melee_ComboBreaker [OMOD:00792982] | mod_Legendary_Weapon4_Melee_Fencers [OMOD:007ACBF4] | mod_Legendary_Weapon4_Icemens [OMOD:00792985] | mod_Legendary_Weapon4_Melee_Pounders [OMOD:007ACB3E] | mod_Legendary_Weapon4_Melee_Charged [OMOD:00885C6A] | mod_Legendary_Weapon4_Polished [OMOD:00792979] | mod_Legendary_Weapon4_Pyromaniac [OMOD:0079297F] | mod_Legendary_Weapon4_Vipers [OMOD:0079297A]
00792976	LegendaryItems_PowerArmor_Rank4	0	First Star Slot	007904F0	modcol_Legendary_Crafting_PowerArmor1	Random Legendary Mod	modcol_Legendary_Crafting_PowerArmor1 [OMOD:007904F0] | mod_Legendary_PowerArmor1_Chameleon [OMOD:00606268] | mod_Legendary_PowerArmor1_CloakOnMelee [OMOD:00606269] | mod_Legendary_PowerArmor1_HealthRegen [OMOD:0060625D] | mod_Legendary_PowerArmor1_LessDMGAnimals [OMOD:00606274] | mod_Legendary_PowerArmor1_LessDMGBugs [OMOD:00606266] | mod_Legendary_PowerArmor1_LessDMGGhouls [OMOD:0060625E] | mod_Legendary_PowerArmor1_LessDMGPlayers [OMOD:00606259] | mod_Legendary_PowerArmor1_LessDMGRobots [OMOD:00606275] | mod_Legendary_PowerArmor1_LessDmgScorched [OMOD:0060626D] | mod_Legendary_PowerArmor1_LessDMGSuperMutants [OMOD:00606265] | mod_Legendary_PowerArmor1_LowHealthTriggersStimpak [OMOD:0060625F] | mod_Legendary_PowerArmor1_Overeater [OMOD:00606DE3] | mod_Legendary_PowerArmor1_ResistancesInverseHealth [OMOD:00606257] | mod_Legendary_PowerArmor1_ResistancesMutation [OMOD:00606253] | mod_Legendary_PowerArmor1_ResistancesNight [OMOD:0060625B] | mod_Legendary_PowerArmor1_ResistancesProportionalCaps [OMOD:0060893D] | mod_Legendary_PowerArmor1_ResistancesProportionalHealth [OMOD:00606276]
00792976	LegendaryItems_PowerArmor_Rank4	1	First Star Slot	007904F1	modcol_Legendary_Crafting_PowerArmor2	Random Legendary Mod	modcol_Legendary_Crafting_PowerArmor2 [OMOD:007904F1] | mod_Legendary_PowerArmor2_APRegen [OMOD:0060626E] | mod_Legendary_PowerArmor2_CryoResistance [OMOD:00606B70] | mod_Legendary_PowerArmor2_DiseaseResistance [OMOD:0060626A] | mod_Legendary_PowerArmor2_Fireproof [OMOD:00606B3A] | mod_Legendary_PowerArmor2_Glutton [OMOD:006069A7] | mod_Legendary_PowerArmor2_PoisonResistance [OMOD:00606267] | mod_Legendary_PowerArmor2_RadResistance [OMOD:00606264] | mod_Legendary_PowerArmor2_ReduceExplosionDamage [OMOD:00609E50] | mod_Legendary_PowerArmor2_StatAgility [OMOD:00606263] | mod_Legendary_PowerArmor2_StatCharisma [OMOD:00606261] | mod_Legendary_PowerArmor2_StatEndurance [OMOD:00606260] | mod_Legendary_PowerArmor2_StatIntelligence [OMOD:00606256] | mod_Legendary_PowerArmor2_StatLuck [OMOD:00606255] | mod_Legendary_PowerArmor2_StatPerception [OMOD:00606258] | mod_Legendary_PowerArmor2_StatStrength [OMOD:00606254]
00792976	LegendaryItems_PowerArmor_Rank4	2	First Star Slot	007904F2	modcol_Legendary_Crafting_PowerArmor3	Random Legendary Mod	modcol_Legendary_Crafting_PowerArmor3 [OMOD:007904F2] | mod_Legendary_PowerArmor3_Burning [OMOD:00608376] | mod_Legendary_PowerArmor3_Durability [OMOD:0060625A] | mod_Legendary_PowerArmor3_Electrified [OMOD:00608374] | mod_Legendary_PowerArmor3_Frozen [OMOD:00608377] | mod_Legendary_PowerArmor3_IncreaseHealing [OMOD:00609C45] | mod_Legendary_PowerArmor3_Defenders [OMOD:00606252] | mod_Legendary_PowerArmor3_LessDamageSprinting [OMOD:0060625C] | mod_Legendary_PowerArmor3_LessDamageStandStill [OMOD:00606277] | mod_Legendary_PowerArmor3_LockPick [OMOD:00606273] | mod_Legendary_PowerArmor3_RadsRegen [OMOD:00606B6E] | mod_Legendary_PowerArmor3_Toxic [OMOD:00608375] | mod_Legendary_PowerArmor3_WeightAmmo [OMOD:00606270] | mod_Legendary_PowerArmor3_WeightFoodDrinkChems [OMOD:0060626F] | mod_Legendary_PowerArmor3_WeightJunk [OMOD:0060626C] | mod_Legendary_PowerArmor3_WeightWeapons [OMOD:0060626B]
00792976	LegendaryItems_PowerArmor_Rank4	3	First Star Slot	007A0D34	modcol_Legendary_Crafting_PowerArmor4	Random Legendary Mod	modcol_Legendary_Crafting_PowerArmor4 [OMOD:007A0D34] | mod_Legendary_PowerArmor4_Aegis [OMOD:007ACE4F] | mod_Legendary_PowerArmor4_BattleLoaders [OMOD:007A74C2] | mod_Legendary_PowerArmor4_Bruiser [OMOD:007A74CD] | mod_Legendary_PowerArmor4_ChooChoo [OMOD:00792A2B] | mod_Legendary_PowerArmor4_LimitBreak [OMOD:007A74C6] | mod_Legendary_PowerArmor4_Miasma [OMOD:007A74C4] | mod_Legendary_PowerArmor4_Sawbones [OMOD:007A74D0] | mod_Legendary_PowerArmor4_Propelling [OMOD:00792A29] | mod_Legendary_PowerArmor4_RadioactivePowered [OMOD:00792A33] | mod_Legendary_PowerArmor4_Ranger [OMOD:007A74CE] | mod_Legendary_PowerArmor4_Reflective [OMOD:00792A35] | mod_Legendary_PowerArmor4_Rejuvenators [OMOD:007ACD6E] | mod_Legendary_PowerArmor4_Runner [OMOD:007A74CB] | mod_Legendary_PowerArmor4_Scanners [OMOD:00792A3A] | mod_Legendary_PowerArmor4_Stalwarts [OMOD:007ACEB2] | mod_Legendary_PowerArmor4_Tanky [OMOD:007A74C7]
007964FE	RD01_LegendaryItems_PowerArmor_EnclaveVulcan_LegRight_Rank4	0	First Star Slot	007904F0	modcol_Legendary_Crafting_PowerArmor1	Random Legendary Mod	modcol_Legendary_Crafting_PowerArmor1 [OMOD:007904F0] | mod_Legendary_PowerArmor1_Chameleon [OMOD:00606268] | mod_Legendary_PowerArmor1_CloakOnMelee [OMOD:00606269] | mod_Legendary_PowerArmor1_HealthRegen [OMOD:0060625D] | mod_Legendary_PowerArmor1_LessDMGAnimals [OMOD:00606274] | mod_Legendary_PowerArmor1_LessDMGBugs [OMOD:00606266] | mod_Legendary_PowerArmor1_LessDMGGhouls [OMOD:0060625E] | mod_Legendary_PowerArmor1_LessDMGPlayers [OMOD:00606259] | mod_Legendary_PowerArmor1_LessDMGRobots [OMOD:00606275] | mod_Legendary_PowerArmor1_LessDmgScorched [OMOD:0060626D] | mod_Legendary_PowerArmor1_LessDMGSuperMutants [OMOD:00606265] | mod_Legendary_PowerArmor1_LowHealthTriggersStimpak [OMOD:0060625F] | mod_Legendary_PowerArmor1_Overeater [OMOD:00606DE3] | mod_Legendary_PowerArmor1_ResistancesInverseHealth [OMOD:00606257] | mod_Legendary_PowerArmor1_ResistancesMutation [OMOD:00606253] | mod_Legendary_PowerArmor1_ResistancesNight [OMOD:0060625B] | mod_Legendary_PowerArmor1_ResistancesProportionalCaps [OMOD:0060893D] | mod_Legendary_PowerArmor1_ResistancesProportionalHealth [OMOD:00606276]
007964FE	RD01_LegendaryItems_PowerArmor_EnclaveVulcan_LegRight_Rank4	1	First Star Slot	007904F1	modcol_Legendary_Crafting_PowerArmor2	Random Legendary Mod	modcol_Legendary_Crafting_PowerArmor2 [OMOD:007904F1] | mod_Legendary_PowerArmor2_APRegen [OMOD:0060626E] | mod_Legendary_PowerArmor2_CryoResistance [OMOD:00606B70] | mod_Legendary_PowerArmor2_DiseaseResistance [OMOD:0060626A] | mod_Legendary_PowerArmor2_Fireproof [OMOD:00606B3A] | mod_Legendary_PowerArmor2_Glutton [OMOD:006069A7] | mod_Legendary_PowerArmor2_PoisonResistance [OMOD:00606267] | mod_Legendary_PowerArmor2_RadResistance [OMOD:00606264] | mod_Legendary_PowerArmor2_ReduceExplosionDamage [OMOD:00609E50] | mod_Legendary_PowerArmor2_StatAgility [OMOD:00606263] | mod_Legendary_PowerArmor2_StatCharisma [OMOD:00606261] | mod_Legendary_PowerArmor2_StatEndurance [OMOD:00606260] | mod_Legendary_PowerArmor2_StatIntelligence [OMOD:00606256] | mod_Legendary_PowerArmor2_StatLuck [OMOD:00606255] | mod_Legendary_PowerArmor2_StatPerception [OMOD:00606258] | mod_Legendary_PowerArmor2_StatStrength [OMOD:00606254]
007964FE	RD01_LegendaryItems_PowerArmor_EnclaveVulcan_LegRight_Rank4	2	First Star Slot	007904F2	modcol_Legendary_Crafting_PowerArmor3	Random Legendary Mod	modcol_Legendary_Crafting_PowerArmor3 [OMOD:007904F2] | mod_Legendary_PowerArmor3_Burning [OMOD:00608376] | mod_Legendary_PowerArmor3_Durability [OMOD:0060625A] | mod_Legendary_PowerArmor3_Electrified [OMOD:00608374] | mod_Legendary_PowerArmor3_Frozen [OMOD:00608377] | mod_Legendary_PowerArmor3_IncreaseHealing [OMOD:00609C45] | mod_Legendary_PowerArmor3_Defenders [OMOD:00606252] | mod_Legendary_PowerArmor3_LessDamageSprinting [OMOD:0060625C] | mod_Legendary_PowerArmor3_LessDamageStandStill [OMOD:00606277] | mod_Legendary_PowerArmor3_LockPick [OMOD:00606273] | mod_Legendary_PowerArmor3_RadsRegen [OMOD:00606B6E] | mod_Legendary_PowerArmor3_Toxic [OMOD:00608375] | mod_Legendary_PowerArmor3_WeightAmmo [OMOD:00606270] | mod_Legendary_PowerArmor3_WeightFoodDrinkChems [OMOD:0060626F] | mod_Legendary_PowerArmor3_WeightJunk [OMOD:0060626C] | mod_Legendary_PowerArmor3_WeightWeapons [OMOD:0060626B]
007964FE	RD01_LegendaryItems_PowerArmor_EnclaveVulcan_LegRight_Rank4	3	First Star Slot	007A0D34	modcol_Legendary_Crafting_PowerArmor4	Random Legendary Mod	modcol_Legendary_Crafting_PowerArmor4 [OMOD:007A0D34] | mod_Legendary_PowerArmor4_Aegis [OMOD:007ACE4F] | mod_Legendary_PowerArmor4_BattleLoaders [OMOD:007A74C2] | mod_Legendary_PowerArmor4_Bruiser [OMOD:007A74CD] | mod_Legendary_PowerArmor4_ChooChoo [OMOD:00792A2B] | mod_Legendary_PowerArmor4_LimitBreak [OMOD:007A74C6] | mod_Legendary_PowerArmor4_Miasma [OMOD:007A74C4] | mod_Legendary_PowerArmor4_Sawbones [OMOD:007A74D0] | mod_Legendary_PowerArmor4_Propelling [OMOD:00792A29] | mod_Legendary_PowerArmor4_RadioactivePowered [OMOD:00792A33] | mod_Legendary_PowerArmor4_Ranger [OMOD:007A74CE] | mod_Legendary_PowerArmor4_Reflective [OMOD:00792A35] | mod_Legendary_PowerArmor4_Rejuvenators [OMOD:007ACD6E] | mod_Legendary_PowerArmor4_Runner [OMOD:007A74CB] | mod_Legendary_PowerArmor4_Scanners [OMOD:00792A3A] | mod_Legendary_PowerArmor4_Stalwarts [OMOD:007ACEB2] | mod_Legendary_PowerArmor4_Tanky [OMOD:007A74C7]
007964F6	RD01_LegendaryItems_PowerArmor_EnclaveVulcan_ArmRight_Rank4	0	First Star Slot	007904F0	modcol_Legendary_Crafting_PowerArmor1	Random Legendary Mod	modcol_Legendary_Crafting_PowerArmor1 [OMOD:007904F0] | mod_Legendary_PowerArmor1_Chameleon [OMOD:00606268] | mod_Legendary_PowerArmor1_CloakOnMelee [OMOD:00606269] | mod_Legendary_PowerArmor1_HealthRegen [OMOD:0060625D] | mod_Legendary_PowerArmor1_LessDMGAnimals [OMOD:00606274] | mod_Legendary_PowerArmor1_LessDMGBugs [OMOD:00606266] | mod_Legendary_PowerArmor1_LessDMGGhouls [OMOD:0060625E] | mod_Legendary_PowerArmor1_LessDMGPlayers [OMOD:00606259] | mod_Legendary_PowerArmor1_LessDMGRobots [OMOD:00606275] | mod_Legendary_PowerArmor1_LessDmgScorched [OMOD:0060626D] | mod_Legendary_PowerArmor1_LessDMGSuperMutants [OMOD:00606265] | mod_Legendary_PowerArmor1_LowHealthTriggersStimpak [OMOD:0060625F] | mod_Legendary_PowerArmor1_Overeater [OMOD:00606DE3] | mod_Legendary_PowerArmor1_ResistancesInverseHealth [OMOD:00606257] | mod_Legendary_PowerArmor1_ResistancesMutation [OMOD:00606253] | mod_Legendary_PowerArmor1_ResistancesNight [OMOD:0060625B] | mod_Legendary_PowerArmor1_ResistancesProportionalCaps [OMOD:0060893D] | mod_Legendary_PowerArmor1_ResistancesProportionalHealth [OMOD:00606276]
007964F6	RD01_LegendaryItems_PowerArmor_EnclaveVulcan_ArmRight_Rank4	1	First Star Slot	007904F1	modcol_Legendary_Crafting_PowerArmor2	Random Legendary Mod	modcol_Legendary_Crafting_PowerArmor2 [OMOD:007904F1] | mod_Legendary_PowerArmor2_APRegen [OMOD:0060626E] | mod_Legendary_PowerArmor2_CryoResistance [OMOD:00606B70] | mod_Legendary_PowerArmor2_DiseaseResistance [OMOD:0060626A] | mod_Legendary_PowerArmor2_Fireproof [OMOD:00606B3A] | mod_Legendary_PowerArmor2_Glutton [OMOD:006069A7] | mod_Legendary_PowerArmor2_PoisonResistance [OMOD:00606267] | mod_Legendary_PowerArmor2_RadResistance [OMOD:00606264] | mod_Legendary_PowerArmor2_ReduceExplosionDamage [OMOD:00609E50] | mod_Legendary_PowerArmor2_StatAgility [OMOD:00606263] | mod_Legendary_PowerArmor2_StatCharisma [OMOD:00606261] | mod_Legendary_PowerArmor2_StatEndurance [OMOD:00606260] | mod_Legendary_PowerArmor2_StatIntelligence [OMOD:00606256] | mod_Legendary_PowerArmor2_StatLuck [OMOD:00606255] | mod_Legendary_PowerArmor2_StatPerception [OMOD:00606258] | mod_Legendary_PowerArmor2_StatStrength [OMOD:00606254]
007964F6	RD01_LegendaryItems_PowerArmor_EnclaveVulcan_ArmRight_Rank4	2	First Star Slot	007904F2	modcol_Legendary_Crafting_PowerArmor3	Random Legendary Mod	modcol_Legendary_Crafting_PowerArmor3 [OMOD:007904F2] | mod_Legendary_PowerArmor3_Burning [OMOD:00608376] | mod_Legendary_PowerArmor3_Durability [OMOD:0060625A] | mod_Legendary_PowerArmor3_Electrified [OMOD:00608374] | mod_Legendary_PowerArmor3_Frozen [OMOD:00608377] | mod_Legendary_PowerArmor3_IncreaseHealing [OMOD:00609C45] | mod_Legendary_PowerArmor3_Defenders [OMOD:00606252] | mod_Legendary_PowerArmor3_LessDamageSprinting [OMOD:0060625C] | mod_Legendary_PowerArmor3_LessDamageStandStill [OMOD:00606277] | mod_Legendary_PowerArmor3_LockPick [OMOD:00606273] | mod_Legendary_PowerArmor3_RadsRegen [OMOD:00606B6E] | mod_Legendary_PowerArmor3_Toxic [OMOD:00608375] | mod_Legendary_PowerArmor3_WeightAmmo [OMOD:00606270] | mod_Legendary_PowerArmor3_WeightFoodDrinkChems [OMOD:0060626F] | mod_Legendary_PowerArmor3_WeightJunk [OMOD:0060626C] | mod_Legendary_PowerArmor3_WeightWeapons [OMOD:0060626B]
007964F6	RD01_LegendaryItems_PowerArmor_EnclaveVulcan_ArmRight_Rank4	3	First Star Slot	007A0D34	modcol_Legendary_Crafting_PowerArmor4	Random Legendary Mod	modcol_Legendary_Crafting_PowerArmor4 [OMOD:007A0D34] | mod_Legendary_PowerArmor4_Aegis [OMOD:007ACE4F] | mod_Legendary_PowerArmor4_BattleLoaders [OMOD:007A74C2] | mod_Legendary_PowerArmor4_Bruiser [OMOD:007A74CD] | mod_Legendary_PowerArmor4_ChooChoo [OMOD:00792A2B] | mod_Legendary_PowerArmor4_LimitBreak [OMOD:007A74C6] | mod_Legendary_PowerArmor4_Miasma [OMOD:007A74C4] | mod_Legendary_PowerArmor4_Sawbones [OMOD:007A74D0] | mod_Legendary_PowerArmor4_Propelling [OMOD:00792A29] | mod_Legendary_PowerArmor4_RadioactivePowered [OMOD:00792A33] | mod_Legendary_PowerArmor4_Ranger [OMOD:007A74CE] | mod_Legendary_PowerArmor4_Reflective [OMOD:00792A35] | mod_Legendary_PowerArmor4_Rejuvenators [OMOD:007ACD6E] | mod_Legendary_PowerArmor4_Runner [OMOD:007A74CB] | mod_Legendary_PowerArmor4_Scanners [OMOD:00792A3A] | mod_Legendary_PowerArmor4_Stalwarts [OMOD:007ACEB2] | mod_Legendary_PowerArmor4_Tanky [OMOD:007A74C7]
007964F2	RD01_LegendaryItems_PowerArmor_EnclaveVulcan_ArmLeft_Rank4	0	First Star Slot	007904F0	modcol_Legendary_Crafting_PowerArmor1	Random Legendary Mod	modcol_Legendary_Crafting_PowerArmor1 [OMOD:007904F0] | mod_Legendary_PowerArmor1_Chameleon [OMOD:00606268] | mod_Legendary_PowerArmor1_CloakOnMelee [OMOD:00606269] | mod_Legendary_PowerArmor1_HealthRegen [OMOD:0060625D] | mod_Legendary_PowerArmor1_LessDMGAnimals [OMOD:00606274] | mod_Legendary_PowerArmor1_LessDMGBugs [OMOD:00606266] | mod_Legendary_PowerArmor1_LessDMGGhouls [OMOD:0060625E] | mod_Legendary_PowerArmor1_LessDMGPlayers [OMOD:00606259] | mod_Legendary_PowerArmor1_LessDMGRobots [OMOD:00606275] | mod_Legendary_PowerArmor1_LessDmgScorched [OMOD:0060626D] | mod_Legendary_PowerArmor1_LessDMGSuperMutants [OMOD:00606265] | mod_Legendary_PowerArmor1_LowHealthTriggersStimpak [OMOD:0060625F] | mod_Legendary_PowerArmor1_Overeater [OMOD:00606DE3] | mod_Legendary_PowerArmor1_ResistancesInverseHealth [OMOD:00606257] | mod_Legendary_PowerArmor1_ResistancesMutation [OMOD:00606253] | mod_Legendary_PowerArmor1_ResistancesNight [OMOD:0060625B] | mod_Legendary_PowerArmor1_ResistancesProportionalCaps [OMOD:0060893D] | mod_Legendary_PowerArmor1_ResistancesProportionalHealth [OMOD:00606276]
007964F2	RD01_LegendaryItems_PowerArmor_EnclaveVulcan_ArmLeft_Rank4	1	First Star Slot	007904F1	modcol_Legendary_Crafting_PowerArmor2	Random Legendary Mod	modcol_Legendary_Crafting_PowerArmor2 [OMOD:007904F1] | mod_Legendary_PowerArmor2_APRegen [OMOD:0060626E] | mod_Legendary_PowerArmor2_CryoResistance [OMOD:00606B70] | mod_Legendary_PowerArmor2_DiseaseResistance [OMOD:0060626A] | mod_Legendary_PowerArmor2_Fireproof [OMOD:00606B3A] | mod_Legendary_PowerArmor2_Glutton [OMOD:006069A7] | mod_Legendary_PowerArmor2_PoisonResistance [OMOD:00606267] | mod_Legendary_PowerArmor2_RadResistance [OMOD:00606264] | mod_Legendary_PowerArmor2_ReduceExplosionDamage [OMOD:00609E50] | mod_Legendary_PowerArmor2_StatAgility [OMOD:00606263] | mod_Legendary_PowerArmor2_StatCharisma [OMOD:00606261] | mod_Legendary_PowerArmor2_StatEndurance [OMOD:00606260] | mod_Legendary_PowerArmor2_StatIntelligence [OMOD:00606256] | mod_Legendary_PowerArmor2_StatLuck [OMOD:00606255] | mod_Legendary_PowerArmor2_StatPerception [OMOD:00606258] | mod_Legendary_PowerArmor2_StatStrength [OMOD:00606254]
007964F2	RD01_LegendaryItems_PowerArmor_EnclaveVulcan_ArmLeft_Rank4	2	First Star Slot	007904F2	modcol_Legendary_Crafting_PowerArmor3	Random Legendary Mod	modcol_Legendary_Crafting_PowerArmor3 [OMOD:007904F2] | mod_Legendary_PowerArmor3_Burning [OMOD:00608376] | mod_Legendary_PowerArmor3_Durability [OMOD:0060625A] | mod_Legendary_PowerArmor3_Electrified [OMOD:00608374] | mod_Legendary_PowerArmor3_Frozen [OMOD:00608377] | mod_Legendary_PowerArmor3_IncreaseHealing [OMOD:00609C45] | mod_Legendary_PowerArmor3_Defenders [OMOD:00606252] | mod_Legendary_PowerArmor3_LessDamageSprinting [OMOD:0060625C] | mod_Legendary_PowerArmor3_LessDamageStandStill [OMOD:00606277] | mod_Legendary_PowerArmor3_LockPick [OMOD:00606273] | mod_Legendary_PowerArmor3_RadsRegen [OMOD:00606B6E] | mod_Legendary_PowerArmor3_Toxic [OMOD:00608375] | mod_Legendary_PowerArmor3_WeightAmmo [OMOD:00606270] | mod_Legendary_PowerArmor3_WeightFoodDrinkChems [OMOD:0060626F] | mod_Legendary_PowerArmor3_WeightJunk [OMOD:0060626C] | mod_Legendary_PowerArmor3_WeightWeapons [OMOD:0060626B]
007964F2	RD01_LegendaryItems_PowerArmor_EnclaveVulcan_ArmLeft_Rank4	3	First Star Slot	007A0D34	modcol_Legendary_Crafting_PowerArmor4	Random Legendary Mod	modcol_Legendary_Crafting_PowerArmor4 [OMOD:007A0D34] | mod_Legendary_PowerArmor4_Aegis [OMOD:007ACE4F] | mod_Legendary_PowerArmor4_BattleLoaders [OMOD:007A74C2] | mod_Legendary_PowerArmor4_Bruiser [OMOD:007A74CD] | mod_Legendary_PowerArmor4_ChooChoo [OMOD:00792A2B] | mod_Legendary_PowerArmor4_LimitBreak [OMOD:007A74C6] | mod_Legendary_PowerArmor4_Miasma [OMOD:007A74C4] | mod_Legendary_PowerArmor4_Sawbones [OMOD:007A74D0] | mod_Legendary_PowerArmor4_Propelling [OMOD:00792A29] | mod_Legendary_PowerArmor4_RadioactivePowered [OMOD:00792A33] | mod_Legendary_PowerArmor4_Ranger [OMOD:007A74CE] | mod_Legendary_PowerArmor4_Reflective [OMOD:00792A35] | mod_Legendary_PowerArmor4_Rejuvenators [OMOD:007ACD6E] | mod_Legendary_PowerArmor4_Runner [OMOD:007A74CB] | mod_Legendary_PowerArmor4_Scanners [OMOD:00792A3A] | mod_Legendary_PowerArmor4_Stalwarts [OMOD:007ACEB2] | mod_Legendary_PowerArmor4_Tanky [OMOD:007A74C7]
007964F0	RD01_LegendaryItems_PowerArmor_EnclaveVulcan_ArmLeft_Rank2	0	First Star Slot	007904F0	modcol_Legendary_Crafting_PowerArmor1	Random Legendary Mod	modcol_Legendary_Crafting_PowerArmor1 [OMOD:007904F0] | mod_Legendary_PowerArmor1_Chameleon [OMOD:00606268] | mod_Legendary_PowerArmor1_CloakOnMelee [OMOD:00606269] | mod_Legendary_PowerArmor1_HealthRegen [OMOD:0060625D] | mod_Legendary_PowerArmor1_LessDMGAnimals [OMOD:00606274] | mod_Legendary_PowerArmor1_LessDMGBugs [OMOD:00606266] | mod_Legendary_PowerArmor1_LessDMGGhouls [OMOD:0060625E] | mod_Legendary_PowerArmor1_LessDMGPlayers [OMOD:00606259] | mod_Legendary_PowerArmor1_LessDMGRobots [OMOD:00606275] | mod_Legendary_PowerArmor1_LessDmgScorched [OMOD:0060626D] | mod_Legendary_PowerArmor1_LessDMGSuperMutants [OMOD:00606265] | mod_Legendary_PowerArmor1_LowHealthTriggersStimpak [OMOD:0060625F] | mod_Legendary_PowerArmor1_Overeater [OMOD:00606DE3] | mod_Legendary_PowerArmor1_ResistancesInverseHealth [OMOD:00606257] | mod_Legendary_PowerArmor1_ResistancesMutation [OMOD:00606253] | mod_Legendary_PowerArmor1_ResistancesNight [OMOD:0060625B] | mod_Legendary_PowerArmor1_ResistancesProportionalCaps [OMOD:0060893D] | mod_Legendary_PowerArmor1_ResistancesProportionalHealth [OMOD:00606276]
007964F0	RD01_LegendaryItems_PowerArmor_EnclaveVulcan_ArmLeft_Rank2	1	First Star Slot	007904F1	modcol_Legendary_Crafting_PowerArmor2	Random Legendary Mod	modcol_Legendary_Crafting_PowerArmor2 [OMOD:007904F1] | mod_Legendary_PowerArmor2_APRegen [OMOD:0060626E] | mod_Legendary_PowerArmor2_CryoResistance [OMOD:00606B70] | mod_Legendary_PowerArmor2_DiseaseResistance [OMOD:0060626A] | mod_Legendary_PowerArmor2_Fireproof [OMOD:00606B3A] | mod_Legendary_PowerArmor2_Glutton [OMOD:006069A7] | mod_Legendary_PowerArmor2_PoisonResistance [OMOD:00606267] | mod_Legendary_PowerArmor2_RadResistance [OMOD:00606264] | mod_Legendary_PowerArmor2_ReduceExplosionDamage [OMOD:00609E50] | mod_Legendary_PowerArmor2_StatAgility [OMOD:00606263] | mod_Legendary_PowerArmor2_StatCharisma [OMOD:00606261] | mod_Legendary_PowerArmor2_StatEndurance [OMOD:00606260] | mod_Legendary_PowerArmor2_StatIntelligence [OMOD:00606256] | mod_Legendary_PowerArmor2_StatLuck [OMOD:00606255] | mod_Legendary_PowerArmor2_StatPerception [OMOD:00606258] | mod_Legendary_PowerArmor2_StatStrength [OMOD:00606254]
007964EF	RD01_LegendaryItems_PowerArmor_EnclaveVulcan_ArmLeft_Rank1	0	First Star Slot	007904F0	modcol_Legendary_Crafting_PowerArmor1	Random Legendary Mod	modcol_Legendary_Crafting_PowerArmor1 [OMOD:007904F0] | mod_Legendary_PowerArmor1_Chameleon [OMOD:00606268] | mod_Legendary_PowerArmor1_CloakOnMelee [OMOD:00606269] | mod_Legendary_PowerArmor1_HealthRegen [OMOD:0060625D] | mod_Legendary_PowerArmor1_LessDMGAnimals [OMOD:00606274] | mod_Legendary_PowerArmor1_LessDMGBugs [OMOD:00606266] | mod_Legendary_PowerArmor1_LessDMGGhouls [OMOD:0060625E] | mod_Legendary_PowerArmor1_LessDMGPlayers [OMOD:00606259] | mod_Legendary_PowerArmor1_LessDMGRobots [OMOD:00606275] | mod_Legendary_PowerArmor1_LessDmgScorched [OMOD:0060626D] | mod_Legendary_PowerArmor1_LessDMGSuperMutants [OMOD:00606265] | mod_Legendary_PowerArmor1_LowHealthTriggersStimpak [OMOD:0060625F] | mod_Legendary_PowerArmor1_Overeater [OMOD:00606DE3] | mod_Legendary_PowerArmor1_ResistancesInverseHealth [OMOD:00606257] | mod_Legendary_PowerArmor1_ResistancesMutation [OMOD:00606253] | mod_Legendary_PowerArmor1_ResistancesNight [OMOD:0060625B] | mod_Legendary_PowerArmor1_ResistancesProportionalCaps [OMOD:0060893D] | mod_Legendary_PowerArmor1_ResistancesProportionalHealth [OMOD:00606276]
007964FF	RD01_LegendaryItems_PowerArmor_EnclaveVulcan_Torso_Rank1	0	First Star Slot	007904F0	modcol_Legendary_Crafting_PowerArmor1	Random Legendary Mod	modcol_Legendary_Crafting_PowerArmor1 [OMOD:007904F0] | mod_Legendary_PowerArmor1_Chameleon [OMOD:00606268] | mod_Legendary_PowerArmor1_CloakOnMelee [OMOD:00606269] | mod_Legendary_PowerArmor1_HealthRegen [OMOD:0060625D] | mod_Legendary_PowerArmor1_LessDMGAnimals [OMOD:00606274] | mod_Legendary_PowerArmor1_LessDMGBugs [OMOD:00606266] | mod_Legendary_PowerArmor1_LessDMGGhouls [OMOD:0060625E] | mod_Legendary_PowerArmor1_LessDMGPlayers [OMOD:00606259] | mod_Legendary_PowerArmor1_LessDMGRobots [OMOD:00606275] | mod_Legendary_PowerArmor1_LessDmgScorched [OMOD:0060626D] | mod_Legendary_PowerArmor1_LessDMGSuperMutants [OMOD:00606265] | mod_Legendary_PowerArmor1_LowHealthTriggersStimpak [OMOD:0060625F] | mod_Legendary_PowerArmor1_Overeater [OMOD:00606DE3] | mod_Legendary_PowerArmor1_ResistancesInverseHealth [OMOD:00606257] | mod_Legendary_PowerArmor1_ResistancesMutation [OMOD:00606253] | mod_Legendary_PowerArmor1_ResistancesNight [OMOD:0060625B] | mod_Legendary_PowerArmor1_ResistancesProportionalCaps [OMOD:0060893D] | mod_Legendary_PowerArmor1_ResistancesProportionalHealth [OMOD:00606276]
00796500	RD01_LegendaryItems_PowerArmor_EnclaveVulcan_Torso_Rank2	0	First Star Slot	007904F0	modcol_Legendary_Crafting_PowerArmor1	Random Legendary Mod	modcol_Legendary_Crafting_PowerArmor1 [OMOD:007904F0] | mod_Legendary_PowerArmor1_Chameleon [OMOD:00606268] | mod_Legendary_PowerArmor1_CloakOnMelee [OMOD:00606269] | mod_Legendary_PowerArmor1_HealthRegen [OMOD:0060625D] | mod_Legendary_PowerArmor1_LessDMGAnimals [OMOD:00606274] | mod_Legendary_PowerArmor1_LessDMGBugs [OMOD:00606266] | mod_Legendary_PowerArmor1_LessDMGGhouls [OMOD:0060625E] | mod_Legendary_PowerArmor1_LessDMGPlayers [OMOD:00606259] | mod_Legendary_PowerArmor1_LessDMGRobots [OMOD:00606275] | mod_Legendary_PowerArmor1_LessDmgScorched [OMOD:0060626D] | mod_Legendary_PowerArmor1_LessDMGSuperMutants [OMOD:00606265] | mod_Legendary_PowerArmor1_LowHealthTriggersStimpak [OMOD:0060625F] | mod_Legendary_PowerArmor1_Overeater [OMOD:00606DE3] | mod_Legendary_PowerArmor1_ResistancesInverseHealth [OMOD:00606257] | mod_Legendary_PowerArmor1_ResistancesMutation [OMOD:00606253] | mod_Legendary_PowerArmor1_ResistancesNight [OMOD:0060625B] | mod_Legendary_PowerArmor1_ResistancesProportionalCaps [OMOD:0060893D] | mod_Legendary_PowerArmor1_ResistancesProportionalHealth [OMOD:00606276]
00796500	RD01_LegendaryItems_PowerArmor_EnclaveVulcan_Torso_Rank2	1	First Star Slot	007904F1	modcol_Legendary_Crafting_PowerArmor2	Random Legendary Mod	modcol_Legendary_Crafting_PowerArmor2 [OMOD:007904F1] | mod_Legendary_PowerArmor2_APRegen [OMOD:0060626E] | mod_Legendary_PowerArmor2_CryoResistance [OMOD:00606B70] | mod_Legendary_PowerArmor2_DiseaseResistance [OMOD:0060626A] | mod_Legendary_PowerArmor2_Fireproof [OMOD:00606B3A] | mod_Legendary_PowerArmor2_Glutton [OMOD:006069A7] | mod_Legendary_PowerArmor2_PoisonResistance [OMOD:00606267] | mod_Legendary_PowerArmor2_RadResistance [OMOD:00606264] | mod_Legendary_PowerArmor2_ReduceExplosionDamage [OMOD:00609E50] | mod_Legendary_PowerArmor2_StatAgility [OMOD:00606263] | mod_Legendary_PowerArmor2_StatCharisma [OMOD:00606261] | mod_Legendary_PowerArmor2_StatEndurance [OMOD:00606260] | mod_Legendary_PowerArmor2_StatIntelligence [OMOD:00606256] | mod_Legendary_PowerArmor2_StatLuck [OMOD:00606255] | mod_Legendary_PowerArmor2_StatPerception [OMOD:00606258] | mod_Legendary_PowerArmor2_StatStrength [OMOD:00606254]
007964F7	RD01_LegendaryItems_PowerArmor_EnclaveVulcan_LegLeft_Rank1	0	First Star Slot	007904F0	modcol_Legendary_Crafting_PowerArmor1	Random Legendary Mod	modcol_Legendary_Crafting_PowerArmor1 [OMOD:007904F0] | mod_Legendary_PowerArmor1_Chameleon [OMOD:00606268] | mod_Legendary_PowerArmor1_CloakOnMelee [OMOD:00606269] | mod_Legendary_PowerArmor1_HealthRegen [OMOD:0060625D] | mod_Legendary_PowerArmor1_LessDMGAnimals [OMOD:00606274] | mod_Legendary_PowerArmor1_LessDMGBugs [OMOD:00606266] | mod_Legendary_PowerArmor1_LessDMGGhouls [OMOD:0060625E] | mod_Legendary_PowerArmor1_LessDMGPlayers [OMOD:00606259] | mod_Legendary_PowerArmor1_LessDMGRobots [OMOD:00606275] | mod_Legendary_PowerArmor1_LessDmgScorched [OMOD:0060626D] | mod_Legendary_PowerArmor1_LessDMGSuperMutants [OMOD:00606265] | mod_Legendary_PowerArmor1_LowHealthTriggersStimpak [OMOD:0060625F] | mod_Legendary_PowerArmor1_Overeater [OMOD:00606DE3] | mod_Legendary_PowerArmor1_ResistancesInverseHealth [OMOD:00606257] | mod_Legendary_PowerArmor1_ResistancesMutation [OMOD:00606253] | mod_Legendary_PowerArmor1_ResistancesNight [OMOD:0060625B] | mod_Legendary_PowerArmor1_ResistancesProportionalCaps [OMOD:0060893D] | mod_Legendary_PowerArmor1_ResistancesProportionalHealth [OMOD:00606276]
00796501	RD01_LegendaryItems_PowerArmor_EnclaveVulcan_Torso_Rank3	0	First Star Slot	007904F0	modcol_Legendary_Crafting_PowerArmor1	Random Legendary Mod	modcol_Legendary_Crafting_PowerArmor1 [OMOD:007904F0] | mod_Legendary_PowerArmor1_Chameleon [OMOD:00606268] | mod_Legendary_PowerArmor1_CloakOnMelee [OMOD:00606269] | mod_Legendary_PowerArmor1_HealthRegen [OMOD:0060625D] | mod_Legendary_PowerArmor1_LessDMGAnimals [OMOD:00606274] | mod_Legendary_PowerArmor1_LessDMGBugs [OMOD:00606266] | mod_Legendary_PowerArmor1_LessDMGGhouls [OMOD:0060625E] | mod_Legendary_PowerArmor1_LessDMGPlayers [OMOD:00606259] | mod_Legendary_PowerArmor1_LessDMGRobots [OMOD:00606275] | mod_Legendary_PowerArmor1_LessDmgScorched [OMOD:0060626D] | mod_Legendary_PowerArmor1_LessDMGSuperMutants [OMOD:00606265] | mod_Legendary_PowerArmor1_LowHealthTriggersStimpak [OMOD:0060625F] | mod_Legendary_PowerArmor1_Overeater [OMOD:00606DE3] | mod_Legendary_PowerArmor1_ResistancesInverseHealth [OMOD:00606257] | mod_Legendary_PowerArmor1_ResistancesMutation [OMOD:00606253] | mod_Legendary_PowerArmor1_ResistancesNight [OMOD:0060625B] | mod_Legendary_PowerArmor1_ResistancesProportionalCaps [OMOD:0060893D] | mod_Legendary_PowerArmor1_ResistancesProportionalHealth [OMOD:00606276]
00796501	RD01_LegendaryItems_PowerArmor_EnclaveVulcan_Torso_Rank3	1	First Star Slot	007904F1	modcol_Legendary_Crafting_PowerArmor2	Random Legendary Mod	modcol_Legendary_Crafting_PowerArmor2 [OMOD:007904F1] | mod_Legendary_PowerArmor2_APRegen [OMOD:0060626E] | mod_Legendary_PowerArmor2_CryoResistance [OMOD:00606B70] | mod_Legendary_PowerArmor2_DiseaseResistance [OMOD:0060626A] | mod_Legendary_PowerArmor2_Fireproof [OMOD:00606B3A] | mod_Legendary_PowerArmor2_Glutton [OMOD:006069A7] | mod_Legendary_PowerArmor2_PoisonResistance [OMOD:00606267] | mod_Legendary_PowerArmor2_RadResistance [OMOD:00606264] | mod_Legendary_PowerArmor2_ReduceExplosionDamage [OMOD:00609E50] | mod_Legendary_PowerArmor2_StatAgility [OMOD:00606263] | mod_Legendary_PowerArmor2_StatCharisma [OMOD:00606261] | mod_Legendary_PowerArmor2_StatEndurance [OMOD:00606260] | mod_Legendary_PowerArmor2_StatIntelligence [OMOD:00606256] | mod_Legendary_PowerArmor2_StatLuck [OMOD:00606255] | mod_Legendary_PowerArmor2_StatPerception [OMOD:00606258] | mod_Legendary_PowerArmor2_StatStrength [OMOD:00606254]
00796501	RD01_LegendaryItems_PowerArmor_EnclaveVulcan_Torso_Rank3	2	First Star Slot	007904F2	modcol_Legendary_Crafting_PowerArmor3	Random Legendary Mod	modcol_Legendary_Crafting_PowerArmor3 [OMOD:007904F2] | mod_Legendary_PowerArmor3_Burning [OMOD:00608376] | mod_Legendary_PowerArmor3_Durability [OMOD:0060625A] | mod_Legendary_PowerArmor3_Electrified [OMOD:00608374] | mod_Legendary_PowerArmor3_Frozen [OMOD:00608377] | mod_Legendary_PowerArmor3_IncreaseHealing [OMOD:00609C45] | mod_Legendary_PowerArmor3_Defenders [OMOD:00606252] | mod_Legendary_PowerArmor3_LessDamageSprinting [OMOD:0060625C] | mod_Legendary_PowerArmor3_LessDamageStandStill [OMOD:00606277] | mod_Legendary_PowerArmor3_LockPick [OMOD:00606273] | mod_Legendary_PowerArmor3_RadsRegen [OMOD:00606B6E] | mod_Legendary_PowerArmor3_Toxic [OMOD:00608375] | mod_Legendary_PowerArmor3_WeightAmmo [OMOD:00606270] | mod_Legendary_PowerArmor3_WeightFoodDrinkChems [OMOD:0060626F] | mod_Legendary_PowerArmor3_WeightJunk [OMOD:0060626C] | mod_Legendary_PowerArmor3_WeightWeapons [OMOD:0060626B]
00796502	RD01_LegendaryItems_PowerArmor_EnclaveVulcan_Torso_Rank4	0	First Star Slot	007904F0	modcol_Legendary_Crafting_PowerArmor1	Random Legendary Mod	modcol_Legendary_Crafting_PowerArmor1 [OMOD:007904F0] | mod_Legendary_PowerArmor1_Chameleon [OMOD:00606268] | mod_Legendary_PowerArmor1_CloakOnMelee [OMOD:00606269] | mod_Legendary_PowerArmor1_HealthRegen [OMOD:0060625D] | mod_Legendary_PowerArmor1_LessDMGAnimals [OMOD:00606274] | mod_Legendary_PowerArmor1_LessDMGBugs [OMOD:00606266] | mod_Legendary_PowerArmor1_LessDMGGhouls [OMOD:0060625E] | mod_Legendary_PowerArmor1_LessDMGPlayers [OMOD:00606259] | mod_Legendary_PowerArmor1_LessDMGRobots [OMOD:00606275] | mod_Legendary_PowerArmor1_LessDmgScorched [OMOD:0060626D] | mod_Legendary_PowerArmor1_LessDMGSuperMutants [OMOD:00606265] | mod_Legendary_PowerArmor1_LowHealthTriggersStimpak [OMOD:0060625F] | mod_Legendary_PowerArmor1_Overeater [OMOD:00606DE3] | mod_Legendary_PowerArmor1_ResistancesInverseHealth [OMOD:00606257] | mod_Legendary_PowerArmor1_ResistancesMutation [OMOD:00606253] | mod_Legendary_PowerArmor1_ResistancesNight [OMOD:0060625B] | mod_Legendary_PowerArmor1_ResistancesProportionalCaps [OMOD:0060893D] | mod_Legendary_PowerArmor1_ResistancesProportionalHealth [OMOD:00606276]
00796502	RD01_LegendaryItems_PowerArmor_EnclaveVulcan_Torso_Rank4	1	First Star Slot	007904F1	modcol_Legendary_Crafting_PowerArmor2	Random Legendary Mod	modcol_Legendary_Crafting_PowerArmor2 [OMOD:007904F1] | mod_Legendary_PowerArmor2_APRegen [OMOD:0060626E] | mod_Legendary_PowerArmor2_CryoResistance [OMOD:00606B70] | mod_Legendary_PowerArmor2_DiseaseResistance [OMOD:0060626A] | mod_Legendary_PowerArmor2_Fireproof [OMOD:00606B3A] | mod_Legendary_PowerArmor2_Glutton [OMOD:006069A7] | mod_Legendary_PowerArmor2_PoisonResistance [OMOD:00606267] | mod_Legendary_PowerArmor2_RadResistance [OMOD:00606264] | mod_Legendary_PowerArmor2_ReduceExplosionDamage [OMOD:00609E50] | mod_Legendary_PowerArmor2_StatAgility [OMOD:00606263] | mod_Legendary_PowerArmor2_StatCharisma [OMOD:00606261] | mod_Legendary_PowerArmor2_StatEndurance [OMOD:00606260] | mod_Legendary_PowerArmor2_StatIntelligence [OMOD:00606256] | mod_Legendary_PowerArmor2_StatLuck [OMOD:00606255] | mod_Legendary_PowerArmor2_StatPerception [OMOD:00606258] | mod_Legendary_PowerArmor2_StatStrength [OMOD:00606254]
00796502	RD01_LegendaryItems_PowerArmor_EnclaveVulcan_Torso_Rank4	2	First Star Slot	007904F2	modcol_Legendary_Crafting_PowerArmor3	Random Legendary Mod	modcol_Legendary_Crafting_PowerArmor3 [OMOD:007904F2] | mod_Legendary_PowerArmor3_Burning [OMOD:00608376] | mod_Legendary_PowerArmor3_Durability [OMOD:0060625A] | mod_Legendary_PowerArmor3_Electrified [OMOD:00608374] | mod_Legendary_PowerArmor3_Frozen [OMOD:00608377] | mod_Legendary_PowerArmor3_IncreaseHealing [OMOD:00609C45] | mod_Legendary_PowerArmor3_Defenders [OMOD:00606252] | mod_Legendary_PowerArmor3_LessDamageSprinting [OMOD:0060625C] | mod_Legendary_PowerArmor3_LessDamageStandStill [OMOD:00606277] | mod_Legendary_PowerArmor3_LockPick [OMOD:00606273] | mod_Legendary_PowerArmor3_RadsRegen [OMOD:00606B6E] | mod_Legendary_PowerArmor3_Toxic [OMOD:00608375] | mod_Legendary_PowerArmor3_WeightAmmo [OMOD:00606270] | mod_Legendary_PowerArmor3_WeightFoodDrinkChems [OMOD:0060626F] | mod_Legendary_PowerArmor3_WeightJunk [OMOD:0060626C] | mod_Legendary_PowerArmor3_WeightWeapons [OMOD:0060626B]
00796502	RD01_LegendaryItems_PowerArmor_EnclaveVulcan_Torso_Rank4	3	First Star Slot	007A0D34	modcol_Legendary_Crafting_PowerArmor4	Random Legendary Mod	modcol_Legendary_Crafting_PowerArmor4 [OMOD:007A0D34] | mod_Legendary_PowerArmor4_Aegis [OMOD:007ACE4F] | mod_Legendary_PowerArmor4_BattleLoaders [OMOD:007A74C2] | mod_Legendary_PowerArmor4_Bruiser [OMOD:007A74CD] | mod_Legendary_PowerArmor4_ChooChoo [OMOD:00792A2B] | mod_Legendary_PowerArmor4_LimitBreak [OMOD:007A74C6] | mod_Legendary_PowerArmor4_Miasma [OMOD:007A74C4] | mod_Legendary_PowerArmor4_Sawbones [OMOD:007A74D0] | mod_Legendary_PowerArmor4_Propelling [OMOD:00792A29] | mod_Legendary_PowerArmor4_RadioactivePowered [OMOD:00792A33] | mod_Legendary_PowerArmor4_Ranger [OMOD:007A74CE] | mod_Legendary_PowerArmor4_Reflective [OMOD:00792A35] | mod_Legendary_PowerArmor4_Rejuvenators [OMOD:007ACD6E] | mod_Legendary_PowerArmor4_Runner [OMOD:007A74CB] | mod_Legendary_PowerArmor4_Scanners [OMOD:00792A3A] | mod_Legendary_PowerArmor4_Stalwarts [OMOD:007ACEB2] | mod_Legendary_PowerArmor4_Tanky [OMOD:007A74C7]
007964F8	RD01_LegendaryItems_PowerArmor_EnclaveVulcan_LegLeft_Rank2	0	First Star Slot	007904F0	modcol_Legendary_Crafting_PowerArmor1	Random Legendary Mod	modcol_Legendary_Crafting_PowerArmor1 [OMOD:007904F0] | mod_Legendary_PowerArmor1_Chameleon [OMOD:00606268] | mod_Legendary_PowerArmor1_CloakOnMelee [OMOD:00606269] | mod_Legendary_PowerArmor1_HealthRegen [OMOD:0060625D] | mod_Legendary_PowerArmor1_LessDMGAnimals [OMOD:00606274] | mod_Legendary_PowerArmor1_LessDMGBugs [OMOD:00606266] | mod_Legendary_PowerArmor1_LessDMGGhouls [OMOD:0060625E] | mod_Legendary_PowerArmor1_LessDMGPlayers [OMOD:00606259] | mod_Legendary_PowerArmor1_LessDMGRobots [OMOD:00606275] | mod_Legendary_PowerArmor1_LessDmgScorched [OMOD:0060626D] | mod_Legendary_PowerArmor1_LessDMGSuperMutants [OMOD:00606265] | mod_Legendary_PowerArmor1_LowHealthTriggersStimpak [OMOD:0060625F] | mod_Legendary_PowerArmor1_Overeater [OMOD:00606DE3] | mod_Legendary_PowerArmor1_ResistancesInverseHealth [OMOD:00606257] | mod_Legendary_PowerArmor1_ResistancesMutation [OMOD:00606253] | mod_Legendary_PowerArmor1_ResistancesNight [OMOD:0060625B] | mod_Legendary_PowerArmor1_ResistancesProportionalCaps [OMOD:0060893D] | mod_Legendary_PowerArmor1_ResistancesProportionalHealth [OMOD:00606276]
007964F8	RD01_LegendaryItems_PowerArmor_EnclaveVulcan_LegLeft_Rank2	1	First Star Slot	007904F1	modcol_Legendary_Crafting_PowerArmor2	Random Legendary Mod	modcol_Legendary_Crafting_PowerArmor2 [OMOD:007904F1] | mod_Legendary_PowerArmor2_APRegen [OMOD:0060626E] | mod_Legendary_PowerArmor2_CryoResistance [OMOD:00606B70] | mod_Legendary_PowerArmor2_DiseaseResistance [OMOD:0060626A] | mod_Legendary_PowerArmor2_Fireproof [OMOD:00606B3A] | mod_Legendary_PowerArmor2_Glutton [OMOD:006069A7] | mod_Legendary_PowerArmor2_PoisonResistance [OMOD:00606267] | mod_Legendary_PowerArmor2_RadResistance [OMOD:00606264] | mod_Legendary_PowerArmor2_ReduceExplosionDamage [OMOD:00609E50] | mod_Legendary_PowerArmor2_StatAgility [OMOD:00606263] | mod_Legendary_PowerArmor2_StatCharisma [OMOD:00606261] | mod_Legendary_PowerArmor2_StatEndurance [OMOD:00606260] | mod_Legendary_PowerArmor2_StatIntelligence [OMOD:00606256] | mod_Legendary_PowerArmor2_StatLuck [OMOD:00606255] | mod_Legendary_PowerArmor2_StatPerception [OMOD:00606258] | mod_Legendary_PowerArmor2_StatStrength [OMOD:00606254]
007964F3	RD01_LegendaryItems_PowerArmor_EnclaveVulcan_ArmRight_Rank1	0	First Star Slot	007904F0	modcol_Legendary_Crafting_PowerArmor1	Random Legendary Mod	modcol_Legendary_Crafting_PowerArmor1 [OMOD:007904F0] | mod_Legendary_PowerArmor1_Chameleon [OMOD:00606268] | mod_Legendary_PowerArmor1_CloakOnMelee [OMOD:00606269] | mod_Legendary_PowerArmor1_HealthRegen [OMOD:0060625D] | mod_Legendary_PowerArmor1_LessDMGAnimals [OMOD:00606274] | mod_Legendary_PowerArmor1_LessDMGBugs [OMOD:00606266] | mod_Legendary_PowerArmor1_LessDMGGhouls [OMOD:0060625E] | mod_Legendary_PowerArmor1_LessDMGPlayers [OMOD:00606259] | mod_Legendary_PowerArmor1_LessDMGRobots [OMOD:00606275] | mod_Legendary_PowerArmor1_LessDmgScorched [OMOD:0060626D] | mod_Legendary_PowerArmor1_LessDMGSuperMutants [OMOD:00606265] | mod_Legendary_PowerArmor1_LowHealthTriggersStimpak [OMOD:0060625F] | mod_Legendary_PowerArmor1_Overeater [OMOD:00606DE3] | mod_Legendary_PowerArmor1_ResistancesInverseHealth [OMOD:00606257] | mod_Legendary_PowerArmor1_ResistancesMutation [OMOD:00606253] | mod_Legendary_PowerArmor1_ResistancesNight [OMOD:0060625B] | mod_Legendary_PowerArmor1_ResistancesProportionalCaps [OMOD:0060893D] | mod_Legendary_PowerArmor1_ResistancesProportionalHealth [OMOD:00606276]
007964F9	RD01_LegendaryItems_PowerArmor_EnclaveVulcan_LegLeft_Rank3	0	First Star Slot	007904F0	modcol_Legendary_Crafting_PowerArmor1	Random Legendary Mod	modcol_Legendary_Crafting_PowerArmor1 [OMOD:007904F0] | mod_Legendary_PowerArmor1_Chameleon [OMOD:00606268] | mod_Legendary_PowerArmor1_CloakOnMelee [OMOD:00606269] | mod_Legendary_PowerArmor1_HealthRegen [OMOD:0060625D] | mod_Legendary_PowerArmor1_LessDMGAnimals [OMOD:00606274] | mod_Legendary_PowerArmor1_LessDMGBugs [OMOD:00606266] | mod_Legendary_PowerArmor1_LessDMGGhouls [OMOD:0060625E] | mod_Legendary_PowerArmor1_LessDMGPlayers [OMOD:00606259] | mod_Legendary_PowerArmor1_LessDMGRobots [OMOD:00606275] | mod_Legendary_PowerArmor1_LessDmgScorched [OMOD:0060626D] | mod_Legendary_PowerArmor1_LessDMGSuperMutants [OMOD:00606265] | mod_Legendary_PowerArmor1_LowHealthTriggersStimpak [OMOD:0060625F] | mod_Legendary_PowerArmor1_Overeater [OMOD:00606DE3] | mod_Legendary_PowerArmor1_ResistancesInverseHealth [OMOD:00606257] | mod_Legendary_PowerArmor1_ResistancesMutation [OMOD:00606253] | mod_Legendary_PowerArmor1_ResistancesNight [OMOD:0060625B] | mod_Legendary_PowerArmor1_ResistancesProportionalCaps [OMOD:0060893D] | mod_Legendary_PowerArmor1_ResistancesProportionalHealth [OMOD:00606276]
007964F9	RD01_LegendaryItems_PowerArmor_EnclaveVulcan_LegLeft_Rank3	1	First Star Slot	007904F1	modcol_Legendary_Crafting_PowerArmor2	Random Legendary Mod	modcol_Legendary_Crafting_PowerArmor2 [OMOD:007904F1] | mod_Legendary_PowerArmor2_APRegen [OMOD:0060626E] | mod_Legendary_PowerArmor2_CryoResistance [OMOD:00606B70] | mod_Legendary_PowerArmor2_DiseaseResistance [OMOD:0060626A] | mod_Legendary_PowerArmor2_Fireproof [OMOD:00606B3A] | mod_Legendary_PowerArmor2_Glutton [OMOD:006069A7] | mod_Legendary_PowerArmor2_PoisonResistance [OMOD:00606267] | mod_Legendary_PowerArmor2_RadResistance [OMOD:00606264] | mod_Legendary_PowerArmor2_ReduceExplosionDamage [OMOD:00609E50] | mod_Legendary_PowerArmor2_StatAgility [OMOD:00606263] | mod_Legendary_PowerArmor2_StatCharisma [OMOD:00606261] | mod_Legendary_PowerArmor2_StatEndurance [OMOD:00606260] | mod_Legendary_PowerArmor2_StatIntelligence [OMOD:00606256] | mod_Legendary_PowerArmor2_StatLuck [OMOD:00606255] | mod_Legendary_PowerArmor2_StatPerception [OMOD:00606258] | mod_Legendary_PowerArmor2_StatStrength [OMOD:00606254]
007964F9	RD01_LegendaryItems_PowerArmor_EnclaveVulcan_LegLeft_Rank3	2	First Star Slot	007904F2	modcol_Legendary_Crafting_PowerArmor3	Random Legendary Mod	modcol_Legendary_Crafting_PowerArmor3 [OMOD:007904F2] | mod_Legendary_PowerArmor3_Burning [OMOD:00608376] | mod_Legendary_PowerArmor3_Durability [OMOD:0060625A] | mod_Legendary_PowerArmor3_Electrified [OMOD:00608374] | mod_Legendary_PowerArmor3_Frozen [OMOD:00608377] | mod_Legendary_PowerArmor3_IncreaseHealing [OMOD:00609C45] | mod_Legendary_PowerArmor3_Defenders [OMOD:00606252] | mod_Legendary_PowerArmor3_LessDamageSprinting [OMOD:0060625C] | mod_Legendary_PowerArmor3_LessDamageStandStill [OMOD:00606277] | mod_Legendary_PowerArmor3_LockPick [OMOD:00606273] | mod_Legendary_PowerArmor3_RadsRegen [OMOD:00606B6E] | mod_Legendary_PowerArmor3_Toxic [OMOD:00608375] | mod_Legendary_PowerArmor3_WeightAmmo [OMOD:00606270] | mod_Legendary_PowerArmor3_WeightFoodDrinkChems [OMOD:0060626F] | mod_Legendary_PowerArmor3_WeightJunk [OMOD:0060626C] | mod_Legendary_PowerArmor3_WeightWeapons [OMOD:0060626B]
007964FA	RD01_LegendaryItems_PowerArmor_EnclaveVulcan_LegLeft_Rank4	0	First Star Slot	007904F0	modcol_Legendary_Crafting_PowerArmor1	Random Legendary Mod	modcol_Legendary_Crafting_PowerArmor1 [OMOD:007904F0] | mod_Legendary_PowerArmor1_Chameleon [OMOD:00606268] | mod_Legendary_PowerArmor1_CloakOnMelee [OMOD:00606269] | mod_Legendary_PowerArmor1_HealthRegen [OMOD:0060625D] | mod_Legendary_PowerArmor1_LessDMGAnimals [OMOD:00606274] | mod_Legendary_PowerArmor1_LessDMGBugs [OMOD:00606266] | mod_Legendary_PowerArmor1_LessDMGGhouls [OMOD:0060625E] | mod_Legendary_PowerArmor1_LessDMGPlayers [OMOD:00606259] | mod_Legendary_PowerArmor1_LessDMGRobots [OMOD:00606275] | mod_Legendary_PowerArmor1_LessDmgScorched [OMOD:0060626D] | mod_Legendary_PowerArmor1_LessDMGSuperMutants [OMOD:00606265] | mod_Legendary_PowerArmor1_LowHealthTriggersStimpak [OMOD:0060625F] | mod_Legendary_PowerArmor1_Overeater [OMOD:00606DE3] | mod_Legendary_PowerArmor1_ResistancesInverseHealth [OMOD:00606257] | mod_Legendary_PowerArmor1_ResistancesMutation [OMOD:00606253] | mod_Legendary_PowerArmor1_ResistancesNight [OMOD:0060625B] | mod_Legendary_PowerArmor1_ResistancesProportionalCaps [OMOD:0060893D] | mod_Legendary_PowerArmor1_ResistancesProportionalHealth [OMOD:00606276]
007964FA	RD01_LegendaryItems_PowerArmor_EnclaveVulcan_LegLeft_Rank4	1	First Star Slot	007904F1	modcol_Legendary_Crafting_PowerArmor2	Random Legendary Mod	modcol_Legendary_Crafting_PowerArmor2 [OMOD:007904F1] | mod_Legendary_PowerArmor2_APRegen [OMOD:0060626E] | mod_Legendary_PowerArmor2_CryoResistance [OMOD:00606B70] | mod_Legendary_PowerArmor2_DiseaseResistance [OMOD:0060626A] | mod_Legendary_PowerArmor2_Fireproof [OMOD:00606B3A] | mod_Legendary_PowerArmor2_Glutton [OMOD:006069A7] | mod_Legendary_PowerArmor2_PoisonResistance [OMOD:00606267] | mod_Legendary_PowerArmor2_RadResistance [OMOD:00606264] | mod_Legendary_PowerArmor2_ReduceExplosionDamage [OMOD:00609E50] | mod_Legendary_PowerArmor2_StatAgility [OMOD:00606263] | mod_Legendary_PowerArmor2_StatCharisma [OMOD:00606261] | mod_Legendary_PowerArmor2_StatEndurance [OMOD:00606260] | mod_Legendary_PowerArmor2_StatIntelligence [OMOD:00606256] | mod_Legendary_PowerArmor2_StatLuck [OMOD:00606255] | mod_Legendary_PowerArmor2_StatPerception [OMOD:00606258] | mod_Legendary_PowerArmor2_StatStrength [OMOD:00606254]
007964FA	RD01_LegendaryItems_PowerArmor_EnclaveVulcan_LegLeft_Rank4	2	First Star Slot	007904F2	modcol_Legendary_Crafting_PowerArmor3	Random Legendary Mod	modcol_Legendary_Crafting_PowerArmor3 [OMOD:007904F2] | mod_Legendary_PowerArmor3_Burning [OMOD:00608376] | mod_Legendary_PowerArmor3_Durability [OMOD:0060625A] | mod_Legendary_PowerArmor3_Electrified [OMOD:00608374] | mod_Legendary_PowerArmor3_Frozen [OMOD:00608377] | mod_Legendary_PowerArmor3_IncreaseHealing [OMOD:00609C45] | mod_Legendary_PowerArmor3_Defenders [OMOD:00606252] | mod_Legendary_PowerArmor3_LessDamageSprinting [OMOD:0060625C] | mod_Legendary_PowerArmor3_LessDamageStandStill [OMOD:00606277] | mod_Legendary_PowerArmor3_LockPick [OMOD:00606273] | mod_Legendary_PowerArmor3_RadsRegen [OMOD:00606B6E] | mod_Legendary_PowerArmor3_Toxic [OMOD:00608375] | mod_Legendary_PowerArmor3_WeightAmmo [OMOD:00606270] | mod_Legendary_PowerArmor3_WeightFoodDrinkChems [OMOD:0060626F] | mod_Legendary_PowerArmor3_WeightJunk [OMOD:0060626C] | mod_Legendary_PowerArmor3_WeightWeapons [OMOD:0060626B]
007964FA	RD01_LegendaryItems_PowerArmor_EnclaveVulcan_LegLeft_Rank4	3	First Star Slot	007A0D34	modcol_Legendary_Crafting_PowerArmor4	Random Legendary Mod	modcol_Legendary_Crafting_PowerArmor4 [OMOD:007A0D34] | mod_Legendary_PowerArmor4_Aegis [OMOD:007ACE4F] | mod_Legendary_PowerArmor4_BattleLoaders [OMOD:007A74C2] | mod_Legendary_PowerArmor4_Bruiser [OMOD:007A74CD] | mod_Legendary_PowerArmor4_ChooChoo [OMOD:00792A2B] | mod_Legendary_PowerArmor4_LimitBreak [OMOD:007A74C6] | mod_Legendary_PowerArmor4_Miasma [OMOD:007A74C4] | mod_Legendary_PowerArmor4_Sawbones [OMOD:007A74D0] | mod_Legendary_PowerArmor4_Propelling [OMOD:00792A29] | mod_Legendary_PowerArmor4_RadioactivePowered [OMOD:00792A33] | mod_Legendary_PowerArmor4_Ranger [OMOD:007A74CE] | mod_Legendary_PowerArmor4_Reflective [OMOD:00792A35] | mod_Legendary_PowerArmor4_Rejuvenators [OMOD:007ACD6E] | mod_Legendary_PowerArmor4_Runner [OMOD:007A74CB] | mod_Legendary_PowerArmor4_Scanners [OMOD:00792A3A] | mod_Legendary_PowerArmor4_Stalwarts [OMOD:007ACEB2] | mod_Legendary_PowerArmor4_Tanky [OMOD:007A74C7]
007964F4	RD01_LegendaryItems_PowerArmor_EnclaveVulcan_ArmRight_Rank2	0	First Star Slot	007904F0	modcol_Legendary_Crafting_PowerArmor1	Random Legendary Mod	modcol_Legendary_Crafting_PowerArmor1 [OMOD:007904F0] | mod_Legendary_PowerArmor1_Chameleon [OMOD:00606268] | mod_Legendary_PowerArmor1_CloakOnMelee [OMOD:00606269] | mod_Legendary_PowerArmor1_HealthRegen [OMOD:0060625D] | mod_Legendary_PowerArmor1_LessDMGAnimals [OMOD:00606274] | mod_Legendary_PowerArmor1_LessDMGBugs [OMOD:00606266] | mod_Legendary_PowerArmor1_LessDMGGhouls [OMOD:0060625E] | mod_Legendary_PowerArmor1_LessDMGPlayers [OMOD:00606259] | mod_Legendary_PowerArmor1_LessDMGRobots [OMOD:00606275] | mod_Legendary_PowerArmor1_LessDmgScorched [OMOD:0060626D] | mod_Legendary_PowerArmor1_LessDMGSuperMutants [OMOD:00606265] | mod_Legendary_PowerArmor1_LowHealthTriggersStimpak [OMOD:0060625F] | mod_Legendary_PowerArmor1_Overeater [OMOD:00606DE3] | mod_Legendary_PowerArmor1_ResistancesInverseHealth [OMOD:00606257] | mod_Legendary_PowerArmor1_ResistancesMutation [OMOD:00606253] | mod_Legendary_PowerArmor1_ResistancesNight [OMOD:0060625B] | mod_Legendary_PowerArmor1_ResistancesProportionalCaps [OMOD:0060893D] | mod_Legendary_PowerArmor1_ResistancesProportionalHealth [OMOD:00606276]
007964F4	RD01_LegendaryItems_PowerArmor_EnclaveVulcan_ArmRight_Rank2	1	First Star Slot	007904F1	modcol_Legendary_Crafting_PowerArmor2	Random Legendary Mod	modcol_Legendary_Crafting_PowerArmor2 [OMOD:007904F1] | mod_Legendary_PowerArmor2_APRegen [OMOD:0060626E] | mod_Legendary_PowerArmor2_CryoResistance [OMOD:00606B70] | mod_Legendary_PowerArmor2_DiseaseResistance [OMOD:0060626A] | mod_Legendary_PowerArmor2_Fireproof [OMOD:00606B3A] | mod_Legendary_PowerArmor2_Glutton [OMOD:006069A7] | mod_Legendary_PowerArmor2_PoisonResistance [OMOD:00606267] | mod_Legendary_PowerArmor2_RadResistance [OMOD:00606264] | mod_Legendary_PowerArmor2_ReduceExplosionDamage [OMOD:00609E50] | mod_Legendary_PowerArmor2_StatAgility [OMOD:00606263] | mod_Legendary_PowerArmor2_StatCharisma [OMOD:00606261] | mod_Legendary_PowerArmor2_StatEndurance [OMOD:00606260] | mod_Legendary_PowerArmor2_StatIntelligence [OMOD:00606256] | mod_Legendary_PowerArmor2_StatLuck [OMOD:00606255] | mod_Legendary_PowerArmor2_StatPerception [OMOD:00606258] | mod_Legendary_PowerArmor2_StatStrength [OMOD:00606254]
007964F1	RD01_LegendaryItems_PowerArmor_EnclaveVulcan_ArmLeft_Rank3	0	First Star Slot	007904F0	modcol_Legendary_Crafting_PowerArmor1	Random Legendary Mod	modcol_Legendary_Crafting_PowerArmor1 [OMOD:007904F0] | mod_Legendary_PowerArmor1_Chameleon [OMOD:00606268] | mod_Legendary_PowerArmor1_CloakOnMelee [OMOD:00606269] | mod_Legendary_PowerArmor1_HealthRegen [OMOD:0060625D] | mod_Legendary_PowerArmor1_LessDMGAnimals [OMOD:00606274] | mod_Legendary_PowerArmor1_LessDMGBugs [OMOD:00606266] | mod_Legendary_PowerArmor1_LessDMGGhouls [OMOD:0060625E] | mod_Legendary_PowerArmor1_LessDMGPlayers [OMOD:00606259] | mod_Legendary_PowerArmor1_LessDMGRobots [OMOD:00606275] | mod_Legendary_PowerArmor1_LessDmgScorched [OMOD:0060626D] | mod_Legendary_PowerArmor1_LessDMGSuperMutants [OMOD:00606265] | mod_Legendary_PowerArmor1_LowHealthTriggersStimpak [OMOD:0060625F] | mod_Legendary_PowerArmor1_Overeater [OMOD:00606DE3] | mod_Legendary_PowerArmor1_ResistancesInverseHealth [OMOD:00606257] | mod_Legendary_PowerArmor1_ResistancesMutation [OMOD:00606253] | mod_Legendary_PowerArmor1_ResistancesNight [OMOD:0060625B] | mod_Legendary_PowerArmor1_ResistancesProportionalCaps [OMOD:0060893D] | mod_Legendary_PowerArmor1_ResistancesProportionalHealth [OMOD:00606276]
007964F1	RD01_LegendaryItems_PowerArmor_EnclaveVulcan_ArmLeft_Rank3	1	First Star Slot	007904F1	modcol_Legendary_Crafting_PowerArmor2	Random Legendary Mod	modcol_Legendary_Crafting_PowerArmor2 [OMOD:007904F1] | mod_Legendary_PowerArmor2_APRegen [OMOD:0060626E] | mod_Legendary_PowerArmor2_CryoResistance [OMOD:00606B70] | mod_Legendary_PowerArmor2_DiseaseResistance [OMOD:0060626A] | mod_Legendary_PowerArmor2_Fireproof [OMOD:00606B3A] | mod_Legendary_PowerArmor2_Glutton [OMOD:006069A7] | mod_Legendary_PowerArmor2_PoisonResistance [OMOD:00606267] | mod_Legendary_PowerArmor2_RadResistance [OMOD:00606264] | mod_Legendary_PowerArmor2_ReduceExplosionDamage [OMOD:00609E50] | mod_Legendary_PowerArmor2_StatAgility [OMOD:00606263] | mod_Legendary_PowerArmor2_StatCharisma [OMOD:00606261] | mod_Legendary_PowerArmor2_StatEndurance [OMOD:00606260] | mod_Legendary_PowerArmor2_StatIntelligence [OMOD:00606256] | mod_Legendary_PowerArmor2_StatLuck [OMOD:00606255] | mod_Legendary_PowerArmor2_StatPerception [OMOD:00606258] | mod_Legendary_PowerArmor2_StatStrength [OMOD:00606254]
007964F1	RD01_LegendaryItems_PowerArmor_EnclaveVulcan_ArmLeft_Rank3	2	First Star Slot	007904F2	modcol_Legendary_Crafting_PowerArmor3	Random Legendary Mod	modcol_Legendary_Crafting_PowerArmor3 [OMOD:007904F2] | mod_Legendary_PowerArmor3_Burning [OMOD:00608376] | mod_Legendary_PowerArmor3_Durability [OMOD:0060625A] | mod_Legendary_PowerArmor3_Electrified [OMOD:00608374] | mod_Legendary_PowerArmor3_Frozen [OMOD:00608377] | mod_Legendary_PowerArmor3_IncreaseHealing [OMOD:00609C45] | mod_Legendary_PowerArmor3_Defenders [OMOD:00606252] | mod_Legendary_PowerArmor3_LessDamageSprinting [OMOD:0060625C] | mod_Legendary_PowerArmor3_LessDamageStandStill [OMOD:00606277] | mod_Legendary_PowerArmor3_LockPick [OMOD:00606273] | mod_Legendary_PowerArmor3_RadsRegen [OMOD:00606B6E] | mod_Legendary_PowerArmor3_Toxic [OMOD:00608375] | mod_Legendary_PowerArmor3_WeightAmmo [OMOD:00606270] | mod_Legendary_PowerArmor3_WeightFoodDrinkChems [OMOD:0060626F] | mod_Legendary_PowerArmor3_WeightJunk [OMOD:0060626C] | mod_Legendary_PowerArmor3_WeightWeapons [OMOD:0060626B]
007964FB	RD01_LegendaryItems_PowerArmor_EnclaveVulcan_LegRight_Rank1	0	First Star Slot	007904F0	modcol_Legendary_Crafting_PowerArmor1	Random Legendary Mod	modcol_Legendary_Crafting_PowerArmor1 [OMOD:007904F0] | mod_Legendary_PowerArmor1_Chameleon [OMOD:00606268] | mod_Legendary_PowerArmor1_CloakOnMelee [OMOD:00606269] | mod_Legendary_PowerArmor1_HealthRegen [OMOD:0060625D] | mod_Legendary_PowerArmor1_LessDMGAnimals [OMOD:00606274] | mod_Legendary_PowerArmor1_LessDMGBugs [OMOD:00606266] | mod_Legendary_PowerArmor1_LessDMGGhouls [OMOD:0060625E] | mod_Legendary_PowerArmor1_LessDMGPlayers [OMOD:00606259] | mod_Legendary_PowerArmor1_LessDMGRobots [OMOD:00606275] | mod_Legendary_PowerArmor1_LessDmgScorched [OMOD:0060626D] | mod_Legendary_PowerArmor1_LessDMGSuperMutants [OMOD:00606265] | mod_Legendary_PowerArmor1_LowHealthTriggersStimpak [OMOD:0060625F] | mod_Legendary_PowerArmor1_Overeater [OMOD:00606DE3] | mod_Legendary_PowerArmor1_ResistancesInverseHealth [OMOD:00606257] | mod_Legendary_PowerArmor1_ResistancesMutation [OMOD:00606253] | mod_Legendary_PowerArmor1_ResistancesNight [OMOD:0060625B] | mod_Legendary_PowerArmor1_ResistancesProportionalCaps [OMOD:0060893D] | mod_Legendary_PowerArmor1_ResistancesProportionalHealth [OMOD:00606276]
007964FC	RD01_LegendaryItems_PowerArmor_EnclaveVulcan_LegRight_Rank2	0	First Star Slot	007904F0	modcol_Legendary_Crafting_PowerArmor1	Random Legendary Mod	modcol_Legendary_Crafting_PowerArmor1 [OMOD:007904F0] | mod_Legendary_PowerArmor1_Chameleon [OMOD:00606268] | mod_Legendary_PowerArmor1_CloakOnMelee [OMOD:00606269] | mod_Legendary_PowerArmor1_HealthRegen [OMOD:0060625D] | mod_Legendary_PowerArmor1_LessDMGAnimals [OMOD:00606274] | mod_Legendary_PowerArmor1_LessDMGBugs [OMOD:00606266] | mod_Legendary_PowerArmor1_LessDMGGhouls [OMOD:0060625E] | mod_Legendary_PowerArmor1_LessDMGPlayers [OMOD:00606259] | mod_Legendary_PowerArmor1_LessDMGRobots [OMOD:00606275] | mod_Legendary_PowerArmor1_LessDmgScorched [OMOD:0060626D] | mod_Legendary_PowerArmor1_LessDMGSuperMutants [OMOD:00606265] | mod_Legendary_PowerArmor1_LowHealthTriggersStimpak [OMOD:0060625F] | mod_Legendary_PowerArmor1_Overeater [OMOD:00606DE3] | mod_Legendary_PowerArmor1_ResistancesInverseHealth [OMOD:00606257] | mod_Legendary_PowerArmor1_ResistancesMutation [OMOD:00606253] | mod_Legendary_PowerArmor1_ResistancesNight [OMOD:0060625B] | mod_Legendary_PowerArmor1_ResistancesProportionalCaps [OMOD:0060893D] | mod_Legendary_PowerArmor1_ResistancesProportionalHealth [OMOD:00606276]
007964FC	RD01_LegendaryItems_PowerArmor_EnclaveVulcan_LegRight_Rank2	1	First Star Slot	007904F1	modcol_Legendary_Crafting_PowerArmor2	Random Legendary Mod	modcol_Legendary_Crafting_PowerArmor2 [OMOD:007904F1] | mod_Legendary_PowerArmor2_APRegen [OMOD:0060626E] | mod_Legendary_PowerArmor2_CryoResistance [OMOD:00606B70] | mod_Legendary_PowerArmor2_DiseaseResistance [OMOD:0060626A] | mod_Legendary_PowerArmor2_Fireproof [OMOD:00606B3A] | mod_Legendary_PowerArmor2_Glutton [OMOD:006069A7] | mod_Legendary_PowerArmor2_PoisonResistance [OMOD:00606267] | mod_Legendary_PowerArmor2_RadResistance [OMOD:00606264] | mod_Legendary_PowerArmor2_ReduceExplosionDamage [OMOD:00609E50] | mod_Legendary_PowerArmor2_StatAgility [OMOD:00606263] | mod_Legendary_PowerArmor2_StatCharisma [OMOD:00606261] | mod_Legendary_PowerArmor2_StatEndurance [OMOD:00606260] | mod_Legendary_PowerArmor2_StatIntelligence [OMOD:00606256] | mod_Legendary_PowerArmor2_StatLuck [OMOD:00606255] | mod_Legendary_PowerArmor2_StatPerception [OMOD:00606258] | mod_Legendary_PowerArmor2_StatStrength [OMOD:00606254]
007964F5	RD01_LegendaryItems_PowerArmor_EnclaveVulcan_ArmRight_Rank3	0	First Star Slot	007904F0	modcol_Legendary_Crafting_PowerArmor1	Random Legendary Mod	modcol_Legendary_Crafting_PowerArmor1 [OMOD:007904F0] | mod_Legendary_PowerArmor1_Chameleon [OMOD:00606268] | mod_Legendary_PowerArmor1_CloakOnMelee [OMOD:00606269] | mod_Legendary_PowerArmor1_HealthRegen [OMOD:0060625D] | mod_Legendary_PowerArmor1_LessDMGAnimals [OMOD:00606274] | mod_Legendary_PowerArmor1_LessDMGBugs [OMOD:00606266] | mod_Legendary_PowerArmor1_LessDMGGhouls [OMOD:0060625E] | mod_Legendary_PowerArmor1_LessDMGPlayers [OMOD:00606259] | mod_Legendary_PowerArmor1_LessDMGRobots [OMOD:00606275] | mod_Legendary_PowerArmor1_LessDmgScorched [OMOD:0060626D] | mod_Legendary_PowerArmor1_LessDMGSuperMutants [OMOD:00606265] | mod_Legendary_PowerArmor1_LowHealthTriggersStimpak [OMOD:0060625F] | mod_Legendary_PowerArmor1_Overeater [OMOD:00606DE3] | mod_Legendary_PowerArmor1_ResistancesInverseHealth [OMOD:00606257] | mod_Legendary_PowerArmor1_ResistancesMutation [OMOD:00606253] | mod_Legendary_PowerArmor1_ResistancesNight [OMOD:0060625B] | mod_Legendary_PowerArmor1_ResistancesProportionalCaps [OMOD:0060893D] | mod_Legendary_PowerArmor1_ResistancesProportionalHealth [OMOD:00606276]
007964F5	RD01_LegendaryItems_PowerArmor_EnclaveVulcan_ArmRight_Rank3	1	First Star Slot	007904F1	modcol_Legendary_Crafting_PowerArmor2	Random Legendary Mod	modcol_Legendary_Crafting_PowerArmor2 [OMOD:007904F1] | mod_Legendary_PowerArmor2_APRegen [OMOD:0060626E] | mod_Legendary_PowerArmor2_CryoResistance [OMOD:00606B70] | mod_Legendary_PowerArmor2_DiseaseResistance [OMOD:0060626A] | mod_Legendary_PowerArmor2_Fireproof [OMOD:00606B3A] | mod_Legendary_PowerArmor2_Glutton [OMOD:006069A7] | mod_Legendary_PowerArmor2_PoisonResistance [OMOD:00606267] | mod_Legendary_PowerArmor2_RadResistance [OMOD:00606264] | mod_Legendary_PowerArmor2_ReduceExplosionDamage [OMOD:00609E50] | mod_Legendary_PowerArmor2_StatAgility [OMOD:00606263] | mod_Legendary_PowerArmor2_StatCharisma [OMOD:00606261] | mod_Legendary_PowerArmor2_StatEndurance [OMOD:00606260] | mod_Legendary_PowerArmor2_StatIntelligence [OMOD:00606256] | mod_Legendary_PowerArmor2_StatLuck [OMOD:00606255] | mod_Legendary_PowerArmor2_StatPerception [OMOD:00606258] | mod_Legendary_PowerArmor2_StatStrength [OMOD:00606254]
007964F5	RD01_LegendaryItems_PowerArmor_EnclaveVulcan_ArmRight_Rank3	2	First Star Slot	007904F2	modcol_Legendary_Crafting_PowerArmor3	Random Legendary Mod	modcol_Legendary_Crafting_PowerArmor3 [OMOD:007904F2] | mod_Legendary_PowerArmor3_Burning [OMOD:00608376] | mod_Legendary_PowerArmor3_Durability [OMOD:0060625A] | mod_Legendary_PowerArmor3_Electrified [OMOD:00608374] | mod_Legendary_PowerArmor3_Frozen [OMOD:00608377] | mod_Legendary_PowerArmor3_IncreaseHealing [OMOD:00609C45] | mod_Legendary_PowerArmor3_Defenders [OMOD:00606252] | mod_Legendary_PowerArmor3_LessDamageSprinting [OMOD:0060625C] | mod_Legendary_PowerArmor3_LessDamageStandStill [OMOD:00606277] | mod_Legendary_PowerArmor3_LockPick [OMOD:00606273] | mod_Legendary_PowerArmor3_RadsRegen [OMOD:00606B6E] | mod_Legendary_PowerArmor3_Toxic [OMOD:00608375] | mod_Legendary_PowerArmor3_WeightAmmo [OMOD:00606270] | mod_Legendary_PowerArmor3_WeightFoodDrinkChems [OMOD:0060626F] | mod_Legendary_PowerArmor3_WeightJunk [OMOD:0060626C] | mod_Legendary_PowerArmor3_WeightWeapons [OMOD:0060626B]
007964FD	RD01_LegendaryItems_PowerArmor_EnclaveVulcan_LegRight_Rank3	0	First Star Slot	007904F0	modcol_Legendary_Crafting_PowerArmor1	Random Legendary Mod	modcol_Legendary_Crafting_PowerArmor1 [OMOD:007904F0] | mod_Legendary_PowerArmor1_Chameleon [OMOD:00606268] | mod_Legendary_PowerArmor1_CloakOnMelee [OMOD:00606269] | mod_Legendary_PowerArmor1_HealthRegen [OMOD:0060625D] | mod_Legendary_PowerArmor1_LessDMGAnimals [OMOD:00606274] | mod_Legendary_PowerArmor1_LessDMGBugs [OMOD:00606266] | mod_Legendary_PowerArmor1_LessDMGGhouls [OMOD:0060625E] | mod_Legendary_PowerArmor1_LessDMGPlayers [OMOD:00606259] | mod_Legendary_PowerArmor1_LessDMGRobots [OMOD:00606275] | mod_Legendary_PowerArmor1_LessDmgScorched [OMOD:0060626D] | mod_Legendary_PowerArmor1_LessDMGSuperMutants [OMOD:00606265] | mod_Legendary_PowerArmor1_LowHealthTriggersStimpak [OMOD:0060625F] | mod_Legendary_PowerArmor1_Overeater [OMOD:00606DE3] | mod_Legendary_PowerArmor1_ResistancesInverseHealth [OMOD:00606257] | mod_Legendary_PowerArmor1_ResistancesMutation [OMOD:00606253] | mod_Legendary_PowerArmor1_ResistancesNight [OMOD:0060625B] | mod_Legendary_PowerArmor1_ResistancesProportionalCaps [OMOD:0060893D] | mod_Legendary_PowerArmor1_ResistancesProportionalHealth [OMOD:00606276]
007964FD	RD01_LegendaryItems_PowerArmor_EnclaveVulcan_LegRight_Rank3	1	First Star Slot	007904F1	modcol_Legendary_Crafting_PowerArmor2	Random Legendary Mod	modcol_Legendary_Crafting_PowerArmor2 [OMOD:007904F1] | mod_Legendary_PowerArmor2_APRegen [OMOD:0060626E] | mod_Legendary_PowerArmor2_CryoResistance [OMOD:00606B70] | mod_Legendary_PowerArmor2_DiseaseResistance [OMOD:0060626A] | mod_Legendary_PowerArmor2_Fireproof [OMOD:00606B3A] | mod_Legendary_PowerArmor2_Glutton [OMOD:006069A7] | mod_Legendary_PowerArmor2_PoisonResistance [OMOD:00606267] | mod_Legendary_PowerArmor2_RadResistance [OMOD:00606264] | mod_Legendary_PowerArmor2_ReduceExplosionDamage [OMOD:00609E50] | mod_Legendary_PowerArmor2_StatAgility [OMOD:00606263] | mod_Legendary_PowerArmor2_StatCharisma [OMOD:00606261] | mod_Legendary_PowerArmor2_StatEndurance [OMOD:00606260] | mod_Legendary_PowerArmor2_StatIntelligence [OMOD:00606256] | mod_Legendary_PowerArmor2_StatLuck [OMOD:00606255] | mod_Legendary_PowerArmor2_StatPerception [OMOD:00606258] | mod_Legendary_PowerArmor2_StatStrength [OMOD:00606254]
007964FD	RD01_LegendaryItems_PowerArmor_EnclaveVulcan_LegRight_Rank3	2	First Star Slot	007904F2	modcol_Legendary_Crafting_PowerArmor3	Random Legendary Mod	modcol_Legendary_Crafting_PowerArmor3 [OMOD:007904F2] | mod_Legendary_PowerArmor3_Burning [OMOD:00608376] | mod_Legendary_PowerArmor3_Durability [OMOD:0060625A] | mod_Legendary_PowerArmor3_Electrified [OMOD:00608374] | mod_Legendary_PowerArmor3_Frozen [OMOD:00608377] | mod_Legendary_PowerArmor3_IncreaseHealing [OMOD:00609C45] | mod_Legendary_PowerArmor3_Defenders [OMOD:00606252] | mod_Legendary_PowerArmor3_LessDamageSprinting [OMOD:0060625C] | mod_Legendary_PowerArmor3_LessDamageStandStill [OMOD:00606277] | mod_Legendary_PowerArmor3_LockPick [OMOD:00606273] | mod_Legendary_PowerArmor3_RadsRegen [OMOD:00606B6E] | mod_Legendary_PowerArmor3_Toxic [OMOD:00608375] | mod_Legendary_PowerArmor3_WeightAmmo [OMOD:00606270] | mod_Legendary_PowerArmor3_WeightFoodDrinkChems [OMOD:0060626F] | mod_Legendary_PowerArmor3_WeightJunk [OMOD:0060626C] | mod_Legendary_PowerArmor3_WeightWeapons [OMOD:0060626B]
0080CFB6	HIDE_LegendaryItems_Drifter_PowerArmor_Rank4	0	First Star Slot	007904F0	modcol_Legendary_Crafting_PowerArmor1	Random Legendary Mod	modcol_Legendary_Crafting_PowerArmor1 [OMOD:007904F0] | mod_Legendary_PowerArmor1_Chameleon [OMOD:00606268] | mod_Legendary_PowerArmor1_CloakOnMelee [OMOD:00606269] | mod_Legendary_PowerArmor1_HealthRegen [OMOD:0060625D] | mod_Legendary_PowerArmor1_LessDMGAnimals [OMOD:00606274] | mod_Legendary_PowerArmor1_LessDMGBugs [OMOD:00606266] | mod_Legendary_PowerArmor1_LessDMGGhouls [OMOD:0060625E] | mod_Legendary_PowerArmor1_LessDMGPlayers [OMOD:00606259] | mod_Legendary_PowerArmor1_LessDMGRobots [OMOD:00606275] | mod_Legendary_PowerArmor1_LessDmgScorched [OMOD:0060626D] | mod_Legendary_PowerArmor1_LessDMGSuperMutants [OMOD:00606265] | mod_Legendary_PowerArmor1_LowHealthTriggersStimpak [OMOD:0060625F] | mod_Legendary_PowerArmor1_Overeater [OMOD:00606DE3] | mod_Legendary_PowerArmor1_ResistancesInverseHealth [OMOD:00606257] | mod_Legendary_PowerArmor1_ResistancesMutation [OMOD:00606253] | mod_Legendary_PowerArmor1_ResistancesNight [OMOD:0060625B] | mod_Legendary_PowerArmor1_ResistancesProportionalCaps [OMOD:0060893D] | mod_Legendary_PowerArmor1_ResistancesProportionalHealth [OMOD:00606276]
0080CFB6	HIDE_LegendaryItems_Drifter_PowerArmor_Rank4	1	First Star Slot	007904F1	modcol_Legendary_Crafting_PowerArmor2	Random Legendary Mod	modcol_Legendary_Crafting_PowerArmor2 [OMOD:007904F1] | mod_Legendary_PowerArmor2_APRegen [OMOD:0060626E] | mod_Legendary_PowerArmor2_CryoResistance [OMOD:00606B70] | mod_Legendary_PowerArmor2_DiseaseResistance [OMOD:0060626A] | mod_Legendary_PowerArmor2_Fireproof [OMOD:00606B3A] | mod_Legendary_PowerArmor2_Glutton [OMOD:006069A7] | mod_Legendary_PowerArmor2_PoisonResistance [OMOD:00606267] | mod_Legendary_PowerArmor2_RadResistance [OMOD:00606264] | mod_Legendary_PowerArmor2_ReduceExplosionDamage [OMOD:00609E50] | mod_Legendary_PowerArmor2_StatAgility [OMOD:00606263] | mod_Legendary_PowerArmor2_StatCharisma [OMOD:00606261] | mod_Legendary_PowerArmor2_StatEndurance [OMOD:00606260] | mod_Legendary_PowerArmor2_StatIntelligence [OMOD:00606256] | mod_Legendary_PowerArmor2_StatLuck [OMOD:00606255] | mod_Legendary_PowerArmor2_StatPerception [OMOD:00606258] | mod_Legendary_PowerArmor2_StatStrength [OMOD:00606254]
0080CFB6	HIDE_LegendaryItems_Drifter_PowerArmor_Rank4	2	First Star Slot	007904F2	modcol_Legendary_Crafting_PowerArmor3	Random Legendary Mod	modcol_Legendary_Crafting_PowerArmor3 [OMOD:007904F2] | mod_Legendary_PowerArmor3_Burning [OMOD:00608376] | mod_Legendary_PowerArmor3_Durability [OMOD:0060625A] | mod_Legendary_PowerArmor3_Electrified [OMOD:00608374] | mod_Legendary_PowerArmor3_Frozen [OMOD:00608377] | mod_Legendary_PowerArmor3_IncreaseHealing [OMOD:00609C45] | mod_Legendary_PowerArmor3_Defenders [OMOD:00606252] | mod_Legendary_PowerArmor3_LessDamageSprinting [OMOD:0060625C] | mod_Legendary_PowerArmor3_LessDamageStandStill [OMOD:00606277] | mod_Legendary_PowerArmor3_LockPick [OMOD:00606273] | mod_Legendary_PowerArmor3_RadsRegen [OMOD:00606B6E] | mod_Legendary_PowerArmor3_Toxic [OMOD:00608375] | mod_Legendary_PowerArmor3_WeightAmmo [OMOD:00606270] | mod_Legendary_PowerArmor3_WeightFoodDrinkChems [OMOD:0060626F] | mod_Legendary_PowerArmor3_WeightJunk [OMOD:0060626C] | mod_Legendary_PowerArmor3_WeightWeapons [OMOD:0060626B]
0080CFB6	HIDE_LegendaryItems_Drifter_PowerArmor_Rank4	3	First Star Slot	008CD1BA	HIDE_modcol_Legendary_Drifter_Crafting_PowerArmor4	Random Legendary Mod	HIDE_modcol_Legendary_Drifter_Crafting_PowerArmor4 [OMOD:008CD1BA] | mod_Legendary_PowerArmor4_Aegis [OMOD:007ACE4F] | mod_Legendary_PowerArmor4_BattleLoaders [OMOD:007A74C2] | mod_Legendary_PowerArmor4_Propelling [OMOD:00792A29] | mod_Legendary_PowerArmor4_RadioactivePowered [OMOD:00792A33]
0080CFB7	HIDE_LegendaryItems_Drifter_Armor_Rank4	0	First Star Slot	007904ED	modcol_Legendary_Crafting_Armor1	Random Legendary Mod	modcol_Legendary_Crafting_Armor1 [OMOD:007904ED] | mod_Legendary_Armor1_AutoRevive [OMOD:00529A0F] | mod_Legendary_Armor1_Chameleon [OMOD:00524146] | mod_Legendary_Armor1_CloakOnMelee [OMOD:00524147] | mod_Legendary_Armor1_HealthRegen [OMOD:00529A09] | mod_Legendary_Armor1_LessDMGAnimals [OMOD:004F6D7D] | mod_Legendary_Armor1_LessDMGBugs [OMOD:004F6D7C] | mod_Legendary_Armor1_LessDMGGhouls [OMOD:004F6D7E] | mod_Legendary_Armor1_LessDMGPlayers [OMOD:004F6D78] | mod_Legendary_Armor1_LessDMGRobots [OMOD:004F6D7F] | mod_Legendary_Armor1_LessDmgScorched [OMOD:004EE548] | mod_Legendary_Armor1_LessDMGSuperMutants [OMOD:004F6D80] | mod_Legendary_Armor1_LowHealthIncreasesStats [OMOD:0052414A] | mod_Legendary_Armor1_LowHealthTriggersStimpak [OMOD:00521915] | mod_Legendary_Armor1_Overeater [OMOD:00606C84] | mod_Legendary_Armor1_ResistancesInverseHealth [OMOD:00521914] | mod_Legendary_Armor1_ResistancesMutation [OMOD:00529A0C] | mod_Legendary_Armor1_ResistancesNight [OMOD:00524143] | mod_Legendary_Armor1_ResistancesProportionalCaps [OMOD:0060893C] | mod_Legendary_Armor1_ResistancesProportionalHealth [OMOD:00529A05] | mod_Legendary_Armor1_Heavyweight [OMOD:00529A14]
0080CFB7	HIDE_LegendaryItems_Drifter_Armor_Rank4	1	First Star Slot	007904EE	modcol_Legendary_Crafting_Armor2	Random Legendary Mod	modcol_Legendary_Crafting_Armor2 [OMOD:007904EE] | mod_Legendary_Armor2_APRegen [OMOD:00527F75] | mod_Legendary_Armor2_CryoResistance [OMOD:00606B6F] | mod_Legendary_Armor2_DiseaseResistance [OMOD:00527F72] | mod_Legendary_Armor2_Fireproof [OMOD:00606B39] | mod_Legendary_Armor2_Glutton [OMOD:006069A6] | mod_Legendary_Armor2_PoisonResistance [OMOD:00527F6E] | mod_Legendary_Armor2_RadResistance [OMOD:00527F6F] | mod_Legendary_Armor2_ReduceExplosionDamage [OMOD:00609E4E] | mod_Legendary_Armor2_StatAgility [OMOD:004F6D85] | mod_Legendary_Armor2_StatCharisma [OMOD:004F6D83] | mod_Legendary_Armor2_StatEndurance [OMOD:004F6D82] | mod_Legendary_Armor2_StatIntelligence [OMOD:004F6D84] | mod_Legendary_Armor2_StatLuck [OMOD:004F6D86] | mod_Legendary_Armor2_StatPerception [OMOD:004F6D81] | mod_Legendary_Armor2_StatStrength [OMOD:004EE54E]
0080CFB7	HIDE_LegendaryItems_Drifter_Armor_Rank4	2	First Star Slot	007904EF	modcol_Legendary_Crafting_Armor3	Random Legendary Mod	modcol_Legendary_Crafting_Armor3 [OMOD:007904EF] | mod_Legendary_Armor3_Burning [OMOD:00608371] | mod_Legendary_Armor3_Durability [OMOD:0052BDBA] | mod_Legendary_Armor3_Electrified [OMOD:00608373] | mod_Legendary_Armor3_Frozen [OMOD:00608372] | mod_Legendary_Armor3_IncreaseHealing [OMOD:00609C46] | mod_Legendary_Armor3_Defenders [OMOD:00527F76] | mod_Legendary_Armor3_LessDamageSprinting [OMOD:00527F77] | mod_Legendary_Armor3_LessDamageStandStill [OMOD:004EE54C] | mod_Legendary_Armor3_LessFallDamage [OMOD:00527F79] | mod_Legendary_Armor3_LockPick [OMOD:00527F7B] | mod_Legendary_Armor3_RadsRegen [OMOD:00606B6D] | mod_Legendary_Armor3_ReducedLimbDamage [OMOD:0052BDBC] | mod_Legendary_Armor3_Sneak [OMOD:0052BDB7] | mod_Legendary_Armor3_Toxic [OMOD:00608370] | mod_Legendary_Armor3_Waterbreathing [OMOD:00527F7A] | mod_Legendary_Armor3_WeightAmmo [OMOD:0052BDB4] | mod_Legendary_Armor3_WeightFoodDrinkChems [OMOD:0052BDB5] | mod_Legendary_Armor3_WeightJunk [OMOD:0052BDB6] | mod_Legendary_Armor3_WeightWeapons [OMOD:00527F78]
0080CFB7	HIDE_LegendaryItems_Drifter_Armor_Rank4	3	First Star Slot	008CD1B9	HIDE_modcol_Legendary_Drifter_Crafting_Armor4	Random Legendary Mod	HIDE_modcol_Legendary_Drifter_Crafting_Armor4 [OMOD:008CD1B9] | mod_Legendary_Armor4_BattleLoaders [OMOD:00792A28]
0080CFB4	HIDE_LegendaryItems_Drifter_Weapons_Ranged_Rank4	0	First Star Slot	007904EA	modcol_Legendary_Crafting_Weapon1	Random Legendary Mod	modcol_Legendary_Crafting_Weapon1 [OMOD:007904EA] | mod_Legendary_Weapon1_AntiArmor [OMOD:005281B4] | mod_Legendary_Weapon1_Medic [OMOD:0075EAC6] | mod_Legendary_Weapon1_DamageAddiction [OMOD:004F6AAB] | mod_Legendary_Weapon1_DamageFirstBlood [OMOD:004F6AA5] | mod_Legendary_Weapon1_DamageInverseHealth [OMOD:004F6AA0] | mod_Legendary_Weapon1_DamageNight [OMOD:004F6AAE] | mod_Legendary_Weapon1_DamageUnarmored [OMOD:004F6AA7] | mod_Legendary_Weapon1_DamageViaCaps [OMOD:00606B71] | mod_Legendary_Weapon1_DamageViaHealth [OMOD:00606B73] | mod_Legendary_Weapon1_DebuffDamage [OMOD:005281B8] | mod_Legendary_Weapon1_DmgConsecutiveHits [OMOD:004F577D] | mod_Legendary_Weapon1_DmgVsAnimals [OMOD:004F577A] | mod_Legendary_Weapon1_DmgVsBugs [OMOD:001F81EB] | mod_Legendary_Weapon1_DmgVsGhouls [OMOD:004F5779] | mod_Legendary_Weapon1_DmgVsPlayers [OMOD:004F5770] | mod_Legendary_Weapon1_DmgVsRobots [OMOD:004F577C] | mod_Legendary_Weapon1_DmgVsScorched [OMOD:004ED02B] | mod_Legendary_Weapon1_DmgVsSupermutants [OMOD:004F577B] | mod_Legendary_Weapon1_DmgWithMutation [OMOD:005299F5] | mod_Legendary_Weapon1_Execute [OMOD:004F6AA1] | mod_Legendary_Weapon1_Gourmand [OMOD:006069F2] | mod_Legendary_Weapon1_Guns_AccuracyNotInCombat [OMOD:004F6D77] | mod_Legendary_Weapon1_Guns_AmmoCapacity4x [OMOD:004F6AB1] | mod_Legendary_Weapon1_Guns_TwoShot [OMOD:004F6D76] | mod_Legendary_Weapon1_Vampire [OMOD:00527F84]
0080CFB4	HIDE_LegendaryItems_Drifter_Weapons_Ranged_Rank4	1	First Star Slot	007904EB	modcol_Legendary_Crafting_Weapon2	Random Legendary Mod	modcol_Legendary_Crafting_Weapon2 [OMOD:007904EB] | mod_Legendary_Weapon2_APViaKill [OMOD:00606B72] | mod_Legendary_Weapon2_DmgCrits [OMOD:0052414B] | mod_Legendary_Weapon2_DmgLimbs [OMOD:004ED02C] | mod_Legendary_Weapon2_Guns_Bashing [OMOD:005299F9] | mod_Legendary_Weapon2_Guns_DmgSights [OMOD:0052414E] | mod_Legendary_Weapon2_Guns_ExplosiveBullets [OMOD:004F5771] | mod_Legendary_Weapon2_Guns_LastShot [OMOD:006069EC] | mod_Legendary_Weapon2_Guns_RoF [OMOD:0052414F] | mod_Legendary_Weapon2_Guns_VATSAccuracy [OMOD:00524153] | mod_Legendary_Weapon2_Melee_BlockReflects [OMOD:001A7C39] | mod_Legendary_Weapon2_Melee_DamagePowerAttack [OMOD:001A7BE2] | mod_Legendary_Weapon2_Melee_Steady [OMOD:00606C8D] | mod_Legendary_Weapon2_Melee_SwingSpeed [OMOD:001A7BDA]
0080CFB4	HIDE_LegendaryItems_Drifter_Weapons_Ranged_Rank4	2	First Star Slot	007904EC	modcol_Legendary_Crafting_Weapon3	Random Legendary Mod	modcol_Legendary_Crafting_Weapon3 [OMOD:007904EC] | mod_Legendary_Weapon3_CritSpeed [OMOD:0052414C] | mod_Legendary_Weapon3_Durability [OMOD:0037F7D9] | mod_Legendary_Weapon3_Guns_CloakOnHit [OMOD:00609E4F] | mod_Legendary_Weapon3_Guns_MoveSpeedSights [OMOD:004ED02E] | mod_Legendary_Weapon3_Guns_ReloadSpeed [OMOD:00524150] | mod_Legendary_Weapon3_Guns_ResistReload [OMOD:004F5777] | mod_Legendary_Weapon3_Guns_ResistSights [OMOD:004F5772] | mod_Legendary_Weapon3_StatPerception [OMOD:005299FA] | mod_Legendary_Weapon3_Melee_LessDamageBlock [OMOD:005253FB] | mod_Legendary_Weapon3_Melee_Defenders [OMOD:001A7BD3] | mod_Legendary_Weapon3_StatEndurance [OMOD:005299FD] | mod_Legendary_Weapon3_StatStrength [OMOD:005299FC] | mod_Legendary_Weapon3_StatAgility [OMOD:005299FB] | mod_Legendary_Weapon3_VATSCostAP [OMOD:00524154] | mod_Legendary_Weapon3_Weight [OMOD:00524152] | mod_Legendary_Weapon3_StatCharisma [OMOD:0079AD67] | mod_Legendary_Weapon3_StatIntelligence [OMOD:0079AD68] | mod_Legendary_Weapon3_StatLuck [OMOD:0079AD69]
0080CFB4	HIDE_LegendaryItems_Drifter_Weapons_Ranged_Rank4	3	First Star Slot	008CD1BB	HIDE_modcol_Legendary_Drifter_Crafting_Weapon4	Random Legendary Mod	HIDE_modcol_Legendary_Drifter_Crafting_Weapon4 [OMOD:008CD1BB] | mod_Legendary_Weapon4_Guns_Stabilizers [OMOD:007AC88D] | mod_Legendary_Weapon4_Icemens [OMOD:00792985] | mod_Legendary_Weapon4_Polished [OMOD:00792979] | HIDE_mod_Legendary_Weapon4_Guns_SightSeers [OMOD:00811F96] | HIDE_mod_Legendary_Weapon4_Melee_Brutalists [OMOD:0080FC2E]
0080CFB5	HIDE_LegendaryItems_Drifter_Weapons_Melee_Rank4	0	First Star Slot	007904EA	modcol_Legendary_Crafting_Weapon1	Random Legendary Mod	modcol_Legendary_Crafting_Weapon1 [OMOD:007904EA] | mod_Legendary_Weapon1_AntiArmor [OMOD:005281B4] | mod_Legendary_Weapon1_Medic [OMOD:0075EAC6] | mod_Legendary_Weapon1_DamageAddiction [OMOD:004F6AAB] | mod_Legendary_Weapon1_DamageFirstBlood [OMOD:004F6AA5] | mod_Legendary_Weapon1_DamageInverseHealth [OMOD:004F6AA0] | mod_Legendary_Weapon1_DamageNight [OMOD:004F6AAE] | mod_Legendary_Weapon1_DamageUnarmored [OMOD:004F6AA7] | mod_Legendary_Weapon1_DamageViaCaps [OMOD:00606B71] | mod_Legendary_Weapon1_DamageViaHealth [OMOD:00606B73] | mod_Legendary_Weapon1_DebuffDamage [OMOD:005281B8] | mod_Legendary_Weapon1_DmgConsecutiveHits [OMOD:004F577D] | mod_Legendary_Weapon1_DmgVsAnimals [OMOD:004F577A] | mod_Legendary_Weapon1_DmgVsBugs [OMOD:001F81EB] | mod_Legendary_Weapon1_DmgVsGhouls [OMOD:004F5779] | mod_Legendary_Weapon1_DmgVsPlayers [OMOD:004F5770] | mod_Legendary_Weapon1_DmgVsRobots [OMOD:004F577C] | mod_Legendary_Weapon1_DmgVsScorched [OMOD:004ED02B] | mod_Legendary_Weapon1_DmgVsSupermutants [OMOD:004F577B] | mod_Legendary_Weapon1_DmgWithMutation [OMOD:005299F5] | mod_Legendary_Weapon1_Execute [OMOD:004F6AA1] | mod_Legendary_Weapon1_Gourmand [OMOD:006069F2] | mod_Legendary_Weapon1_Guns_AccuracyNotInCombat [OMOD:004F6D77] | mod_Legendary_Weapon1_Guns_AmmoCapacity4x [OMOD:004F6AB1] | mod_Legendary_Weapon1_Guns_TwoShot [OMOD:004F6D76] | mod_Legendary_Weapon1_Vampire [OMOD:00527F84]
0080CFB5	HIDE_LegendaryItems_Drifter_Weapons_Melee_Rank4	1	First Star Slot	007904EB	modcol_Legendary_Crafting_Weapon2	Random Legendary Mod	modcol_Legendary_Crafting_Weapon2 [OMOD:007904EB] | mod_Legendary_Weapon2_APViaKill [OMOD:00606B72] | mod_Legendary_Weapon2_DmgCrits [OMOD:0052414B] | mod_Legendary_Weapon2_DmgLimbs [OMOD:004ED02C] | mod_Legendary_Weapon2_Guns_Bashing [OMOD:005299F9] | mod_Legendary_Weapon2_Guns_DmgSights [OMOD:0052414E] | mod_Legendary_Weapon2_Guns_ExplosiveBullets [OMOD:004F5771] | mod_Legendary_Weapon2_Guns_LastShot [OMOD:006069EC] | mod_Legendary_Weapon2_Guns_RoF [OMOD:0052414F] | mod_Legendary_Weapon2_Guns_VATSAccuracy [OMOD:00524153] | mod_Legendary_Weapon2_Melee_BlockReflects [OMOD:001A7C39] | mod_Legendary_Weapon2_Melee_DamagePowerAttack [OMOD:001A7BE2] | mod_Legendary_Weapon2_Melee_Steady [OMOD:00606C8D] | mod_Legendary_Weapon2_Melee_SwingSpeed [OMOD:001A7BDA]
0080CFB5	HIDE_LegendaryItems_Drifter_Weapons_Melee_Rank4	2	First Star Slot	007904EC	modcol_Legendary_Crafting_Weapon3	Random Legendary Mod	modcol_Legendary_Crafting_Weapon3 [OMOD:007904EC] | mod_Legendary_Weapon3_CritSpeed [OMOD:0052414C] | mod_Legendary_Weapon3_Durability [OMOD:0037F7D9] | mod_Legendary_Weapon3_Guns_CloakOnHit [OMOD:00609E4F] | mod_Legendary_Weapon3_Guns_MoveSpeedSights [OMOD:004ED02E] | mod_Legendary_Weapon3_Guns_ReloadSpeed [OMOD:00524150] | mod_Legendary_Weapon3_Guns_ResistReload [OMOD:004F5777] | mod_Legendary_Weapon3_Guns_ResistSights [OMOD:004F5772] | mod_Legendary_Weapon3_StatPerception [OMOD:005299FA] | mod_Legendary_Weapon3_Melee_LessDamageBlock [OMOD:005253FB] | mod_Legendary_Weapon3_Melee_Defenders [OMOD:001A7BD3] | mod_Legendary_Weapon3_StatEndurance [OMOD:005299FD] | mod_Legendary_Weapon3_StatStrength [OMOD:005299FC] | mod_Legendary_Weapon3_StatAgility [OMOD:005299FB] | mod_Legendary_Weapon3_VATSCostAP [OMOD:00524154] | mod_Legendary_Weapon3_Weight [OMOD:00524152] | mod_Legendary_Weapon3_StatCharisma [OMOD:0079AD67] | mod_Legendary_Weapon3_StatIntelligence [OMOD:0079AD68] | mod_Legendary_Weapon3_StatLuck [OMOD:0079AD69]
0080CFB5	HIDE_LegendaryItems_Drifter_Weapons_Melee_Rank4	3	First Star Slot	008CD1BB	HIDE_modcol_Legendary_Drifter_Crafting_Weapon4	Random Legendary Mod	HIDE_modcol_Legendary_Drifter_Crafting_Weapon4 [OMOD:008CD1BB] | mod_Legendary_Weapon4_Guns_Stabilizers [OMOD:007AC88D] | mod_Legendary_Weapon4_Icemens [OMOD:00792985] | mod_Legendary_Weapon4_Polished [OMOD:00792979] | HIDE_mod_Legendary_Weapon4_Guns_SightSeers [OMOD:00811F96] | HIDE_mod_Legendary_Weapon4_Melee_Brutalists [OMOD:0080FC2E]
00843ED7	RD01_LegendaryItems_RaidsWeeklyLegendaryReward_Armor_Rank4	0	First Star Slot	007904ED	modcol_Legendary_Crafting_Armor1	Random Legendary Mod	modcol_Legendary_Crafting_Armor1 [OMOD:007904ED] | mod_Legendary_Armor1_AutoRevive [OMOD:00529A0F] | mod_Legendary_Armor1_Chameleon [OMOD:00524146] | mod_Legendary_Armor1_CloakOnMelee [OMOD:00524147] | mod_Legendary_Armor1_HealthRegen [OMOD:00529A09] | mod_Legendary_Armor1_LessDMGAnimals [OMOD:004F6D7D] | mod_Legendary_Armor1_LessDMGBugs [OMOD:004F6D7C] | mod_Legendary_Armor1_LessDMGGhouls [OMOD:004F6D7E] | mod_Legendary_Armor1_LessDMGPlayers [OMOD:004F6D78] | mod_Legendary_Armor1_LessDMGRobots [OMOD:004F6D7F] | mod_Legendary_Armor1_LessDmgScorched [OMOD:004EE548] | mod_Legendary_Armor1_LessDMGSuperMutants [OMOD:004F6D80] | mod_Legendary_Armor1_LowHealthIncreasesStats [OMOD:0052414A] | mod_Legendary_Armor1_LowHealthTriggersStimpak [OMOD:00521915] | mod_Legendary_Armor1_Overeater [OMOD:00606C84] | mod_Legendary_Armor1_ResistancesInverseHealth [OMOD:00521914] | mod_Legendary_Armor1_ResistancesMutation [OMOD:00529A0C] | mod_Legendary_Armor1_ResistancesNight [OMOD:00524143] | mod_Legendary_Armor1_ResistancesProportionalCaps [OMOD:0060893C] | mod_Legendary_Armor1_ResistancesProportionalHealth [OMOD:00529A05] | mod_Legendary_Armor1_Heavyweight [OMOD:00529A14]
00843ED7	RD01_LegendaryItems_RaidsWeeklyLegendaryReward_Armor_Rank4	1	First Star Slot	007904EE	modcol_Legendary_Crafting_Armor2	Random Legendary Mod	modcol_Legendary_Crafting_Armor2 [OMOD:007904EE] | mod_Legendary_Armor2_APRegen [OMOD:00527F75] | mod_Legendary_Armor2_CryoResistance [OMOD:00606B6F] | mod_Legendary_Armor2_DiseaseResistance [OMOD:00527F72] | mod_Legendary_Armor2_Fireproof [OMOD:00606B39] | mod_Legendary_Armor2_Glutton [OMOD:006069A6] | mod_Legendary_Armor2_PoisonResistance [OMOD:00527F6E] | mod_Legendary_Armor2_RadResistance [OMOD:00527F6F] | mod_Legendary_Armor2_ReduceExplosionDamage [OMOD:00609E4E] | mod_Legendary_Armor2_StatAgility [OMOD:004F6D85] | mod_Legendary_Armor2_StatCharisma [OMOD:004F6D83] | mod_Legendary_Armor2_StatEndurance [OMOD:004F6D82] | mod_Legendary_Armor2_StatIntelligence [OMOD:004F6D84] | mod_Legendary_Armor2_StatLuck [OMOD:004F6D86] | mod_Legendary_Armor2_StatPerception [OMOD:004F6D81] | mod_Legendary_Armor2_StatStrength [OMOD:004EE54E]
00843ED7	RD01_LegendaryItems_RaidsWeeklyLegendaryReward_Armor_Rank4	2	First Star Slot	007904EF	modcol_Legendary_Crafting_Armor3	Random Legendary Mod	modcol_Legendary_Crafting_Armor3 [OMOD:007904EF] | mod_Legendary_Armor3_Burning [OMOD:00608371] | mod_Legendary_Armor3_Durability [OMOD:0052BDBA] | mod_Legendary_Armor3_Electrified [OMOD:00608373] | mod_Legendary_Armor3_Frozen [OMOD:00608372] | mod_Legendary_Armor3_IncreaseHealing [OMOD:00609C46] | mod_Legendary_Armor3_Defenders [OMOD:00527F76] | mod_Legendary_Armor3_LessDamageSprinting [OMOD:00527F77] | mod_Legendary_Armor3_LessDamageStandStill [OMOD:004EE54C] | mod_Legendary_Armor3_LessFallDamage [OMOD:00527F79] | mod_Legendary_Armor3_LockPick [OMOD:00527F7B] | mod_Legendary_Armor3_RadsRegen [OMOD:00606B6D] | mod_Legendary_Armor3_ReducedLimbDamage [OMOD:0052BDBC] | mod_Legendary_Armor3_Sneak [OMOD:0052BDB7] | mod_Legendary_Armor3_Toxic [OMOD:00608370] | mod_Legendary_Armor3_Waterbreathing [OMOD:00527F7A] | mod_Legendary_Armor3_WeightAmmo [OMOD:0052BDB4] | mod_Legendary_Armor3_WeightFoodDrinkChems [OMOD:0052BDB5] | mod_Legendary_Armor3_WeightJunk [OMOD:0052BDB6] | mod_Legendary_Armor3_WeightWeapons [OMOD:00527F78]
00843ED7	RD01_LegendaryItems_RaidsWeeklyLegendaryReward_Armor_Rank4	3	First Star Slot	007A0D36	modcol_Legendary_Crafting_Armor4	Random Legendary Mod	modcol_Legendary_Crafting_Armor4 [OMOD:007A0D36] | mod_Legendary_Armor4_BattleLoaders [OMOD:00792A28] | mod_Legendary_Armor4_Bruiser [OMOD:00792A2A] | mod_Legendary_Armor4_LimitBreak [OMOD:00792A2D] | mod_Legendary_Armor4_Miasma [OMOD:00792A2E] | mod_Legendary_Armor4_Sawbones [OMOD:00792984] | mod_Legendary_Armor4_Ranger [OMOD:00792A34] | mod_Legendary_Armor4_Runner [OMOD:00792A36] | mod_Legendary_Armor4_Tanky [OMOD:00792A39]
00843ED8	RD01_LegendaryItems_RaidsWeeklyLegendaryReward_PowerArmor_Rank4	0	First Star Slot	007904F0	modcol_Legendary_Crafting_PowerArmor1	Random Legendary Mod	modcol_Legendary_Crafting_PowerArmor1 [OMOD:007904F0] | mod_Legendary_PowerArmor1_Chameleon [OMOD:00606268] | mod_Legendary_PowerArmor1_CloakOnMelee [OMOD:00606269] | mod_Legendary_PowerArmor1_HealthRegen [OMOD:0060625D] | mod_Legendary_PowerArmor1_LessDMGAnimals [OMOD:00606274] | mod_Legendary_PowerArmor1_LessDMGBugs [OMOD:00606266] | mod_Legendary_PowerArmor1_LessDMGGhouls [OMOD:0060625E] | mod_Legendary_PowerArmor1_LessDMGPlayers [OMOD:00606259] | mod_Legendary_PowerArmor1_LessDMGRobots [OMOD:00606275] | mod_Legendary_PowerArmor1_LessDmgScorched [OMOD:0060626D] | mod_Legendary_PowerArmor1_LessDMGSuperMutants [OMOD:00606265] | mod_Legendary_PowerArmor1_LowHealthTriggersStimpak [OMOD:0060625F] | mod_Legendary_PowerArmor1_Overeater [OMOD:00606DE3] | mod_Legendary_PowerArmor1_ResistancesInverseHealth [OMOD:00606257] | mod_Legendary_PowerArmor1_ResistancesMutation [OMOD:00606253] | mod_Legendary_PowerArmor1_ResistancesNight [OMOD:0060625B] | mod_Legendary_PowerArmor1_ResistancesProportionalCaps [OMOD:0060893D] | mod_Legendary_PowerArmor1_ResistancesProportionalHealth [OMOD:00606276]
00843ED8	RD01_LegendaryItems_RaidsWeeklyLegendaryReward_PowerArmor_Rank4	1	First Star Slot	007904F1	modcol_Legendary_Crafting_PowerArmor2	Random Legendary Mod	modcol_Legendary_Crafting_PowerArmor2 [OMOD:007904F1] | mod_Legendary_PowerArmor2_APRegen [OMOD:0060626E] | mod_Legendary_PowerArmor2_CryoResistance [OMOD:00606B70] | mod_Legendary_PowerArmor2_DiseaseResistance [OMOD:0060626A] | mod_Legendary_PowerArmor2_Fireproof [OMOD:00606B3A] | mod_Legendary_PowerArmor2_Glutton [OMOD:006069A7] | mod_Legendary_PowerArmor2_PoisonResistance [OMOD:00606267] | mod_Legendary_PowerArmor2_RadResistance [OMOD:00606264] | mod_Legendary_PowerArmor2_ReduceExplosionDamage [OMOD:00609E50] | mod_Legendary_PowerArmor2_StatAgility [OMOD:00606263] | mod_Legendary_PowerArmor2_StatCharisma [OMOD:00606261] | mod_Legendary_PowerArmor2_StatEndurance [OMOD:00606260] | mod_Legendary_PowerArmor2_StatIntelligence [OMOD:00606256] | mod_Legendary_PowerArmor2_StatLuck [OMOD:00606255] | mod_Legendary_PowerArmor2_StatPerception [OMOD:00606258] | mod_Legendary_PowerArmor2_StatStrength [OMOD:00606254]
00843ED8	RD01_LegendaryItems_RaidsWeeklyLegendaryReward_PowerArmor_Rank4	2	First Star Slot	007904F2	modcol_Legendary_Crafting_PowerArmor3	Random Legendary Mod	modcol_Legendary_Crafting_PowerArmor3 [OMOD:007904F2] | mod_Legendary_PowerArmor3_Burning [OMOD:00608376] | mod_Legendary_PowerArmor3_Durability [OMOD:0060625A] | mod_Legendary_PowerArmor3_Electrified [OMOD:00608374] | mod_Legendary_PowerArmor3_Frozen [OMOD:00608377] | mod_Legendary_PowerArmor3_IncreaseHealing [OMOD:00609C45] | mod_Legendary_PowerArmor3_Defenders [OMOD:00606252] | mod_Legendary_PowerArmor3_LessDamageSprinting [OMOD:0060625C] | mod_Legendary_PowerArmor3_LessDamageStandStill [OMOD:00606277] | mod_Legendary_PowerArmor3_LockPick [OMOD:00606273] | mod_Legendary_PowerArmor3_RadsRegen [OMOD:00606B6E] | mod_Legendary_PowerArmor3_Toxic [OMOD:00608375] | mod_Legendary_PowerArmor3_WeightAmmo [OMOD:00606270] | mod_Legendary_PowerArmor3_WeightFoodDrinkChems [OMOD:0060626F] | mod_Legendary_PowerArmor3_WeightJunk [OMOD:0060626C] | mod_Legendary_PowerArmor3_WeightWeapons [OMOD:0060626B]
00843ED8	RD01_LegendaryItems_RaidsWeeklyLegendaryReward_PowerArmor_Rank4	3	First Star Slot	007A0D34	modcol_Legendary_Crafting_PowerArmor4	Random Legendary Mod	modcol_Legendary_Crafting_PowerArmor4 [OMOD:007A0D34] | mod_Legendary_PowerArmor4_Aegis [OMOD:007ACE4F] | mod_Legendary_PowerArmor4_BattleLoaders [OMOD:007A74C2] | mod_Legendary_PowerArmor4_Bruiser [OMOD:007A74CD] | mod_Legendary_PowerArmor4_ChooChoo [OMOD:00792A2B] | mod_Legendary_PowerArmor4_LimitBreak [OMOD:007A74C6] | mod_Legendary_PowerArmor4_Miasma [OMOD:007A74C4] | mod_Legendary_PowerArmor4_Sawbones [OMOD:007A74D0] | mod_Legendary_PowerArmor4_Propelling [OMOD:00792A29] | mod_Legendary_PowerArmor4_RadioactivePowered [OMOD:00792A33] | mod_Legendary_PowerArmor4_Ranger [OMOD:007A74CE] | mod_Legendary_PowerArmor4_Reflective [OMOD:00792A35] | mod_Legendary_PowerArmor4_Rejuvenators [OMOD:007ACD6E] | mod_Legendary_PowerArmor4_Runner [OMOD:007A74CB] | mod_Legendary_PowerArmor4_Scanners [OMOD:00792A3A] | mod_Legendary_PowerArmor4_Stalwarts [OMOD:007ACEB2] | mod_Legendary_PowerArmor4_Tanky [OMOD:007A74C7]
00843ED9	RD01_LegendaryItems_RaidsWeeklyLegendaryReward_Weapons_Melee_Rank4	0	First Star Slot	007904EA	modcol_Legendary_Crafting_Weapon1	Random Legendary Mod	modcol_Legendary_Crafting_Weapon1 [OMOD:007904EA] | mod_Legendary_Weapon1_AntiArmor [OMOD:005281B4] | mod_Legendary_Weapon1_Medic [OMOD:0075EAC6] | mod_Legendary_Weapon1_DamageAddiction [OMOD:004F6AAB] | mod_Legendary_Weapon1_DamageFirstBlood [OMOD:004F6AA5] | mod_Legendary_Weapon1_DamageInverseHealth [OMOD:004F6AA0] | mod_Legendary_Weapon1_DamageNight [OMOD:004F6AAE] | mod_Legendary_Weapon1_DamageUnarmored [OMOD:004F6AA7] | mod_Legendary_Weapon1_DamageViaCaps [OMOD:00606B71] | mod_Legendary_Weapon1_DamageViaHealth [OMOD:00606B73] | mod_Legendary_Weapon1_DebuffDamage [OMOD:005281B8] | mod_Legendary_Weapon1_DmgConsecutiveHits [OMOD:004F577D] | mod_Legendary_Weapon1_DmgVsAnimals [OMOD:004F577A] | mod_Legendary_Weapon1_DmgVsBugs [OMOD:001F81EB] | mod_Legendary_Weapon1_DmgVsGhouls [OMOD:004F5779] | mod_Legendary_Weapon1_DmgVsPlayers [OMOD:004F5770] | mod_Legendary_Weapon1_DmgVsRobots [OMOD:004F577C] | mod_Legendary_Weapon1_DmgVsScorched [OMOD:004ED02B] | mod_Legendary_Weapon1_DmgVsSupermutants [OMOD:004F577B] | mod_Legendary_Weapon1_DmgWithMutation [OMOD:005299F5] | mod_Legendary_Weapon1_Execute [OMOD:004F6AA1] | mod_Legendary_Weapon1_Gourmand [OMOD:006069F2] | mod_Legendary_Weapon1_Guns_AccuracyNotInCombat [OMOD:004F6D77] | mod_Legendary_Weapon1_Guns_AmmoCapacity4x [OMOD:004F6AB1] | mod_Legendary_Weapon1_Guns_TwoShot [OMOD:004F6D76] | mod_Legendary_Weapon1_Vampire [OMOD:00527F84]
00843ED9	RD01_LegendaryItems_RaidsWeeklyLegendaryReward_Weapons_Melee_Rank4	1	First Star Slot	007904EB	modcol_Legendary_Crafting_Weapon2	Random Legendary Mod	modcol_Legendary_Crafting_Weapon2 [OMOD:007904EB] | mod_Legendary_Weapon2_APViaKill [OMOD:00606B72] | mod_Legendary_Weapon2_DmgCrits [OMOD:0052414B] | mod_Legendary_Weapon2_DmgLimbs [OMOD:004ED02C] | mod_Legendary_Weapon2_Guns_Bashing [OMOD:005299F9] | mod_Legendary_Weapon2_Guns_DmgSights [OMOD:0052414E] | mod_Legendary_Weapon2_Guns_ExplosiveBullets [OMOD:004F5771] | mod_Legendary_Weapon2_Guns_LastShot [OMOD:006069EC] | mod_Legendary_Weapon2_Guns_RoF [OMOD:0052414F] | mod_Legendary_Weapon2_Guns_VATSAccuracy [OMOD:00524153] | mod_Legendary_Weapon2_Melee_BlockReflects [OMOD:001A7C39] | mod_Legendary_Weapon2_Melee_DamagePowerAttack [OMOD:001A7BE2] | mod_Legendary_Weapon2_Melee_Steady [OMOD:00606C8D] | mod_Legendary_Weapon2_Melee_SwingSpeed [OMOD:001A7BDA]
00843ED9	RD01_LegendaryItems_RaidsWeeklyLegendaryReward_Weapons_Melee_Rank4	2	First Star Slot	007904EC	modcol_Legendary_Crafting_Weapon3	Random Legendary Mod	modcol_Legendary_Crafting_Weapon3 [OMOD:007904EC] | mod_Legendary_Weapon3_CritSpeed [OMOD:0052414C] | mod_Legendary_Weapon3_Durability [OMOD:0037F7D9] | mod_Legendary_Weapon3_Guns_CloakOnHit [OMOD:00609E4F] | mod_Legendary_Weapon3_Guns_MoveSpeedSights [OMOD:004ED02E] | mod_Legendary_Weapon3_Guns_ReloadSpeed [OMOD:00524150] | mod_Legendary_Weapon3_Guns_ResistReload [OMOD:004F5777] | mod_Legendary_Weapon3_Guns_ResistSights [OMOD:004F5772] | mod_Legendary_Weapon3_StatPerception [OMOD:005299FA] | mod_Legendary_Weapon3_Melee_LessDamageBlock [OMOD:005253FB] | mod_Legendary_Weapon3_Melee_Defenders [OMOD:001A7BD3] | mod_Legendary_Weapon3_StatEndurance [OMOD:005299FD] | mod_Legendary_Weapon3_StatStrength [OMOD:005299FC] | mod_Legendary_Weapon3_StatAgility [OMOD:005299FB] | mod_Legendary_Weapon3_VATSCostAP [OMOD:00524154] | mod_Legendary_Weapon3_Weight [OMOD:00524152] | mod_Legendary_Weapon3_StatCharisma [OMOD:0079AD67] | mod_Legendary_Weapon3_StatIntelligence [OMOD:0079AD68] | mod_Legendary_Weapon3_StatLuck [OMOD:0079AD69]
00843ED9	RD01_LegendaryItems_RaidsWeeklyLegendaryReward_Weapons_Melee_Rank4	3	First Star Slot	007A0D35	modcol_Legendary_Crafting_Weapon4	Random Legendary Mod	modcol_Legendary_Crafting_Weapon4 [OMOD:007A0D35] | mod_Legendary_Weapon4_Bully [OMOD:0079298C] | mod_Legendary_Weapon4_Conductors [OMOD:007ACB0B] | mod_Legendary_Weapon4_Encirclers [OMOD:007ACBF5] | mod_Legendary_Weapon4_Fracturers [OMOD:00792983] | mod_Legendary_Weapon4_Guns_Electricians [OMOD:0079297C] | mod_Legendary_Weapon4_Guns_PinPointers [OMOD:007ACA07] | mod_Legendary_Weapon4_Guns_Stabilizers [OMOD:007AC88D] | mod_Legendary_Weapon4_Melee_ComboBreaker [OMOD:00792982] | mod_Legendary_Weapon4_Melee_Fencers [OMOD:007ACBF4] | mod_Legendary_Weapon4_Icemens [OMOD:00792985] | mod_Legendary_Weapon4_Melee_Pounders [OMOD:007ACB3E] | mod_Legendary_Weapon4_Melee_Charged [OMOD:00885C6A] | mod_Legendary_Weapon4_Polished [OMOD:00792979] | mod_Legendary_Weapon4_Pyromaniac [OMOD:0079297F] | mod_Legendary_Weapon4_Vipers [OMOD:0079297A]
00843EDA	RD01_LegendaryItems_RaidsWeeklyLegendaryReward_Weapons_Ranged_Rank4	0	First Star Slot	007904EA	modcol_Legendary_Crafting_Weapon1	Random Legendary Mod	modcol_Legendary_Crafting_Weapon1 [OMOD:007904EA] | mod_Legendary_Weapon1_AntiArmor [OMOD:005281B4] | mod_Legendary_Weapon1_Medic [OMOD:0075EAC6] | mod_Legendary_Weapon1_DamageAddiction [OMOD:004F6AAB] | mod_Legendary_Weapon1_DamageFirstBlood [OMOD:004F6AA5] | mod_Legendary_Weapon1_DamageInverseHealth [OMOD:004F6AA0] | mod_Legendary_Weapon1_DamageNight [OMOD:004F6AAE] | mod_Legendary_Weapon1_DamageUnarmored [OMOD:004F6AA7] | mod_Legendary_Weapon1_DamageViaCaps [OMOD:00606B71] | mod_Legendary_Weapon1_DamageViaHealth [OMOD:00606B73] | mod_Legendary_Weapon1_DebuffDamage [OMOD:005281B8] | mod_Legendary_Weapon1_DmgConsecutiveHits [OMOD:004F577D] | mod_Legendary_Weapon1_DmgVsAnimals [OMOD:004F577A] | mod_Legendary_Weapon1_DmgVsBugs [OMOD:001F81EB] | mod_Legendary_Weapon1_DmgVsGhouls [OMOD:004F5779] | mod_Legendary_Weapon1_DmgVsPlayers [OMOD:004F5770] | mod_Legendary_Weapon1_DmgVsRobots [OMOD:004F577C] | mod_Legendary_Weapon1_DmgVsScorched [OMOD:004ED02B] | mod_Legendary_Weapon1_DmgVsSupermutants [OMOD:004F577B] | mod_Legendary_Weapon1_DmgWithMutation [OMOD:005299F5] | mod_Legendary_Weapon1_Execute [OMOD:004F6AA1] | mod_Legendary_Weapon1_Gourmand [OMOD:006069F2] | mod_Legendary_Weapon1_Guns_AccuracyNotInCombat [OMOD:004F6D77] | mod_Legendary_Weapon1_Guns_AmmoCapacity4x [OMOD:004F6AB1] | mod_Legendary_Weapon1_Guns_TwoShot [OMOD:004F6D76] | mod_Legendary_Weapon1_Vampire [OMOD:00527F84]
00843EDA	RD01_LegendaryItems_RaidsWeeklyLegendaryReward_Weapons_Ranged_Rank4	1	First Star Slot	007904EB	modcol_Legendary_Crafting_Weapon2	Random Legendary Mod	modcol_Legendary_Crafting_Weapon2 [OMOD:007904EB] | mod_Legendary_Weapon2_APViaKill [OMOD:00606B72] | mod_Legendary_Weapon2_DmgCrits [OMOD:0052414B] | mod_Legendary_Weapon2_DmgLimbs [OMOD:004ED02C] | mod_Legendary_Weapon2_Guns_Bashing [OMOD:005299F9] | mod_Legendary_Weapon2_Guns_DmgSights [OMOD:0052414E] | mod_Legendary_Weapon2_Guns_ExplosiveBullets [OMOD:004F5771] | mod_Legendary_Weapon2_Guns_LastShot [OMOD:006069EC] | mod_Legendary_Weapon2_Guns_RoF [OMOD:0052414F] | mod_Legendary_Weapon2_Guns_VATSAccuracy [OMOD:00524153] | mod_Legendary_Weapon2_Melee_BlockReflects [OMOD:001A7C39] | mod_Legendary_Weapon2_Melee_DamagePowerAttack [OMOD:001A7BE2] | mod_Legendary_Weapon2_Melee_Steady [OMOD:00606C8D] | mod_Legendary_Weapon2_Melee_SwingSpeed [OMOD:001A7BDA]
00843EDA	RD01_LegendaryItems_RaidsWeeklyLegendaryReward_Weapons_Ranged_Rank4	2	First Star Slot	007904EC	modcol_Legendary_Crafting_Weapon3	Random Legendary Mod	modcol_Legendary_Crafting_Weapon3 [OMOD:007904EC] | mod_Legendary_Weapon3_CritSpeed [OMOD:0052414C] | mod_Legendary_Weapon3_Durability [OMOD:0037F7D9] | mod_Legendary_Weapon3_Guns_CloakOnHit [OMOD:00609E4F] | mod_Legendary_Weapon3_Guns_MoveSpeedSights [OMOD:004ED02E] | mod_Legendary_Weapon3_Guns_ReloadSpeed [OMOD:00524150] | mod_Legendary_Weapon3_Guns_ResistReload [OMOD:004F5777] | mod_Legendary_Weapon3_Guns_ResistSights [OMOD:004F5772] | mod_Legendary_Weapon3_StatPerception [OMOD:005299FA] | mod_Legendary_Weapon3_Melee_LessDamageBlock [OMOD:005253FB] | mod_Legendary_Weapon3_Melee_Defenders [OMOD:001A7BD3] | mod_Legendary_Weapon3_StatEndurance [OMOD:005299FD] | mod_Legendary_Weapon3_StatStrength [OMOD:005299FC] | mod_Legendary_Weapon3_StatAgility [OMOD:005299FB] | mod_Legendary_Weapon3_VATSCostAP [OMOD:00524154] | mod_Legendary_Weapon3_Weight [OMOD:00524152] | mod_Legendary_Weapon3_StatCharisma [OMOD:0079AD67] | mod_Legendary_Weapon3_StatIntelligence [OMOD:0079AD68] | mod_Legendary_Weapon3_StatLuck [OMOD:0079AD69]
00843EDA	RD01_LegendaryItems_RaidsWeeklyLegendaryReward_Weapons_Ranged_Rank4	3	First Star Slot	007A0D35	modcol_Legendary_Crafting_Weapon4	Random Legendary Mod	modcol_Legendary_Crafting_Weapon4 [OMOD:007A0D35] | mod_Legendary_Weapon4_Bully [OMOD:0079298C] | mod_Legendary_Weapon4_Conductors [OMOD:007ACB0B] | mod_Legendary_Weapon4_Encirclers [OMOD:007ACBF5] | mod_Legendary_Weapon4_Fracturers [OMOD:00792983] | mod_Legendary_Weapon4_Guns_Electricians [OMOD:0079297C] | mod_Legendary_Weapon4_Guns_PinPointers [OMOD:007ACA07] | mod_Legendary_Weapon4_Guns_Stabilizers [OMOD:007AC88D] | mod_Legendary_Weapon4_Melee_ComboBreaker [OMOD:00792982] | mod_Legendary_Weapon4_Melee_Fencers [OMOD:007ACBF4] | mod_Legendary_Weapon4_Icemens [OMOD:00792985] | mod_Legendary_Weapon4_Melee_Pounders [OMOD:007ACB3E] | mod_Legendary_Weapon4_Melee_Charged [OMOD:00885C6A] | mod_Legendary_Weapon4_Polished [OMOD:00792979] | mod_Legendary_Weapon4_Pyromaniac [OMOD:0079297F] | mod_Legendary_Weapon4_Vipers [OMOD:0079297A]
00843ED6	DEL_RD01_LegendaryItems_RaidsWeeklyReward_AllItems_Rank4	0	First Star Slot	007904ED	modcol_Legendary_Crafting_Armor1	Random Legendary Mod	modcol_Legendary_Crafting_Armor1 [OMOD:007904ED] | mod_Legendary_Armor1_AutoRevive [OMOD:00529A0F] | mod_Legendary_Armor1_Chameleon [OMOD:00524146] | mod_Legendary_Armor1_CloakOnMelee [OMOD:00524147] | mod_Legendary_Armor1_HealthRegen [OMOD:00529A09] | mod_Legendary_Armor1_LessDMGAnimals [OMOD:004F6D7D] | mod_Legendary_Armor1_LessDMGBugs [OMOD:004F6D7C] | mod_Legendary_Armor1_LessDMGGhouls [OMOD:004F6D7E] | mod_Legendary_Armor1_LessDMGPlayers [OMOD:004F6D78] | mod_Legendary_Armor1_LessDMGRobots [OMOD:004F6D7F] | mod_Legendary_Armor1_LessDmgScorched [OMOD:004EE548] | mod_Legendary_Armor1_LessDMGSuperMutants [OMOD:004F6D80] | mod_Legendary_Armor1_LowHealthIncreasesStats [OMOD:0052414A] | mod_Legendary_Armor1_LowHealthTriggersStimpak [OMOD:00521915] | mod_Legendary_Armor1_Overeater [OMOD:00606C84] | mod_Legendary_Armor1_ResistancesInverseHealth [OMOD:00521914] | mod_Legendary_Armor1_ResistancesMutation [OMOD:00529A0C] | mod_Legendary_Armor1_ResistancesNight [OMOD:00524143] | mod_Legendary_Armor1_ResistancesProportionalCaps [OMOD:0060893C] | mod_Legendary_Armor1_ResistancesProportionalHealth [OMOD:00529A05] | mod_Legendary_Armor1_Heavyweight [OMOD:00529A14]
00843ED6	DEL_RD01_LegendaryItems_RaidsWeeklyReward_AllItems_Rank4	1	First Star Slot	007904EE	modcol_Legendary_Crafting_Armor2	Random Legendary Mod	modcol_Legendary_Crafting_Armor2 [OMOD:007904EE] | mod_Legendary_Armor2_APRegen [OMOD:00527F75] | mod_Legendary_Armor2_CryoResistance [OMOD:00606B6F] | mod_Legendary_Armor2_DiseaseResistance [OMOD:00527F72] | mod_Legendary_Armor2_Fireproof [OMOD:00606B39] | mod_Legendary_Armor2_Glutton [OMOD:006069A6] | mod_Legendary_Armor2_PoisonResistance [OMOD:00527F6E] | mod_Legendary_Armor2_RadResistance [OMOD:00527F6F] | mod_Legendary_Armor2_ReduceExplosionDamage [OMOD:00609E4E] | mod_Legendary_Armor2_StatAgility [OMOD:004F6D85] | mod_Legendary_Armor2_StatCharisma [OMOD:004F6D83] | mod_Legendary_Armor2_StatEndurance [OMOD:004F6D82] | mod_Legendary_Armor2_StatIntelligence [OMOD:004F6D84] | mod_Legendary_Armor2_StatLuck [OMOD:004F6D86] | mod_Legendary_Armor2_StatPerception [OMOD:004F6D81] | mod_Legendary_Armor2_StatStrength [OMOD:004EE54E]
00843ED6	DEL_RD01_LegendaryItems_RaidsWeeklyReward_AllItems_Rank4	2	First Star Slot	007904EF	modcol_Legendary_Crafting_Armor3	Random Legendary Mod	modcol_Legendary_Crafting_Armor3 [OMOD:007904EF] | mod_Legendary_Armor3_Burning [OMOD:00608371] | mod_Legendary_Armor3_Durability [OMOD:0052BDBA] | mod_Legendary_Armor3_Electrified [OMOD:00608373] | mod_Legendary_Armor3_Frozen [OMOD:00608372] | mod_Legendary_Armor3_IncreaseHealing [OMOD:00609C46] | mod_Legendary_Armor3_Defenders [OMOD:00527F76] | mod_Legendary_Armor3_LessDamageSprinting [OMOD:00527F77] | mod_Legendary_Armor3_LessDamageStandStill [OMOD:004EE54C] | mod_Legendary_Armor3_LessFallDamage [OMOD:00527F79] | mod_Legendary_Armor3_LockPick [OMOD:00527F7B] | mod_Legendary_Armor3_RadsRegen [OMOD:00606B6D] | mod_Legendary_Armor3_ReducedLimbDamage [OMOD:0052BDBC] | mod_Legendary_Armor3_Sneak [OMOD:0052BDB7] | mod_Legendary_Armor3_Toxic [OMOD:00608370] | mod_Legendary_Armor3_Waterbreathing [OMOD:00527F7A] | mod_Legendary_Armor3_WeightAmmo [OMOD:0052BDB4] | mod_Legendary_Armor3_WeightFoodDrinkChems [OMOD:0052BDB5] | mod_Legendary_Armor3_WeightJunk [OMOD:0052BDB6] | mod_Legendary_Armor3_WeightWeapons [OMOD:00527F78]
00843ED6	DEL_RD01_LegendaryItems_RaidsWeeklyReward_AllItems_Rank4	3	First Star Slot	007A0D36	modcol_Legendary_Crafting_Armor4	Random Legendary Mod	modcol_Legendary_Crafting_Armor4 [OMOD:007A0D36] | mod_Legendary_Armor4_BattleLoaders [OMOD:00792A28] | mod_Legendary_Armor4_Bruiser [OMOD:00792A2A] | mod_Legendary_Armor4_LimitBreak [OMOD:00792A2D] | mod_Legendary_Armor4_Miasma [OMOD:00792A2E] | mod_Legendary_Armor4_Sawbones [OMOD:00792984] | mod_Legendary_Armor4_Ranger [OMOD:00792A34] | mod_Legendary_Armor4_Runner [OMOD:00792A36] | mod_Legendary_Armor4_Tanky [OMOD:00792A39]
00843ED6	DEL_RD01_LegendaryItems_RaidsWeeklyReward_AllItems_Rank4	4	First Star Slot	007904F0	modcol_Legendary_Crafting_PowerArmor1	Random Legendary Mod	modcol_Legendary_Crafting_PowerArmor1 [OMOD:007904F0] | mod_Legendary_PowerArmor1_Chameleon [OMOD:00606268] | mod_Legendary_PowerArmor1_CloakOnMelee [OMOD:00606269] | mod_Legendary_PowerArmor1_HealthRegen [OMOD:0060625D] | mod_Legendary_PowerArmor1_LessDMGAnimals [OMOD:00606274] | mod_Legendary_PowerArmor1_LessDMGBugs [OMOD:00606266] | mod_Legendary_PowerArmor1_LessDMGGhouls [OMOD:0060625E] | mod_Legendary_PowerArmor1_LessDMGPlayers [OMOD:00606259] | mod_Legendary_PowerArmor1_LessDMGRobots [OMOD:00606275] | mod_Legendary_PowerArmor1_LessDmgScorched [OMOD:0060626D] | mod_Legendary_PowerArmor1_LessDMGSuperMutants [OMOD:00606265] | mod_Legendary_PowerArmor1_LowHealthTriggersStimpak [OMOD:0060625F] | mod_Legendary_PowerArmor1_Overeater [OMOD:00606DE3] | mod_Legendary_PowerArmor1_ResistancesInverseHealth [OMOD:00606257] | mod_Legendary_PowerArmor1_ResistancesMutation [OMOD:00606253] | mod_Legendary_PowerArmor1_ResistancesNight [OMOD:0060625B] | mod_Legendary_PowerArmor1_ResistancesProportionalCaps [OMOD:0060893D] | mod_Legendary_PowerArmor1_ResistancesProportionalHealth [OMOD:00606276]
00843ED6	DEL_RD01_LegendaryItems_RaidsWeeklyReward_AllItems_Rank4	5	First Star Slot	007904F1	modcol_Legendary_Crafting_PowerArmor2	Random Legendary Mod	modcol_Legendary_Crafting_PowerArmor2 [OMOD:007904F1] | mod_Legendary_PowerArmor2_APRegen [OMOD:0060626E] | mod_Legendary_PowerArmor2_CryoResistance [OMOD:00606B70] | mod_Legendary_PowerArmor2_DiseaseResistance [OMOD:0060626A] | mod_Legendary_PowerArmor2_Fireproof [OMOD:00606B3A] | mod_Legendary_PowerArmor2_Glutton [OMOD:006069A7] | mod_Legendary_PowerArmor2_PoisonResistance [OMOD:00606267] | mod_Legendary_PowerArmor2_RadResistance [OMOD:00606264] | mod_Legendary_PowerArmor2_ReduceExplosionDamage [OMOD:00609E50] | mod_Legendary_PowerArmor2_StatAgility [OMOD:00606263] | mod_Legendary_PowerArmor2_StatCharisma [OMOD:00606261] | mod_Legendary_PowerArmor2_StatEndurance [OMOD:00606260] | mod_Legendary_PowerArmor2_StatIntelligence [OMOD:00606256] | mod_Legendary_PowerArmor2_StatLuck [OMOD:00606255] | mod_Legendary_PowerArmor2_StatPerception [OMOD:00606258] | mod_Legendary_PowerArmor2_StatStrength [OMOD:00606254]
00843ED6	DEL_RD01_LegendaryItems_RaidsWeeklyReward_AllItems_Rank4	6	First Star Slot	007904F2	modcol_Legendary_Crafting_PowerArmor3	Random Legendary Mod	modcol_Legendary_Crafting_PowerArmor3 [OMOD:007904F2] | mod_Legendary_PowerArmor3_Burning [OMOD:00608376] | mod_Legendary_PowerArmor3_Durability [OMOD:0060625A] | mod_Legendary_PowerArmor3_Electrified [OMOD:00608374] | mod_Legendary_PowerArmor3_Frozen [OMOD:00608377] | mod_Legendary_PowerArmor3_IncreaseHealing [OMOD:00609C45] | mod_Legendary_PowerArmor3_Defenders [OMOD:00606252] | mod_Legendary_PowerArmor3_LessDamageSprinting [OMOD:0060625C] | mod_Legendary_PowerArmor3_LessDamageStandStill [OMOD:00606277] | mod_Legendary_PowerArmor3_LockPick [OMOD:00606273] | mod_Legendary_PowerArmor3_RadsRegen [OMOD:00606B6E] | mod_Legendary_PowerArmor3_Toxic [OMOD:00608375] | mod_Legendary_PowerArmor3_WeightAmmo [OMOD:00606270] | mod_Legendary_PowerArmor3_WeightFoodDrinkChems [OMOD:0060626F] | mod_Legendary_PowerArmor3_WeightJunk [OMOD:0060626C] | mod_Legendary_PowerArmor3_WeightWeapons [OMOD:0060626B]
00843ED6	DEL_RD01_LegendaryItems_RaidsWeeklyReward_AllItems_Rank4	7	First Star Slot	007A0D34	modcol_Legendary_Crafting_PowerArmor4	Random Legendary Mod	modcol_Legendary_Crafting_PowerArmor4 [OMOD:007A0D34] | mod_Legendary_PowerArmor4_Aegis [OMOD:007ACE4F] | mod_Legendary_PowerArmor4_BattleLoaders [OMOD:007A74C2] | mod_Legendary_PowerArmor4_Bruiser [OMOD:007A74CD] | mod_Legendary_PowerArmor4_ChooChoo [OMOD:00792A2B] | mod_Legendary_PowerArmor4_LimitBreak [OMOD:007A74C6] | mod_Legendary_PowerArmor4_Miasma [OMOD:007A74C4] | mod_Legendary_PowerArmor4_Sawbones [OMOD:007A74D0] | mod_Legendary_PowerArmor4_Propelling [OMOD:00792A29] | mod_Legendary_PowerArmor4_RadioactivePowered [OMOD:00792A33] | mod_Legendary_PowerArmor4_Ranger [OMOD:007A74CE] | mod_Legendary_PowerArmor4_Reflective [OMOD:00792A35] | mod_Legendary_PowerArmor4_Rejuvenators [OMOD:007ACD6E] | mod_Legendary_PowerArmor4_Runner [OMOD:007A74CB] | mod_Legendary_PowerArmor4_Scanners [OMOD:00792A3A] | mod_Legendary_PowerArmor4_Stalwarts [OMOD:007ACEB2] | mod_Legendary_PowerArmor4_Tanky [OMOD:007A74C7]
00843ED6	DEL_RD01_LegendaryItems_RaidsWeeklyReward_AllItems_Rank4	8	First Star Slot	007904EA	modcol_Legendary_Crafting_Weapon1	Random Legendary Mod	modcol_Legendary_Crafting_Weapon1 [OMOD:007904EA] | mod_Legendary_Weapon1_AntiArmor [OMOD:005281B4] | mod_Legendary_Weapon1_Medic [OMOD:0075EAC6] | mod_Legendary_Weapon1_DamageAddiction [OMOD:004F6AAB] | mod_Legendary_Weapon1_DamageFirstBlood [OMOD:004F6AA5] | mod_Legendary_Weapon1_DamageInverseHealth [OMOD:004F6AA0] | mod_Legendary_Weapon1_DamageNight [OMOD:004F6AAE] | mod_Legendary_Weapon1_DamageUnarmored [OMOD:004F6AA7] | mod_Legendary_Weapon1_DamageViaCaps [OMOD:00606B71] | mod_Legendary_Weapon1_DamageViaHealth [OMOD:00606B73] | mod_Legendary_Weapon1_DebuffDamage [OMOD:005281B8] | mod_Legendary_Weapon1_DmgConsecutiveHits [OMOD:004F577D] | mod_Legendary_Weapon1_DmgVsAnimals [OMOD:004F577A] | mod_Legendary_Weapon1_DmgVsBugs [OMOD:001F81EB] | mod_Legendary_Weapon1_DmgVsGhouls [OMOD:004F5779] | mod_Legendary_Weapon1_DmgVsPlayers [OMOD:004F5770] | mod_Legendary_Weapon1_DmgVsRobots [OMOD:004F577C] | mod_Legendary_Weapon1_DmgVsScorched [OMOD:004ED02B] | mod_Legendary_Weapon1_DmgVsSupermutants [OMOD:004F577B] | mod_Legendary_Weapon1_DmgWithMutation [OMOD:005299F5] | mod_Legendary_Weapon1_Execute [OMOD:004F6AA1] | mod_Legendary_Weapon1_Gourmand [OMOD:006069F2] | mod_Legendary_Weapon1_Guns_AccuracyNotInCombat [OMOD:004F6D77] | mod_Legendary_Weapon1_Guns_AmmoCapacity4x [OMOD:004F6AB1] | mod_Legendary_Weapon1_Guns_TwoShot [OMOD:004F6D76] | mod_Legendary_Weapon1_Vampire [OMOD:00527F84]
00843ED6	DEL_RD01_LegendaryItems_RaidsWeeklyReward_AllItems_Rank4	9	First Star Slot	007904EB	modcol_Legendary_Crafting_Weapon2	Random Legendary Mod	modcol_Legendary_Crafting_Weapon2 [OMOD:007904EB] | mod_Legendary_Weapon2_APViaKill [OMOD:00606B72] | mod_Legendary_Weapon2_DmgCrits [OMOD:0052414B] | mod_Legendary_Weapon2_DmgLimbs [OMOD:004ED02C] | mod_Legendary_Weapon2_Guns_Bashing [OMOD:005299F9] | mod_Legendary_Weapon2_Guns_DmgSights [OMOD:0052414E] | mod_Legendary_Weapon2_Guns_ExplosiveBullets [OMOD:004F5771] | mod_Legendary_Weapon2_Guns_LastShot [OMOD:006069EC] | mod_Legendary_Weapon2_Guns_RoF [OMOD:0052414F] | mod_Legendary_Weapon2_Guns_VATSAccuracy [OMOD:00524153] | mod_Legendary_Weapon2_Melee_BlockReflects [OMOD:001A7C39] | mod_Legendary_Weapon2_Melee_DamagePowerAttack [OMOD:001A7BE2] | mod_Legendary_Weapon2_Melee_Steady [OMOD:00606C8D] | mod_Legendary_Weapon2_Melee_SwingSpeed [OMOD:001A7BDA]
00843ED6	DEL_RD01_LegendaryItems_RaidsWeeklyReward_AllItems_Rank4	10	First Star Slot	007904EC	modcol_Legendary_Crafting_Weapon3	Random Legendary Mod	modcol_Legendary_Crafting_Weapon3 [OMOD:007904EC] | mod_Legendary_Weapon3_CritSpeed [OMOD:0052414C] | mod_Legendary_Weapon3_Durability [OMOD:0037F7D9] | mod_Legendary_Weapon3_Guns_CloakOnHit [OMOD:00609E4F] | mod_Legendary_Weapon3_Guns_MoveSpeedSights [OMOD:004ED02E] | mod_Legendary_Weapon3_Guns_ReloadSpeed [OMOD:00524150] | mod_Legendary_Weapon3_Guns_ResistReload [OMOD:004F5777] | mod_Legendary_Weapon3_Guns_ResistSights [OMOD:004F5772] | mod_Legendary_Weapon3_StatPerception [OMOD:005299FA] | mod_Legendary_Weapon3_Melee_LessDamageBlock [OMOD:005253FB] | mod_Legendary_Weapon3_Melee_Defenders [OMOD:001A7BD3] | mod_Legendary_Weapon3_StatEndurance [OMOD:005299FD] | mod_Legendary_Weapon3_StatStrength [OMOD:005299FC] | mod_Legendary_Weapon3_StatAgility [OMOD:005299FB] | mod_Legendary_Weapon3_VATSCostAP [OMOD:00524154] | mod_Legendary_Weapon3_Weight [OMOD:00524152] | mod_Legendary_Weapon3_StatCharisma [OMOD:0079AD67] | mod_Legendary_Weapon3_StatIntelligence [OMOD:0079AD68] | mod_Legendary_Weapon3_StatLuck [OMOD:0079AD69]
00843ED6	DEL_RD01_LegendaryItems_RaidsWeeklyReward_AllItems_Rank4	11	First Star Slot	007A0D35	modcol_Legendary_Crafting_Weapon4	Random Legendary Mod	modcol_Legendary_Crafting_Weapon4 [OMOD:007A0D35] | mod_Legendary_Weapon4_Bully [OMOD:0079298C] | mod_Legendary_Weapon4_Conductors [OMOD:007ACB0B] | mod_Legendary_Weapon4_Encirclers [OMOD:007ACBF5] | mod_Legendary_Weapon4_Fracturers [OMOD:00792983] | mod_Legendary_Weapon4_Guns_Electricians [OMOD:0079297C] | mod_Legendary_Weapon4_Guns_PinPointers [OMOD:007ACA07] | mod_Legendary_Weapon4_Guns_Stabilizers [OMOD:007AC88D] | mod_Legendary_Weapon4_Melee_ComboBreaker [OMOD:00792982] | mod_Legendary_Weapon4_Melee_Fencers [OMOD:007ACBF4] | mod_Legendary_Weapon4_Icemens [OMOD:00792985] | mod_Legendary_Weapon4_Melee_Pounders [OMOD:007ACB3E] | mod_Legendary_Weapon4_Melee_Charged [OMOD:00885C6A] | mod_Legendary_Weapon4_Polished [OMOD:00792979] | mod_Legendary_Weapon4_Pyromaniac [OMOD:0079297F] | mod_Legendary_Weapon4_Vipers [OMOD:0079297A]
00853B61	BOUNTY_LegendaryItems_Rank1	0	First Star Slot	00853B5A	BOUNTY_modcol_Legendary_Crafting_Weapon1	Bounty Legendary Mods	BOUNTY_modcol_Legendary_Crafting_Weapon1 [OMOD:00853B5A] | mod_Legendary_Weapon1_Melee_Feral [OMOD:0083DA74] | mod_Legendary_Weapon1_Guns_Sniper [OMOD:0083DA73] | mod_Legendary_Weapon1_Adrenal [OMOD:0080F549] | mod_Legendary_Weapon1_Lucid [OMOD:0083DA71] | mod_Legendary_Weapon1_AntiArmor [OMOD:005281B4] | mod_Legendary_Weapon1_Medic [OMOD:0075EAC6] | mod_Legendary_Weapon1_DamageAddiction [OMOD:004F6AAB] | mod_Legendary_Weapon1_DamageFirstBlood [OMOD:004F6AA5] | mod_Legendary_Weapon1_DamageInverseHealth [OMOD:004F6AA0] | mod_Legendary_Weapon1_DamageNight [OMOD:004F6AAE] | mod_Legendary_Weapon1_DamageUnarmored [OMOD:004F6AA7] | mod_Legendary_Weapon1_DamageViaCaps [OMOD:00606B71] | mod_Legendary_Weapon1_DamageViaHealth [OMOD:00606B73] | mod_Legendary_Weapon1_DebuffDamage [OMOD:005281B8] | mod_Legendary_Weapon1_DmgConsecutiveHits [OMOD:004F577D] | mod_Legendary_Weapon1_DmgVsAnimals [OMOD:004F577A] | mod_Legendary_Weapon1_DmgVsBugs [OMOD:001F81EB] | mod_Legendary_Weapon1_DmgVsGhouls [OMOD:004F5779] | mod_Legendary_Weapon1_DmgVsPlayers [OMOD:004F5770] | mod_Legendary_Weapon1_DmgVsRobots [OMOD:004F577C] | mod_Legendary_Weapon1_DmgVsScorched [OMOD:004ED02B] | mod_Legendary_Weapon1_DmgVsSupermutants [OMOD:004F577B] | mod_Legendary_Weapon1_DmgWithMutation [OMOD:005299F5] | mod_Legendary_Weapon1_Execute [OMOD:004F6AA1] | mod_Legendary_Weapon1_Gourmand [OMOD:006069F2] | mod_Legendary_Weapon1_Guns_AccuracyNotInCombat [OMOD:004F6D77] | mod_Legendary_Weapon1_Guns_AmmoCapacity4x [OMOD:004F6AB1] | mod_Legendary_Weapon1_Guns_TwoShot [OMOD:004F6D76] | mod_Legendary_Weapon1_Vampire [OMOD:00527F84]
00853B61	BOUNTY_LegendaryItems_Rank1	1	First Star Slot	0083DA70	BOUNTY_modcol_Legendary_Crafting_Armor1	Bounty Legendary Mods	BOUNTY_modcol_Legendary_Crafting_Armor1 [OMOD:0083DA70] | mod_Legendary_Armor1_Lucid [OMOD:0083DA67] | mod_Legendary_Armor1_Adrenal [OMOD:0080F54D] | mod_Legendary_Armor1_AutoRevive [OMOD:00529A0F] | mod_Legendary_Armor1_Chameleon [OMOD:00524146] | mod_Legendary_Armor1_CloakOnMelee [OMOD:00524147] | mod_Legendary_Armor1_HealthRegen [OMOD:00529A09] | mod_Legendary_Armor1_LessDMGAnimals [OMOD:004F6D7D] | mod_Legendary_Armor1_LessDMGBugs [OMOD:004F6D7C] | mod_Legendary_Armor1_LessDMGGhouls [OMOD:004F6D7E] | mod_Legendary_Armor1_LessDMGPlayers [OMOD:004F6D78] | mod_Legendary_Armor1_LessDMGRobots [OMOD:004F6D7F] | mod_Legendary_Armor1_LessDmgScorched [OMOD:004EE548] | mod_Legendary_Armor1_LessDMGSuperMutants [OMOD:004F6D80] | mod_Legendary_Armor1_LowHealthIncreasesStats [OMOD:0052414A] | mod_Legendary_Armor1_LowHealthTriggersStimpak [OMOD:00521915] | mod_Legendary_Armor1_Overeater [OMOD:00606C84] | mod_Legendary_Armor1_ResistancesInverseHealth [OMOD:00521914] | mod_Legendary_Armor1_ResistancesMutation [OMOD:00529A0C] | mod_Legendary_Armor1_ResistancesNight [OMOD:00524143] | mod_Legendary_Armor1_ResistancesProportionalCaps [OMOD:0060893C] | mod_Legendary_Armor1_ResistancesProportionalHealth [OMOD:00529A05] | mod_Legendary_Armor1_Heavyweight [OMOD:00529A14]
00853B61	BOUNTY_LegendaryItems_Rank1	2	First Star Slot	00853B67	BOUNTY_modcol_Legendary_Crafting_PowerArmor1	Bounty Legendary Mods	BOUNTY_modcol_Legendary_Crafting_PowerArmor1 [OMOD:00853B67] | mod_Legendary_PowerArmor1_Adrenal [OMOD:0080F54E] | mod_Legendary_PowerArmor1_Lucid [OMOD:0083E316] | mod_Legendary_PowerArmor1_Chameleon [OMOD:00606268] | mod_Legendary_PowerArmor1_CloakOnMelee [OMOD:00606269] | mod_Legendary_PowerArmor1_HealthRegen [OMOD:0060625D] | mod_Legendary_PowerArmor1_LessDMGAnimals [OMOD:00606274] | mod_Legendary_PowerArmor1_LessDMGBugs [OMOD:00606266] | mod_Legendary_PowerArmor1_LessDMGGhouls [OMOD:0060625E] | mod_Legendary_PowerArmor1_LessDMGPlayers [OMOD:00606259] | mod_Legendary_PowerArmor1_LessDMGRobots [OMOD:00606275] | mod_Legendary_PowerArmor1_LessDmgScorched [OMOD:0060626D] | mod_Legendary_PowerArmor1_LessDMGSuperMutants [OMOD:00606265] | mod_Legendary_PowerArmor1_LowHealthTriggersStimpak [OMOD:0060625F] | mod_Legendary_PowerArmor1_Overeater [OMOD:00606DE3] | mod_Legendary_PowerArmor1_ResistancesInverseHealth [OMOD:00606257] | mod_Legendary_PowerArmor1_ResistancesMutation [OMOD:00606253] | mod_Legendary_PowerArmor1_ResistancesNight [OMOD:0060625B] | mod_Legendary_PowerArmor1_ResistancesProportionalCaps [OMOD:0060893D] | mod_Legendary_PowerArmor1_ResistancesProportionalHealth [OMOD:00606276]
00853B62	BOUNTY_LegendaryItems_Rank3	0	First Star Slot	00853B5A	BOUNTY_modcol_Legendary_Crafting_Weapon1	Bounty Legendary Mods	BOUNTY_modcol_Legendary_Crafting_Weapon1 [OMOD:00853B5A] | mod_Legendary_Weapon1_Melee_Feral [OMOD:0083DA74] | mod_Legendary_Weapon1_Guns_Sniper [OMOD:0083DA73] | mod_Legendary_Weapon1_Adrenal [OMOD:0080F549] | mod_Legendary_Weapon1_Lucid [OMOD:0083DA71] | mod_Legendary_Weapon1_AntiArmor [OMOD:005281B4] | mod_Legendary_Weapon1_Medic [OMOD:0075EAC6] | mod_Legendary_Weapon1_DamageAddiction [OMOD:004F6AAB] | mod_Legendary_Weapon1_DamageFirstBlood [OMOD:004F6AA5] | mod_Legendary_Weapon1_DamageInverseHealth [OMOD:004F6AA0] | mod_Legendary_Weapon1_DamageNight [OMOD:004F6AAE] | mod_Legendary_Weapon1_DamageUnarmored [OMOD:004F6AA7] | mod_Legendary_Weapon1_DamageViaCaps [OMOD:00606B71] | mod_Legendary_Weapon1_DamageViaHealth [OMOD:00606B73] | mod_Legendary_Weapon1_DebuffDamage [OMOD:005281B8] | mod_Legendary_Weapon1_DmgConsecutiveHits [OMOD:004F577D] | mod_Legendary_Weapon1_DmgVsAnimals [OMOD:004F577A] | mod_Legendary_Weapon1_DmgVsBugs [OMOD:001F81EB] | mod_Legendary_Weapon1_DmgVsGhouls [OMOD:004F5779] | mod_Legendary_Weapon1_DmgVsPlayers [OMOD:004F5770] | mod_Legendary_Weapon1_DmgVsRobots [OMOD:004F577C] | mod_Legendary_Weapon1_DmgVsScorched [OMOD:004ED02B] | mod_Legendary_Weapon1_DmgVsSupermutants [OMOD:004F577B] | mod_Legendary_Weapon1_DmgWithMutation [OMOD:005299F5] | mod_Legendary_Weapon1_Execute [OMOD:004F6AA1] | mod_Legendary_Weapon1_Gourmand [OMOD:006069F2] | mod_Legendary_Weapon1_Guns_AccuracyNotInCombat [OMOD:004F6D77] | mod_Legendary_Weapon1_Guns_AmmoCapacity4x [OMOD:004F6AB1] | mod_Legendary_Weapon1_Guns_TwoShot [OMOD:004F6D76] | mod_Legendary_Weapon1_Vampire [OMOD:00527F84]
00853B62	BOUNTY_LegendaryItems_Rank3	1	First Star Slot	00853B5B	BOUNTY_modcol_Legendary_Crafting_Weapon2	Bounty Legendary Mods	BOUNTY_modcol_Legendary_Crafting_Weapon2 [OMOD:00853B5B] | mod_Legendary_Weapon2_Melee_PickPocket [OMOD:0083DA6F] | mod_Legendary_Weapon2_APViaKill [OMOD:00606B72] | mod_Legendary_Weapon2_DmgCrits [OMOD:0052414B] | mod_Legendary_Weapon2_DmgLimbs [OMOD:004ED02C] | mod_Legendary_Weapon2_Guns_Bashing [OMOD:005299F9] | mod_Legendary_Weapon2_Guns_DmgSights [OMOD:0052414E] | mod_Legendary_Weapon2_Guns_ExplosiveBullets [OMOD:004F5771] | mod_Legendary_Weapon2_Guns_LastShot [OMOD:006069EC] | mod_Legendary_Weapon2_Guns_RoF [OMOD:0052414F] | mod_Legendary_Weapon2_Guns_VATSAccuracy [OMOD:00524153] | mod_Legendary_Weapon2_Melee_BlockReflects [OMOD:001A7C39] | mod_Legendary_Weapon2_Melee_DamagePowerAttack [OMOD:001A7BE2] | mod_Legendary_Weapon2_Melee_Steady [OMOD:00606C8D] | mod_Legendary_Weapon2_Melee_SwingSpeed [OMOD:001A7BDA]
00853B62	BOUNTY_LegendaryItems_Rank3	2	First Star Slot	00853B5C	BOUNTY_modcol_Legendary_Crafting_Weapon3	Bounty Legendary Mods	BOUNTY_modcol_Legendary_Crafting_Weapon3 [OMOD:00853B5C] | mod_Legendary_Weapon3_Glowing [OMOD:0083DA6A] | mod_Legendary_Weapon3_Melee_Barbarian [OMOD:0083DA6B] | mod_Legendary_Weapon3_CritSpeed [OMOD:0052414C] | mod_Legendary_Weapon3_Durability [OMOD:0037F7D9] | mod_Legendary_Weapon3_Guns_CloakOnHit [OMOD:00609E4F] | mod_Legendary_Weapon3_Guns_MoveSpeedSights [OMOD:004ED02E] | mod_Legendary_Weapon3_Guns_ReloadSpeed [OMOD:00524150] | mod_Legendary_Weapon3_Guns_ResistReload [OMOD:004F5777] | mod_Legendary_Weapon3_Guns_ResistSights [OMOD:004F5772] | mod_Legendary_Weapon3_StatPerception [OMOD:005299FA] | mod_Legendary_Weapon3_Melee_LessDamageBlock [OMOD:005253FB] | mod_Legendary_Weapon3_Melee_Defenders [OMOD:001A7BD3] | mod_Legendary_Weapon3_StatEndurance [OMOD:005299FD] | mod_Legendary_Weapon3_StatStrength [OMOD:005299FC] | mod_Legendary_Weapon3_StatAgility [OMOD:005299FB] | mod_Legendary_Weapon3_VATSCostAP [OMOD:00524154] | mod_Legendary_Weapon3_Weight [OMOD:00524152] | mod_Legendary_Weapon3_StatCharisma [OMOD:0079AD67] | mod_Legendary_Weapon3_StatIntelligence [OMOD:0079AD68] | mod_Legendary_Weapon3_StatLuck [OMOD:0079AD69]
00853B62	BOUNTY_LegendaryItems_Rank3	3	First Star Slot	0083DA70	BOUNTY_modcol_Legendary_Crafting_Armor1	Bounty Legendary Mods	BOUNTY_modcol_Legendary_Crafting_Armor1 [OMOD:0083DA70] | mod_Legendary_Armor1_Lucid [OMOD:0083DA67] | mod_Legendary_Armor1_Adrenal [OMOD:0080F54D] | mod_Legendary_Armor1_AutoRevive [OMOD:00529A0F] | mod_Legendary_Armor1_Chameleon [OMOD:00524146] | mod_Legendary_Armor1_CloakOnMelee [OMOD:00524147] | mod_Legendary_Armor1_HealthRegen [OMOD:00529A09] | mod_Legendary_Armor1_LessDMGAnimals [OMOD:004F6D7D] | mod_Legendary_Armor1_LessDMGBugs [OMOD:004F6D7C] | mod_Legendary_Armor1_LessDMGGhouls [OMOD:004F6D7E] | mod_Legendary_Armor1_LessDMGPlayers [OMOD:004F6D78] | mod_Legendary_Armor1_LessDMGRobots [OMOD:004F6D7F] | mod_Legendary_Armor1_LessDmgScorched [OMOD:004EE548] | mod_Legendary_Armor1_LessDMGSuperMutants [OMOD:004F6D80] | mod_Legendary_Armor1_LowHealthIncreasesStats [OMOD:0052414A] | mod_Legendary_Armor1_LowHealthTriggersStimpak [OMOD:00521915] | mod_Legendary_Armor1_Overeater [OMOD:00606C84] | mod_Legendary_Armor1_ResistancesInverseHealth [OMOD:00521914] | mod_Legendary_Armor1_ResistancesMutation [OMOD:00529A0C] | mod_Legendary_Armor1_ResistancesNight [OMOD:00524143] | mod_Legendary_Armor1_ResistancesProportionalCaps [OMOD:0060893C] | mod_Legendary_Armor1_ResistancesProportionalHealth [OMOD:00529A05] | mod_Legendary_Armor1_Heavyweight [OMOD:00529A14]
00853B62	BOUNTY_LegendaryItems_Rank3	4	First Star Slot	0083DA6C	BOUNTY_modcol_Legendary_Crafting_Armor2	Bounty Legendary Mods	BOUNTY_modcol_Legendary_Crafting_Armor2 [OMOD:0083DA6C] | mod_Legendary_Armor2_Elementalist [OMOD:00849312] | mod_Legendary_Armor2_Fierce [OMOD:00849315] | mod_Legendary_Armor2_PainKiller [OMOD:00850F7D] | mod_Legendary_Armor2_Rushing [OMOD:00850F7C] | mod_Legendary_Armor2_APRegen [OMOD:00527F75] | mod_Legendary_Armor2_CryoResistance [OMOD:00606B6F] | mod_Legendary_Armor2_DiseaseResistance [OMOD:00527F72] | mod_Legendary_Armor2_Fireproof [OMOD:00606B39] | mod_Legendary_Armor2_Glutton [OMOD:006069A6] | mod_Legendary_Armor2_PoisonResistance [OMOD:00527F6E] | mod_Legendary_Armor2_RadResistance [OMOD:00527F6F] | mod_Legendary_Armor2_ReduceExplosionDamage [OMOD:00609E4E] | mod_Legendary_Armor2_StatAgility [OMOD:004F6D85] | mod_Legendary_Armor2_StatCharisma [OMOD:004F6D83] | mod_Legendary_Armor2_StatEndurance [OMOD:004F6D82] | mod_Legendary_Armor2_StatIntelligence [OMOD:004F6D84] | mod_Legendary_Armor2_StatLuck [OMOD:004F6D86] | mod_Legendary_Armor2_StatPerception [OMOD:004F6D81] | mod_Legendary_Armor2_StatStrength [OMOD:004EE54E]
00853B62	BOUNTY_LegendaryItems_Rank3	5	First Star Slot	0083DA6E	BOUNTY_modcol_Legendary_Crafting_Armor3	Bounty Legendary Mods	BOUNTY_modcol_Legendary_Crafting_Armor3 [OMOD:0083DA6E] | mod_Legendary_Armor3_Active [OMOD:0083DA62] | mod_Legendary_Armor3_Healthy [OMOD:0083DA63] | mod_Legendary_Armor3_Reflex [OMOD:0083DA60] | mod_Legendary_Armor3_Burning [OMOD:00608371] | mod_Legendary_Armor3_Durability [OMOD:0052BDBA] | mod_Legendary_Armor3_Electrified [OMOD:00608373] | mod_Legendary_Armor3_Frozen [OMOD:00608372] | mod_Legendary_Armor3_IncreaseHealing [OMOD:00609C46] | mod_Legendary_Armor3_Defenders [OMOD:00527F76] | mod_Legendary_Armor3_LessDamageSprinting [OMOD:00527F77] | mod_Legendary_Armor3_LessDamageStandStill [OMOD:004EE54C] | mod_Legendary_Armor3_LessFallDamage [OMOD:00527F79] | mod_Legendary_Armor3_LockPick [OMOD:00527F7B] | mod_Legendary_Armor3_RadsRegen [OMOD:00606B6D] | mod_Legendary_Armor3_ReducedLimbDamage [OMOD:0052BDBC] | mod_Legendary_Armor3_Sneak [OMOD:0052BDB7] | mod_Legendary_Armor3_Toxic [OMOD:00608370] | mod_Legendary_Armor3_Waterbreathing [OMOD:00527F7A] | mod_Legendary_Armor3_WeightAmmo [OMOD:0052BDB4] | mod_Legendary_Armor3_WeightFoodDrinkChems [OMOD:0052BDB5] | mod_Legendary_Armor3_WeightJunk [OMOD:0052BDB6] | mod_Legendary_Armor3_WeightWeapons [OMOD:00527F78]
00853B62	BOUNTY_LegendaryItems_Rank3	6	First Star Slot	00853B67	BOUNTY_modcol_Legendary_Crafting_PowerArmor1	Bounty Legendary Mods	BOUNTY_modcol_Legendary_Crafting_PowerArmor1 [OMOD:00853B67] | mod_Legendary_PowerArmor1_Adrenal [OMOD:0080F54E] | mod_Legendary_PowerArmor1_Lucid [OMOD:0083E316] | mod_Legendary_PowerArmor1_Chameleon [OMOD:00606268] | mod_Legendary_PowerArmor1_CloakOnMelee [OMOD:00606269] | mod_Legendary_PowerArmor1_HealthRegen [OMOD:0060625D] | mod_Legendary_PowerArmor1_LessDMGAnimals [OMOD:00606274] | mod_Legendary_PowerArmor1_LessDMGBugs [OMOD:00606266] | mod_Legendary_PowerArmor1_LessDMGGhouls [OMOD:0060625E] | mod_Legendary_PowerArmor1_LessDMGPlayers [OMOD:00606259] | mod_Legendary_PowerArmor1_LessDMGRobots [OMOD:00606275] | mod_Legendary_PowerArmor1_LessDmgScorched [OMOD:0060626D] | mod_Legendary_PowerArmor1_LessDMGSuperMutants [OMOD:00606265] | mod_Legendary_PowerArmor1_LowHealthTriggersStimpak [OMOD:0060625F] | mod_Legendary_PowerArmor1_Overeater [OMOD:00606DE3] | mod_Legendary_PowerArmor1_ResistancesInverseHealth [OMOD:00606257] | mod_Legendary_PowerArmor1_ResistancesMutation [OMOD:00606253] | mod_Legendary_PowerArmor1_ResistancesNight [OMOD:0060625B] | mod_Legendary_PowerArmor1_ResistancesProportionalCaps [OMOD:0060893D] | mod_Legendary_PowerArmor1_ResistancesProportionalHealth [OMOD:00606276]
00853B62	BOUNTY_LegendaryItems_Rank3	7	First Star Slot	00853B65	BOUNTY_modcol_Legendary_Crafting_PowerArmor2	Bounty Legendary Mods	BOUNTY_modcol_Legendary_Crafting_PowerArmor2 [OMOD:00853B65] | mod_Legendary_PowerArmor2_Elementalist [OMOD:008493E7] | mod_Legendary_PowerArmor2_PainKiller [OMOD:00850F7B] | mod_Legendary_PowerArmor2_Rushing [OMOD:00850F7A] | mod_Legendary_PowerArmor2_APRegen [OMOD:0060626E] | mod_Legendary_PowerArmor2_CryoResistance [OMOD:00606B70] | mod_Legendary_PowerArmor2_DiseaseResistance [OMOD:0060626A] | mod_Legendary_PowerArmor2_Fireproof [OMOD:00606B3A] | mod_Legendary_PowerArmor2_Glutton [OMOD:006069A7] | mod_Legendary_PowerArmor2_PoisonResistance [OMOD:00606267] | mod_Legendary_PowerArmor2_RadResistance [OMOD:00606264] | mod_Legendary_PowerArmor2_ReduceExplosionDamage [OMOD:00609E50] | mod_Legendary_PowerArmor2_StatAgility [OMOD:00606263] | mod_Legendary_PowerArmor2_StatCharisma [OMOD:00606261] | mod_Legendary_PowerArmor2_StatEndurance [OMOD:00606260] | mod_Legendary_PowerArmor2_StatIntelligence [OMOD:00606256] | mod_Legendary_PowerArmor2_StatLuck [OMOD:00606255] | mod_Legendary_PowerArmor2_StatPerception [OMOD:00606258] | mod_Legendary_PowerArmor2_StatStrength [OMOD:00606254]
00853B62	BOUNTY_LegendaryItems_Rank3	8	First Star Slot	00853B66	BOUNTY_modcol_Legendary_Crafting_PowerArmor3	Bounty Legendary Mods	BOUNTY_modcol_Legendary_Crafting_PowerArmor3 [OMOD:00853B66] | mod_Legendary_PowerArmor3_Active [OMOD:0083E319] | mod_Legendary_PowerArmor3_Healthy [OMOD:0083E318] | mod_Legendary_PowerArmor3_Burning [OMOD:00608376] | mod_Legendary_PowerArmor3_Durability [OMOD:0060625A] | mod_Legendary_PowerArmor3_Electrified [OMOD:00608374] | mod_Legendary_PowerArmor3_Frozen [OMOD:00608377] | mod_Legendary_PowerArmor3_IncreaseHealing [OMOD:00609C45] | mod_Legendary_PowerArmor3_Defenders [OMOD:00606252] | mod_Legendary_PowerArmor3_LessDamageSprinting [OMOD:0060625C] | mod_Legendary_PowerArmor3_LessDamageStandStill [OMOD:00606277] | mod_Legendary_PowerArmor3_LockPick [OMOD:00606273] | mod_Legendary_PowerArmor3_RadsRegen [OMOD:00606B6E] | mod_Legendary_PowerArmor3_Toxic [OMOD:00608375] | mod_Legendary_PowerArmor3_WeightAmmo [OMOD:00606270] | mod_Legendary_PowerArmor3_WeightFoodDrinkChems [OMOD:0060626F] | mod_Legendary_PowerArmor3_WeightJunk [OMOD:0060626C] | mod_Legendary_PowerArmor3_WeightWeapons [OMOD:0060626B]
00853B63	BOUNTY_LegendaryItems_Rank2	0	First Star Slot	00853B5A	BOUNTY_modcol_Legendary_Crafting_Weapon1	Bounty Legendary Mods	BOUNTY_modcol_Legendary_Crafting_Weapon1 [OMOD:00853B5A] | mod_Legendary_Weapon1_Melee_Feral [OMOD:0083DA74] | mod_Legendary_Weapon1_Guns_Sniper [OMOD:0083DA73] | mod_Legendary_Weapon1_Adrenal [OMOD:0080F549] | mod_Legendary_Weapon1_Lucid [OMOD:0083DA71] | mod_Legendary_Weapon1_AntiArmor [OMOD:005281B4] | mod_Legendary_Weapon1_Medic [OMOD:0075EAC6] | mod_Legendary_Weapon1_DamageAddiction [OMOD:004F6AAB] | mod_Legendary_Weapon1_DamageFirstBlood [OMOD:004F6AA5] | mod_Legendary_Weapon1_DamageInverseHealth [OMOD:004F6AA0] | mod_Legendary_Weapon1_DamageNight [OMOD:004F6AAE] | mod_Legendary_Weapon1_DamageUnarmored [OMOD:004F6AA7] | mod_Legendary_Weapon1_DamageViaCaps [OMOD:00606B71] | mod_Legendary_Weapon1_DamageViaHealth [OMOD:00606B73] | mod_Legendary_Weapon1_DebuffDamage [OMOD:005281B8] | mod_Legendary_Weapon1_DmgConsecutiveHits [OMOD:004F577D] | mod_Legendary_Weapon1_DmgVsAnimals [OMOD:004F577A] | mod_Legendary_Weapon1_DmgVsBugs [OMOD:001F81EB] | mod_Legendary_Weapon1_DmgVsGhouls [OMOD:004F5779] | mod_Legendary_Weapon1_DmgVsPlayers [OMOD:004F5770] | mod_Legendary_Weapon1_DmgVsRobots [OMOD:004F577C] | mod_Legendary_Weapon1_DmgVsScorched [OMOD:004ED02B] | mod_Legendary_Weapon1_DmgVsSupermutants [OMOD:004F577B] | mod_Legendary_Weapon1_DmgWithMutation [OMOD:005299F5] | mod_Legendary_Weapon1_Execute [OMOD:004F6AA1] | mod_Legendary_Weapon1_Gourmand [OMOD:006069F2] | mod_Legendary_Weapon1_Guns_AccuracyNotInCombat [OMOD:004F6D77] | mod_Legendary_Weapon1_Guns_AmmoCapacity4x [OMOD:004F6AB1] | mod_Legendary_Weapon1_Guns_TwoShot [OMOD:004F6D76] | mod_Legendary_Weapon1_Vampire [OMOD:00527F84]
00853B63	BOUNTY_LegendaryItems_Rank2	1	First Star Slot	00853B5B	BOUNTY_modcol_Legendary_Crafting_Weapon2	Bounty Legendary Mods	BOUNTY_modcol_Legendary_Crafting_Weapon2 [OMOD:00853B5B] | mod_Legendary_Weapon2_Melee_PickPocket [OMOD:0083DA6F] | mod_Legendary_Weapon2_APViaKill [OMOD:00606B72] | mod_Legendary_Weapon2_DmgCrits [OMOD:0052414B] | mod_Legendary_Weapon2_DmgLimbs [OMOD:004ED02C] | mod_Legendary_Weapon2_Guns_Bashing [OMOD:005299F9] | mod_Legendary_Weapon2_Guns_DmgSights [OMOD:0052414E] | mod_Legendary_Weapon2_Guns_ExplosiveBullets [OMOD:004F5771] | mod_Legendary_Weapon2_Guns_LastShot [OMOD:006069EC] | mod_Legendary_Weapon2_Guns_RoF [OMOD:0052414F] | mod_Legendary_Weapon2_Guns_VATSAccuracy [OMOD:00524153] | mod_Legendary_Weapon2_Melee_BlockReflects [OMOD:001A7C39] | mod_Legendary_Weapon2_Melee_DamagePowerAttack [OMOD:001A7BE2] | mod_Legendary_Weapon2_Melee_Steady [OMOD:00606C8D] | mod_Legendary_Weapon2_Melee_SwingSpeed [OMOD:001A7BDA]
00853B63	BOUNTY_LegendaryItems_Rank2	2	First Star Slot	0083DA70	BOUNTY_modcol_Legendary_Crafting_Armor1	Bounty Legendary Mods	BOUNTY_modcol_Legendary_Crafting_Armor1 [OMOD:0083DA70] | mod_Legendary_Armor1_Lucid [OMOD:0083DA67] | mod_Legendary_Armor1_Adrenal [OMOD:0080F54D] | mod_Legendary_Armor1_AutoRevive [OMOD:00529A0F] | mod_Legendary_Armor1_Chameleon [OMOD:00524146] | mod_Legendary_Armor1_CloakOnMelee [OMOD:00524147] | mod_Legendary_Armor1_HealthRegen [OMOD:00529A09] | mod_Legendary_Armor1_LessDMGAnimals [OMOD:004F6D7D] | mod_Legendary_Armor1_LessDMGBugs [OMOD:004F6D7C] | mod_Legendary_Armor1_LessDMGGhouls [OMOD:004F6D7E] | mod_Legendary_Armor1_LessDMGPlayers [OMOD:004F6D78] | mod_Legendary_Armor1_LessDMGRobots [OMOD:004F6D7F] | mod_Legendary_Armor1_LessDmgScorched [OMOD:004EE548] | mod_Legendary_Armor1_LessDMGSuperMutants [OMOD:004F6D80] | mod_Legendary_Armor1_LowHealthIncreasesStats [OMOD:0052414A] | mod_Legendary_Armor1_LowHealthTriggersStimpak [OMOD:00521915] | mod_Legendary_Armor1_Overeater [OMOD:00606C84] | mod_Legendary_Armor1_ResistancesInverseHealth [OMOD:00521914] | mod_Legendary_Armor1_ResistancesMutation [OMOD:00529A0C] | mod_Legendary_Armor1_ResistancesNight [OMOD:00524143] | mod_Legendary_Armor1_ResistancesProportionalCaps [OMOD:0060893C] | mod_Legendary_Armor1_ResistancesProportionalHealth [OMOD:00529A05] | mod_Legendary_Armor1_Heavyweight [OMOD:00529A14]
00853B63	BOUNTY_LegendaryItems_Rank2	3	First Star Slot	0083DA6C	BOUNTY_modcol_Legendary_Crafting_Armor2	Bounty Legendary Mods	BOUNTY_modcol_Legendary_Crafting_Armor2 [OMOD:0083DA6C] | mod_Legendary_Armor2_Elementalist [OMOD:00849312] | mod_Legendary_Armor2_Fierce [OMOD:00849315] | mod_Legendary_Armor2_PainKiller [OMOD:00850F7D] | mod_Legendary_Armor2_Rushing [OMOD:00850F7C] | mod_Legendary_Armor2_APRegen [OMOD:00527F75] | mod_Legendary_Armor2_CryoResistance [OMOD:00606B6F] | mod_Legendary_Armor2_DiseaseResistance [OMOD:00527F72] | mod_Legendary_Armor2_Fireproof [OMOD:00606B39] | mod_Legendary_Armor2_Glutton [OMOD:006069A6] | mod_Legendary_Armor2_PoisonResistance [OMOD:00527F6E] | mod_Legendary_Armor2_RadResistance [OMOD:00527F6F] | mod_Legendary_Armor2_ReduceExplosionDamage [OMOD:00609E4E] | mod_Legendary_Armor2_StatAgility [OMOD:004F6D85] | mod_Legendary_Armor2_StatCharisma [OMOD:004F6D83] | mod_Legendary_Armor2_StatEndurance [OMOD:004F6D82] | mod_Legendary_Armor2_StatIntelligence [OMOD:004F6D84] | mod_Legendary_Armor2_StatLuck [OMOD:004F6D86] | mod_Legendary_Armor2_StatPerception [OMOD:004F6D81] | mod_Legendary_Armor2_StatStrength [OMOD:004EE54E]
00853B63	BOUNTY_LegendaryItems_Rank2	4	First Star Slot	00853B67	BOUNTY_modcol_Legendary_Crafting_PowerArmor1	Bounty Legendary Mods	BOUNTY_modcol_Legendary_Crafting_PowerArmor1 [OMOD:00853B67] | mod_Legendary_PowerArmor1_Adrenal [OMOD:0080F54E] | mod_Legendary_PowerArmor1_Lucid [OMOD:0083E316] | mod_Legendary_PowerArmor1_Chameleon [OMOD:00606268] | mod_Legendary_PowerArmor1_CloakOnMelee [OMOD:00606269] | mod_Legendary_PowerArmor1_HealthRegen [OMOD:0060625D] | mod_Legendary_PowerArmor1_LessDMGAnimals [OMOD:00606274] | mod_Legendary_PowerArmor1_LessDMGBugs [OMOD:00606266] | mod_Legendary_PowerArmor1_LessDMGGhouls [OMOD:0060625E] | mod_Legendary_PowerArmor1_LessDMGPlayers [OMOD:00606259] | mod_Legendary_PowerArmor1_LessDMGRobots [OMOD:00606275] | mod_Legendary_PowerArmor1_LessDmgScorched [OMOD:0060626D] | mod_Legendary_PowerArmor1_LessDMGSuperMutants [OMOD:00606265] | mod_Legendary_PowerArmor1_LowHealthTriggersStimpak [OMOD:0060625F] | mod_Legendary_PowerArmor1_Overeater [OMOD:00606DE3] | mod_Legendary_PowerArmor1_ResistancesInverseHealth [OMOD:00606257] | mod_Legendary_PowerArmor1_ResistancesMutation [OMOD:00606253] | mod_Legendary_PowerArmor1_ResistancesNight [OMOD:0060625B] | mod_Legendary_PowerArmor1_ResistancesProportionalCaps [OMOD:0060893D] | mod_Legendary_PowerArmor1_ResistancesProportionalHealth [OMOD:00606276]
00853B63	BOUNTY_LegendaryItems_Rank2	5	First Star Slot	00853B65	BOUNTY_modcol_Legendary_Crafting_PowerArmor2	Bounty Legendary Mods	BOUNTY_modcol_Legendary_Crafting_PowerArmor2 [OMOD:00853B65] | mod_Legendary_PowerArmor2_Elementalist [OMOD:008493E7] | mod_Legendary_PowerArmor2_PainKiller [OMOD:00850F7B] | mod_Legendary_PowerArmor2_Rushing [OMOD:00850F7A] | mod_Legendary_PowerArmor2_APRegen [OMOD:0060626E] | mod_Legendary_PowerArmor2_CryoResistance [OMOD:00606B70] | mod_Legendary_PowerArmor2_DiseaseResistance [OMOD:0060626A] | mod_Legendary_PowerArmor2_Fireproof [OMOD:00606B3A] | mod_Legendary_PowerArmor2_Glutton [OMOD:006069A7] | mod_Legendary_PowerArmor2_PoisonResistance [OMOD:00606267] | mod_Legendary_PowerArmor2_RadResistance [OMOD:00606264] | mod_Legendary_PowerArmor2_ReduceExplosionDamage [OMOD:00609E50] | mod_Legendary_PowerArmor2_StatAgility [OMOD:00606263] | mod_Legendary_PowerArmor2_StatCharisma [OMOD:00606261] | mod_Legendary_PowerArmor2_StatEndurance [OMOD:00606260] | mod_Legendary_PowerArmor2_StatIntelligence [OMOD:00606256] | mod_Legendary_PowerArmor2_StatLuck [OMOD:00606255] | mod_Legendary_PowerArmor2_StatPerception [OMOD:00606258] | mod_Legendary_PowerArmor2_StatStrength [OMOD:00606254]
00853D21	BOUNTY_LegendaryItems_PowerArmor_Rank3	0	First Star Slot	00853B67	BOUNTY_modcol_Legendary_Crafting_PowerArmor1	Bounty Legendary Mods	BOUNTY_modcol_Legendary_Crafting_PowerArmor1 [OMOD:00853B67] | mod_Legendary_PowerArmor1_Adrenal [OMOD:0080F54E] | mod_Legendary_PowerArmor1_Lucid [OMOD:0083E316] | mod_Legendary_PowerArmor1_Chameleon [OMOD:00606268] | mod_Legendary_PowerArmor1_CloakOnMelee [OMOD:00606269] | mod_Legendary_PowerArmor1_HealthRegen [OMOD:0060625D] | mod_Legendary_PowerArmor1_LessDMGAnimals [OMOD:00606274] | mod_Legendary_PowerArmor1_LessDMGBugs [OMOD:00606266] | mod_Legendary_PowerArmor1_LessDMGGhouls [OMOD:0060625E] | mod_Legendary_PowerArmor1_LessDMGPlayers [OMOD:00606259] | mod_Legendary_PowerArmor1_LessDMGRobots [OMOD:00606275] | mod_Legendary_PowerArmor1_LessDmgScorched [OMOD:0060626D] | mod_Legendary_PowerArmor1_LessDMGSuperMutants [OMOD:00606265] | mod_Legendary_PowerArmor1_LowHealthTriggersStimpak [OMOD:0060625F] | mod_Legendary_PowerArmor1_Overeater [OMOD:00606DE3] | mod_Legendary_PowerArmor1_ResistancesInverseHealth [OMOD:00606257] | mod_Legendary_PowerArmor1_ResistancesMutation [OMOD:00606253] | mod_Legendary_PowerArmor1_ResistancesNight [OMOD:0060625B] | mod_Legendary_PowerArmor1_ResistancesProportionalCaps [OMOD:0060893D] | mod_Legendary_PowerArmor1_ResistancesProportionalHealth [OMOD:00606276]
00853D21	BOUNTY_LegendaryItems_PowerArmor_Rank3	1	First Star Slot	00853B65	BOUNTY_modcol_Legendary_Crafting_PowerArmor2	Bounty Legendary Mods	BOUNTY_modcol_Legendary_Crafting_PowerArmor2 [OMOD:00853B65] | mod_Legendary_PowerArmor2_Elementalist [OMOD:008493E7] | mod_Legendary_PowerArmor2_PainKiller [OMOD:00850F7B] | mod_Legendary_PowerArmor2_Rushing [OMOD:00850F7A] | mod_Legendary_PowerArmor2_APRegen [OMOD:0060626E] | mod_Legendary_PowerArmor2_CryoResistance [OMOD:00606B70] | mod_Legendary_PowerArmor2_DiseaseResistance [OMOD:0060626A] | mod_Legendary_PowerArmor2_Fireproof [OMOD:00606B3A] | mod_Legendary_PowerArmor2_Glutton [OMOD:006069A7] | mod_Legendary_PowerArmor2_PoisonResistance [OMOD:00606267] | mod_Legendary_PowerArmor2_RadResistance [OMOD:00606264] | mod_Legendary_PowerArmor2_ReduceExplosionDamage [OMOD:00609E50] | mod_Legendary_PowerArmor2_StatAgility [OMOD:00606263] | mod_Legendary_PowerArmor2_StatCharisma [OMOD:00606261] | mod_Legendary_PowerArmor2_StatEndurance [OMOD:00606260] | mod_Legendary_PowerArmor2_StatIntelligence [OMOD:00606256] | mod_Legendary_PowerArmor2_StatLuck [OMOD:00606255] | mod_Legendary_PowerArmor2_StatPerception [OMOD:00606258] | mod_Legendary_PowerArmor2_StatStrength [OMOD:00606254]
00853D21	BOUNTY_LegendaryItems_PowerArmor_Rank3	2	First Star Slot	00853B66	BOUNTY_modcol_Legendary_Crafting_PowerArmor3	Bounty Legendary Mods	BOUNTY_modcol_Legendary_Crafting_PowerArmor3 [OMOD:00853B66] | mod_Legendary_PowerArmor3_Active [OMOD:0083E319] | mod_Legendary_PowerArmor3_Healthy [OMOD:0083E318] | mod_Legendary_PowerArmor3_Burning [OMOD:00608376] | mod_Legendary_PowerArmor3_Durability [OMOD:0060625A] | mod_Legendary_PowerArmor3_Electrified [OMOD:00608374] | mod_Legendary_PowerArmor3_Frozen [OMOD:00608377] | mod_Legendary_PowerArmor3_IncreaseHealing [OMOD:00609C45] | mod_Legendary_PowerArmor3_Defenders [OMOD:00606252] | mod_Legendary_PowerArmor3_LessDamageSprinting [OMOD:0060625C] | mod_Legendary_PowerArmor3_LessDamageStandStill [OMOD:00606277] | mod_Legendary_PowerArmor3_LockPick [OMOD:00606273] | mod_Legendary_PowerArmor3_RadsRegen [OMOD:00606B6E] | mod_Legendary_PowerArmor3_Toxic [OMOD:00608375] | mod_Legendary_PowerArmor3_WeightAmmo [OMOD:00606270] | mod_Legendary_PowerArmor3_WeightFoodDrinkChems [OMOD:0060626F] | mod_Legendary_PowerArmor3_WeightJunk [OMOD:0060626C] | mod_Legendary_PowerArmor3_WeightWeapons [OMOD:0060626B]
00853D21	BOUNTY_LegendaryItems_PowerArmor_Rank3	3	First Star Slot	007904F0	modcol_Legendary_Crafting_PowerArmor1	Random Legendary Mod	modcol_Legendary_Crafting_PowerArmor1 [OMOD:007904F0] | mod_Legendary_PowerArmor1_Chameleon [OMOD:00606268] | mod_Legendary_PowerArmor1_CloakOnMelee [OMOD:00606269] | mod_Legendary_PowerArmor1_HealthRegen [OMOD:0060625D] | mod_Legendary_PowerArmor1_LessDMGAnimals [OMOD:00606274] | mod_Legendary_PowerArmor1_LessDMGBugs [OMOD:00606266] | mod_Legendary_PowerArmor1_LessDMGGhouls [OMOD:0060625E] | mod_Legendary_PowerArmor1_LessDMGPlayers [OMOD:00606259] | mod_Legendary_PowerArmor1_LessDMGRobots [OMOD:00606275] | mod_Legendary_PowerArmor1_LessDmgScorched [OMOD:0060626D] | mod_Legendary_PowerArmor1_LessDMGSuperMutants [OMOD:00606265] | mod_Legendary_PowerArmor1_LowHealthTriggersStimpak [OMOD:0060625F] | mod_Legendary_PowerArmor1_Overeater [OMOD:00606DE3] | mod_Legendary_PowerArmor1_ResistancesInverseHealth [OMOD:00606257] | mod_Legendary_PowerArmor1_ResistancesMutation [OMOD:00606253] | mod_Legendary_PowerArmor1_ResistancesNight [OMOD:0060625B] | mod_Legendary_PowerArmor1_ResistancesProportionalCaps [OMOD:0060893D] | mod_Legendary_PowerArmor1_ResistancesProportionalHealth [OMOD:00606276]
00853D21	BOUNTY_LegendaryItems_PowerArmor_Rank3	4	First Star Slot	007904F1	modcol_Legendary_Crafting_PowerArmor2	Random Legendary Mod	modcol_Legendary_Crafting_PowerArmor2 [OMOD:007904F1] | mod_Legendary_PowerArmor2_APRegen [OMOD:0060626E] | mod_Legendary_PowerArmor2_CryoResistance [OMOD:00606B70] | mod_Legendary_PowerArmor2_DiseaseResistance [OMOD:0060626A] | mod_Legendary_PowerArmor2_Fireproof [OMOD:00606B3A] | mod_Legendary_PowerArmor2_Glutton [OMOD:006069A7] | mod_Legendary_PowerArmor2_PoisonResistance [OMOD:00606267] | mod_Legendary_PowerArmor2_RadResistance [OMOD:00606264] | mod_Legendary_PowerArmor2_ReduceExplosionDamage [OMOD:00609E50] | mod_Legendary_PowerArmor2_StatAgility [OMOD:00606263] | mod_Legendary_PowerArmor2_StatCharisma [OMOD:00606261] | mod_Legendary_PowerArmor2_StatEndurance [OMOD:00606260] | mod_Legendary_PowerArmor2_StatIntelligence [OMOD:00606256] | mod_Legendary_PowerArmor2_StatLuck [OMOD:00606255] | mod_Legendary_PowerArmor2_StatPerception [OMOD:00606258] | mod_Legendary_PowerArmor2_StatStrength [OMOD:00606254]
00853D21	BOUNTY_LegendaryItems_PowerArmor_Rank3	5	First Star Slot	007904F2	modcol_Legendary_Crafting_PowerArmor3	Random Legendary Mod	modcol_Legendary_Crafting_PowerArmor3 [OMOD:007904F2] | mod_Legendary_PowerArmor3_Burning [OMOD:00608376] | mod_Legendary_PowerArmor3_Durability [OMOD:0060625A] | mod_Legendary_PowerArmor3_Electrified [OMOD:00608374] | mod_Legendary_PowerArmor3_Frozen [OMOD:00608377] | mod_Legendary_PowerArmor3_IncreaseHealing [OMOD:00609C45] | mod_Legendary_PowerArmor3_Defenders [OMOD:00606252] | mod_Legendary_PowerArmor3_LessDamageSprinting [OMOD:0060625C] | mod_Legendary_PowerArmor3_LessDamageStandStill [OMOD:00606277] | mod_Legendary_PowerArmor3_LockPick [OMOD:00606273] | mod_Legendary_PowerArmor3_RadsRegen [OMOD:00606B6E] | mod_Legendary_PowerArmor3_Toxic [OMOD:00608375] | mod_Legendary_PowerArmor3_WeightAmmo [OMOD:00606270] | mod_Legendary_PowerArmor3_WeightFoodDrinkChems [OMOD:0060626F] | mod_Legendary_PowerArmor3_WeightJunk [OMOD:0060626C] | mod_Legendary_PowerArmor3_WeightWeapons [OMOD:0060626B]
00853D1D	BOUNTY_LegendaryItems_Weapons_Rank3	0	First Star Slot	00853B5A	BOUNTY_modcol_Legendary_Crafting_Weapon1	Bounty Legendary Mods	BOUNTY_modcol_Legendary_Crafting_Weapon1 [OMOD:00853B5A] | mod_Legendary_Weapon1_Melee_Feral [OMOD:0083DA74] | mod_Legendary_Weapon1_Guns_Sniper [OMOD:0083DA73] | mod_Legendary_Weapon1_Adrenal [OMOD:0080F549] | mod_Legendary_Weapon1_Lucid [OMOD:0083DA71] | mod_Legendary_Weapon1_AntiArmor [OMOD:005281B4] | mod_Legendary_Weapon1_Medic [OMOD:0075EAC6] | mod_Legendary_Weapon1_DamageAddiction [OMOD:004F6AAB] | mod_Legendary_Weapon1_DamageFirstBlood [OMOD:004F6AA5] | mod_Legendary_Weapon1_DamageInverseHealth [OMOD:004F6AA0] | mod_Legendary_Weapon1_DamageNight [OMOD:004F6AAE] | mod_Legendary_Weapon1_DamageUnarmored [OMOD:004F6AA7] | mod_Legendary_Weapon1_DamageViaCaps [OMOD:00606B71] | mod_Legendary_Weapon1_DamageViaHealth [OMOD:00606B73] | mod_Legendary_Weapon1_DebuffDamage [OMOD:005281B8] | mod_Legendary_Weapon1_DmgConsecutiveHits [OMOD:004F577D] | mod_Legendary_Weapon1_DmgVsAnimals [OMOD:004F577A] | mod_Legendary_Weapon1_DmgVsBugs [OMOD:001F81EB] | mod_Legendary_Weapon1_DmgVsGhouls [OMOD:004F5779] | mod_Legendary_Weapon1_DmgVsPlayers [OMOD:004F5770] | mod_Legendary_Weapon1_DmgVsRobots [OMOD:004F577C] | mod_Legendary_Weapon1_DmgVsScorched [OMOD:004ED02B] | mod_Legendary_Weapon1_DmgVsSupermutants [OMOD:004F577B] | mod_Legendary_Weapon1_DmgWithMutation [OMOD:005299F5] | mod_Legendary_Weapon1_Execute [OMOD:004F6AA1] | mod_Legendary_Weapon1_Gourmand [OMOD:006069F2] | mod_Legendary_Weapon1_Guns_AccuracyNotInCombat [OMOD:004F6D77] | mod_Legendary_Weapon1_Guns_AmmoCapacity4x [OMOD:004F6AB1] | mod_Legendary_Weapon1_Guns_TwoShot [OMOD:004F6D76] | mod_Legendary_Weapon1_Vampire [OMOD:00527F84]
00853D1D	BOUNTY_LegendaryItems_Weapons_Rank3	1	First Star Slot	007904EA	modcol_Legendary_Crafting_Weapon1	Random Legendary Mod	modcol_Legendary_Crafting_Weapon1 [OMOD:007904EA] | mod_Legendary_Weapon1_AntiArmor [OMOD:005281B4] | mod_Legendary_Weapon1_Medic [OMOD:0075EAC6] | mod_Legendary_Weapon1_DamageAddiction [OMOD:004F6AAB] | mod_Legendary_Weapon1_DamageFirstBlood [OMOD:004F6AA5] | mod_Legendary_Weapon1_DamageInverseHealth [OMOD:004F6AA0] | mod_Legendary_Weapon1_DamageNight [OMOD:004F6AAE] | mod_Legendary_Weapon1_DamageUnarmored [OMOD:004F6AA7] | mod_Legendary_Weapon1_DamageViaCaps [OMOD:00606B71] | mod_Legendary_Weapon1_DamageViaHealth [OMOD:00606B73] | mod_Legendary_Weapon1_DebuffDamage [OMOD:005281B8] | mod_Legendary_Weapon1_DmgConsecutiveHits [OMOD:004F577D] | mod_Legendary_Weapon1_DmgVsAnimals [OMOD:004F577A] | mod_Legendary_Weapon1_DmgVsBugs [OMOD:001F81EB] | mod_Legendary_Weapon1_DmgVsGhouls [OMOD:004F5779] | mod_Legendary_Weapon1_DmgVsPlayers [OMOD:004F5770] | mod_Legendary_Weapon1_DmgVsRobots [OMOD:004F577C] | mod_Legendary_Weapon1_DmgVsScorched [OMOD:004ED02B] | mod_Legendary_Weapon1_DmgVsSupermutants [OMOD:004F577B] | mod_Legendary_Weapon1_DmgWithMutation [OMOD:005299F5] | mod_Legendary_Weapon1_Execute [OMOD:004F6AA1] | mod_Legendary_Weapon1_Gourmand [OMOD:006069F2] | mod_Legendary_Weapon1_Guns_AccuracyNotInCombat [OMOD:004F6D77] | mod_Legendary_Weapon1_Guns_AmmoCapacity4x [OMOD:004F6AB1] | mod_Legendary_Weapon1_Guns_TwoShot [OMOD:004F6D76] | mod_Legendary_Weapon1_Vampire [OMOD:00527F84]
00853D1D	BOUNTY_LegendaryItems_Weapons_Rank3	2	First Star Slot	00853B5B	BOUNTY_modcol_Legendary_Crafting_Weapon2	Bounty Legendary Mods	BOUNTY_modcol_Legendary_Crafting_Weapon2 [OMOD:00853B5B] | mod_Legendary_Weapon2_Melee_PickPocket [OMOD:0083DA6F] | mod_Legendary_Weapon2_APViaKill [OMOD:00606B72] | mod_Legendary_Weapon2_DmgCrits [OMOD:0052414B] | mod_Legendary_Weapon2_DmgLimbs [OMOD:004ED02C] | mod_Legendary_Weapon2_Guns_Bashing [OMOD:005299F9] | mod_Legendary_Weapon2_Guns_DmgSights [OMOD:0052414E] | mod_Legendary_Weapon2_Guns_ExplosiveBullets [OMOD:004F5771] | mod_Legendary_Weapon2_Guns_LastShot [OMOD:006069EC] | mod_Legendary_Weapon2_Guns_RoF [OMOD:0052414F] | mod_Legendary_Weapon2_Guns_VATSAccuracy [OMOD:00524153] | mod_Legendary_Weapon2_Melee_BlockReflects [OMOD:001A7C39] | mod_Legendary_Weapon2_Melee_DamagePowerAttack [OMOD:001A7BE2] | mod_Legendary_Weapon2_Melee_Steady [OMOD:00606C8D] | mod_Legendary_Weapon2_Melee_SwingSpeed [OMOD:001A7BDA]
00853D1D	BOUNTY_LegendaryItems_Weapons_Rank3	3	First Star Slot	007904EB	modcol_Legendary_Crafting_Weapon2	Random Legendary Mod	modcol_Legendary_Crafting_Weapon2 [OMOD:007904EB] | mod_Legendary_Weapon2_APViaKill [OMOD:00606B72] | mod_Legendary_Weapon2_DmgCrits [OMOD:0052414B] | mod_Legendary_Weapon2_DmgLimbs [OMOD:004ED02C] | mod_Legendary_Weapon2_Guns_Bashing [OMOD:005299F9] | mod_Legendary_Weapon2_Guns_DmgSights [OMOD:0052414E] | mod_Legendary_Weapon2_Guns_ExplosiveBullets [OMOD:004F5771] | mod_Legendary_Weapon2_Guns_LastShot [OMOD:006069EC] | mod_Legendary_Weapon2_Guns_RoF [OMOD:0052414F] | mod_Legendary_Weapon2_Guns_VATSAccuracy [OMOD:00524153] | mod_Legendary_Weapon2_Melee_BlockReflects [OMOD:001A7C39] | mod_Legendary_Weapon2_Melee_DamagePowerAttack [OMOD:001A7BE2] | mod_Legendary_Weapon2_Melee_Steady [OMOD:00606C8D] | mod_Legendary_Weapon2_Melee_SwingSpeed [OMOD:001A7BDA]
00853D1D	BOUNTY_LegendaryItems_Weapons_Rank3	4	First Star Slot	00853B5C	BOUNTY_modcol_Legendary_Crafting_Weapon3	Bounty Legendary Mods	BOUNTY_modcol_Legendary_Crafting_Weapon3 [OMOD:00853B5C] | mod_Legendary_Weapon3_Glowing [OMOD:0083DA6A] | mod_Legendary_Weapon3_Melee_Barbarian [OMOD:0083DA6B] | mod_Legendary_Weapon3_CritSpeed [OMOD:0052414C] | mod_Legendary_Weapon3_Durability [OMOD:0037F7D9] | mod_Legendary_Weapon3_Guns_CloakOnHit [OMOD:00609E4F] | mod_Legendary_Weapon3_Guns_MoveSpeedSights [OMOD:004ED02E] | mod_Legendary_Weapon3_Guns_ReloadSpeed [OMOD:00524150] | mod_Legendary_Weapon3_Guns_ResistReload [OMOD:004F5777] | mod_Legendary_Weapon3_Guns_ResistSights [OMOD:004F5772] | mod_Legendary_Weapon3_StatPerception [OMOD:005299FA] | mod_Legendary_Weapon3_Melee_LessDamageBlock [OMOD:005253FB] | mod_Legendary_Weapon3_Melee_Defenders [OMOD:001A7BD3] | mod_Legendary_Weapon3_StatEndurance [OMOD:005299FD] | mod_Legendary_Weapon3_StatStrength [OMOD:005299FC] | mod_Legendary_Weapon3_StatAgility [OMOD:005299FB] | mod_Legendary_Weapon3_VATSCostAP [OMOD:00524154] | mod_Legendary_Weapon3_Weight [OMOD:00524152] | mod_Legendary_Weapon3_StatCharisma [OMOD:0079AD67] | mod_Legendary_Weapon3_StatIntelligence [OMOD:0079AD68] | mod_Legendary_Weapon3_StatLuck [OMOD:0079AD69]
00853D1D	BOUNTY_LegendaryItems_Weapons_Rank3	5	First Star Slot	007904EC	modcol_Legendary_Crafting_Weapon3	Random Legendary Mod	modcol_Legendary_Crafting_Weapon3 [OMOD:007904EC] | mod_Legendary_Weapon3_CritSpeed [OMOD:0052414C] | mod_Legendary_Weapon3_Durability [OMOD:0037F7D9] | mod_Legendary_Weapon3_Guns_CloakOnHit [OMOD:00609E4F] | mod_Legendary_Weapon3_Guns_MoveSpeedSights [OMOD:004ED02E] | mod_Legendary_Weapon3_Guns_ReloadSpeed [OMOD:00524150] | mod_Legendary_Weapon3_Guns_ResistReload [OMOD:004F5777] | mod_Legendary_Weapon3_Guns_ResistSights [OMOD:004F5772] | mod_Legendary_Weapon3_StatPerception [OMOD:005299FA] | mod_Legendary_Weapon3_Melee_LessDamageBlock [OMOD:005253FB] | mod_Legendary_Weapon3_Melee_Defenders [OMOD:001A7BD3] | mod_Legendary_Weapon3_StatEndurance [OMOD:005299FD] | mod_Legendary_Weapon3_StatStrength [OMOD:005299FC] | mod_Legendary_Weapon3_StatAgility [OMOD:005299FB] | mod_Legendary_Weapon3_VATSCostAP [OMOD:00524154] | mod_Legendary_Weapon3_Weight [OMOD:00524152] | mod_Legendary_Weapon3_StatCharisma [OMOD:0079AD67] | mod_Legendary_Weapon3_StatIntelligence [OMOD:0079AD68] | mod_Legendary_Weapon3_StatLuck [OMOD:0079AD69]
00853D1B	BOUNTY_LegendaryItems_Weapons_Rank1	0	First Star Slot	00853B5A	BOUNTY_modcol_Legendary_Crafting_Weapon1	Bounty Legendary Mods	BOUNTY_modcol_Legendary_Crafting_Weapon1 [OMOD:00853B5A] | mod_Legendary_Weapon1_Melee_Feral [OMOD:0083DA74] | mod_Legendary_Weapon1_Guns_Sniper [OMOD:0083DA73] | mod_Legendary_Weapon1_Adrenal [OMOD:0080F549] | mod_Legendary_Weapon1_Lucid [OMOD:0083DA71] | mod_Legendary_Weapon1_AntiArmor [OMOD:005281B4] | mod_Legendary_Weapon1_Medic [OMOD:0075EAC6] | mod_Legendary_Weapon1_DamageAddiction [OMOD:004F6AAB] | mod_Legendary_Weapon1_DamageFirstBlood [OMOD:004F6AA5] | mod_Legendary_Weapon1_DamageInverseHealth [OMOD:004F6AA0] | mod_Legendary_Weapon1_DamageNight [OMOD:004F6AAE] | mod_Legendary_Weapon1_DamageUnarmored [OMOD:004F6AA7] | mod_Legendary_Weapon1_DamageViaCaps [OMOD:00606B71] | mod_Legendary_Weapon1_DamageViaHealth [OMOD:00606B73] | mod_Legendary_Weapon1_DebuffDamage [OMOD:005281B8] | mod_Legendary_Weapon1_DmgConsecutiveHits [OMOD:004F577D] | mod_Legendary_Weapon1_DmgVsAnimals [OMOD:004F577A] | mod_Legendary_Weapon1_DmgVsBugs [OMOD:001F81EB] | mod_Legendary_Weapon1_DmgVsGhouls [OMOD:004F5779] | mod_Legendary_Weapon1_DmgVsPlayers [OMOD:004F5770] | mod_Legendary_Weapon1_DmgVsRobots [OMOD:004F577C] | mod_Legendary_Weapon1_DmgVsScorched [OMOD:004ED02B] | mod_Legendary_Weapon1_DmgVsSupermutants [OMOD:004F577B] | mod_Legendary_Weapon1_DmgWithMutation [OMOD:005299F5] | mod_Legendary_Weapon1_Execute [OMOD:004F6AA1] | mod_Legendary_Weapon1_Gourmand [OMOD:006069F2] | mod_Legendary_Weapon1_Guns_AccuracyNotInCombat [OMOD:004F6D77] | mod_Legendary_Weapon1_Guns_AmmoCapacity4x [OMOD:004F6AB1] | mod_Legendary_Weapon1_Guns_TwoShot [OMOD:004F6D76] | mod_Legendary_Weapon1_Vampire [OMOD:00527F84]
00853D1B	BOUNTY_LegendaryItems_Weapons_Rank1	1	First Star Slot	007904EA	modcol_Legendary_Crafting_Weapon1	Random Legendary Mod	modcol_Legendary_Crafting_Weapon1 [OMOD:007904EA] | mod_Legendary_Weapon1_AntiArmor [OMOD:005281B4] | mod_Legendary_Weapon1_Medic [OMOD:0075EAC6] | mod_Legendary_Weapon1_DamageAddiction [OMOD:004F6AAB] | mod_Legendary_Weapon1_DamageFirstBlood [OMOD:004F6AA5] | mod_Legendary_Weapon1_DamageInverseHealth [OMOD:004F6AA0] | mod_Legendary_Weapon1_DamageNight [OMOD:004F6AAE] | mod_Legendary_Weapon1_DamageUnarmored [OMOD:004F6AA7] | mod_Legendary_Weapon1_DamageViaCaps [OMOD:00606B71] | mod_Legendary_Weapon1_DamageViaHealth [OMOD:00606B73] | mod_Legendary_Weapon1_DebuffDamage [OMOD:005281B8] | mod_Legendary_Weapon1_DmgConsecutiveHits [OMOD:004F577D] | mod_Legendary_Weapon1_DmgVsAnimals [OMOD:004F577A] | mod_Legendary_Weapon1_DmgVsBugs [OMOD:001F81EB] | mod_Legendary_Weapon1_DmgVsGhouls [OMOD:004F5779] | mod_Legendary_Weapon1_DmgVsPlayers [OMOD:004F5770] | mod_Legendary_Weapon1_DmgVsRobots [OMOD:004F577C] | mod_Legendary_Weapon1_DmgVsScorched [OMOD:004ED02B] | mod_Legendary_Weapon1_DmgVsSupermutants [OMOD:004F577B] | mod_Legendary_Weapon1_DmgWithMutation [OMOD:005299F5] | mod_Legendary_Weapon1_Execute [OMOD:004F6AA1] | mod_Legendary_Weapon1_Gourmand [OMOD:006069F2] | mod_Legendary_Weapon1_Guns_AccuracyNotInCombat [OMOD:004F6D77] | mod_Legendary_Weapon1_Guns_AmmoCapacity4x [OMOD:004F6AB1] | mod_Legendary_Weapon1_Guns_TwoShot [OMOD:004F6D76] | mod_Legendary_Weapon1_Vampire [OMOD:00527F84]
00853D22	BOUNTY_LegendaryItems_PowerArmor_Rank2	0	First Star Slot	00853B67	BOUNTY_modcol_Legendary_Crafting_PowerArmor1	Bounty Legendary Mods	BOUNTY_modcol_Legendary_Crafting_PowerArmor1 [OMOD:00853B67] | mod_Legendary_PowerArmor1_Adrenal [OMOD:0080F54E] | mod_Legendary_PowerArmor1_Lucid [OMOD:0083E316] | mod_Legendary_PowerArmor1_Chameleon [OMOD:00606268] | mod_Legendary_PowerArmor1_CloakOnMelee [OMOD:00606269] | mod_Legendary_PowerArmor1_HealthRegen [OMOD:0060625D] | mod_Legendary_PowerArmor1_LessDMGAnimals [OMOD:00606274] | mod_Legendary_PowerArmor1_LessDMGBugs [OMOD:00606266] | mod_Legendary_PowerArmor1_LessDMGGhouls [OMOD:0060625E] | mod_Legendary_PowerArmor1_LessDMGPlayers [OMOD:00606259] | mod_Legendary_PowerArmor1_LessDMGRobots [OMOD:00606275] | mod_Legendary_PowerArmor1_LessDmgScorched [OMOD:0060626D] | mod_Legendary_PowerArmor1_LessDMGSuperMutants [OMOD:00606265] | mod_Legendary_PowerArmor1_LowHealthTriggersStimpak [OMOD:0060625F] | mod_Legendary_PowerArmor1_Overeater [OMOD:00606DE3] | mod_Legendary_PowerArmor1_ResistancesInverseHealth [OMOD:00606257] | mod_Legendary_PowerArmor1_ResistancesMutation [OMOD:00606253] | mod_Legendary_PowerArmor1_ResistancesNight [OMOD:0060625B] | mod_Legendary_PowerArmor1_ResistancesProportionalCaps [OMOD:0060893D] | mod_Legendary_PowerArmor1_ResistancesProportionalHealth [OMOD:00606276]
00853D22	BOUNTY_LegendaryItems_PowerArmor_Rank2	1	First Star Slot	00853B65	BOUNTY_modcol_Legendary_Crafting_PowerArmor2	Bounty Legendary Mods	BOUNTY_modcol_Legendary_Crafting_PowerArmor2 [OMOD:00853B65] | mod_Legendary_PowerArmor2_Elementalist [OMOD:008493E7] | mod_Legendary_PowerArmor2_PainKiller [OMOD:00850F7B] | mod_Legendary_PowerArmor2_Rushing [OMOD:00850F7A] | mod_Legendary_PowerArmor2_APRegen [OMOD:0060626E] | mod_Legendary_PowerArmor2_CryoResistance [OMOD:00606B70] | mod_Legendary_PowerArmor2_DiseaseResistance [OMOD:0060626A] | mod_Legendary_PowerArmor2_Fireproof [OMOD:00606B3A] | mod_Legendary_PowerArmor2_Glutton [OMOD:006069A7] | mod_Legendary_PowerArmor2_PoisonResistance [OMOD:00606267] | mod_Legendary_PowerArmor2_RadResistance [OMOD:00606264] | mod_Legendary_PowerArmor2_ReduceExplosionDamage [OMOD:00609E50] | mod_Legendary_PowerArmor2_StatAgility [OMOD:00606263] | mod_Legendary_PowerArmor2_StatCharisma [OMOD:00606261] | mod_Legendary_PowerArmor2_StatEndurance [OMOD:00606260] | mod_Legendary_PowerArmor2_StatIntelligence [OMOD:00606256] | mod_Legendary_PowerArmor2_StatLuck [OMOD:00606255] | mod_Legendary_PowerArmor2_StatPerception [OMOD:00606258] | mod_Legendary_PowerArmor2_StatStrength [OMOD:00606254]
00853D22	BOUNTY_LegendaryItems_PowerArmor_Rank2	2	First Star Slot	007904F0	modcol_Legendary_Crafting_PowerArmor1	Random Legendary Mod	modcol_Legendary_Crafting_PowerArmor1 [OMOD:007904F0] | mod_Legendary_PowerArmor1_Chameleon [OMOD:00606268] | mod_Legendary_PowerArmor1_CloakOnMelee [OMOD:00606269] | mod_Legendary_PowerArmor1_HealthRegen [OMOD:0060625D] | mod_Legendary_PowerArmor1_LessDMGAnimals [OMOD:00606274] | mod_Legendary_PowerArmor1_LessDMGBugs [OMOD:00606266] | mod_Legendary_PowerArmor1_LessDMGGhouls [OMOD:0060625E] | mod_Legendary_PowerArmor1_LessDMGPlayers [OMOD:00606259] | mod_Legendary_PowerArmor1_LessDMGRobots [OMOD:00606275] | mod_Legendary_PowerArmor1_LessDmgScorched [OMOD:0060626D] | mod_Legendary_PowerArmor1_LessDMGSuperMutants [OMOD:00606265] | mod_Legendary_PowerArmor1_LowHealthTriggersStimpak [OMOD:0060625F] | mod_Legendary_PowerArmor1_Overeater [OMOD:00606DE3] | mod_Legendary_PowerArmor1_ResistancesInverseHealth [OMOD:00606257] | mod_Legendary_PowerArmor1_ResistancesMutation [OMOD:00606253] | mod_Legendary_PowerArmor1_ResistancesNight [OMOD:0060625B] | mod_Legendary_PowerArmor1_ResistancesProportionalCaps [OMOD:0060893D] | mod_Legendary_PowerArmor1_ResistancesProportionalHealth [OMOD:00606276]
00853D22	BOUNTY_LegendaryItems_PowerArmor_Rank2	3	First Star Slot	007904F1	modcol_Legendary_Crafting_PowerArmor2	Random Legendary Mod	modcol_Legendary_Crafting_PowerArmor2 [OMOD:007904F1] | mod_Legendary_PowerArmor2_APRegen [OMOD:0060626E] | mod_Legendary_PowerArmor2_CryoResistance [OMOD:00606B70] | mod_Legendary_PowerArmor2_DiseaseResistance [OMOD:0060626A] | mod_Legendary_PowerArmor2_Fireproof [OMOD:00606B3A] | mod_Legendary_PowerArmor2_Glutton [OMOD:006069A7] | mod_Legendary_PowerArmor2_PoisonResistance [OMOD:00606267] | mod_Legendary_PowerArmor2_RadResistance [OMOD:00606264] | mod_Legendary_PowerArmor2_ReduceExplosionDamage [OMOD:00609E50] | mod_Legendary_PowerArmor2_StatAgility [OMOD:00606263] | mod_Legendary_PowerArmor2_StatCharisma [OMOD:00606261] | mod_Legendary_PowerArmor2_StatEndurance [OMOD:00606260] | mod_Legendary_PowerArmor2_StatIntelligence [OMOD:00606256] | mod_Legendary_PowerArmor2_StatLuck [OMOD:00606255] | mod_Legendary_PowerArmor2_StatPerception [OMOD:00606258] | mod_Legendary_PowerArmor2_StatStrength [OMOD:00606254]
00853D23	BOUNTY_LegendaryItems_PowerArmor_Rank1	0	First Star Slot	00853B67	BOUNTY_modcol_Legendary_Crafting_PowerArmor1	Bounty Legendary Mods	BOUNTY_modcol_Legendary_Crafting_PowerArmor1 [OMOD:00853B67] | mod_Legendary_PowerArmor1_Adrenal [OMOD:0080F54E] | mod_Legendary_PowerArmor1_Lucid [OMOD:0083E316] | mod_Legendary_PowerArmor1_Chameleon [OMOD:00606268] | mod_Legendary_PowerArmor1_CloakOnMelee [OMOD:00606269] | mod_Legendary_PowerArmor1_HealthRegen [OMOD:0060625D] | mod_Legendary_PowerArmor1_LessDMGAnimals [OMOD:00606274] | mod_Legendary_PowerArmor1_LessDMGBugs [OMOD:00606266] | mod_Legendary_PowerArmor1_LessDMGGhouls [OMOD:0060625E] | mod_Legendary_PowerArmor1_LessDMGPlayers [OMOD:00606259] | mod_Legendary_PowerArmor1_LessDMGRobots [OMOD:00606275] | mod_Legendary_PowerArmor1_LessDmgScorched [OMOD:0060626D] | mod_Legendary_PowerArmor1_LessDMGSuperMutants [OMOD:00606265] | mod_Legendary_PowerArmor1_LowHealthTriggersStimpak [OMOD:0060625F] | mod_Legendary_PowerArmor1_Overeater [OMOD:00606DE3] | mod_Legendary_PowerArmor1_ResistancesInverseHealth [OMOD:00606257] | mod_Legendary_PowerArmor1_ResistancesMutation [OMOD:00606253] | mod_Legendary_PowerArmor1_ResistancesNight [OMOD:0060625B] | mod_Legendary_PowerArmor1_ResistancesProportionalCaps [OMOD:0060893D] | mod_Legendary_PowerArmor1_ResistancesProportionalHealth [OMOD:00606276]
00853D23	BOUNTY_LegendaryItems_PowerArmor_Rank1	1	First Star Slot	007904F0	modcol_Legendary_Crafting_PowerArmor1	Random Legendary Mod	modcol_Legendary_Crafting_PowerArmor1 [OMOD:007904F0] | mod_Legendary_PowerArmor1_Chameleon [OMOD:00606268] | mod_Legendary_PowerArmor1_CloakOnMelee [OMOD:00606269] | mod_Legendary_PowerArmor1_HealthRegen [OMOD:0060625D] | mod_Legendary_PowerArmor1_LessDMGAnimals [OMOD:00606274] | mod_Legendary_PowerArmor1_LessDMGBugs [OMOD:00606266] | mod_Legendary_PowerArmor1_LessDMGGhouls [OMOD:0060625E] | mod_Legendary_PowerArmor1_LessDMGPlayers [OMOD:00606259] | mod_Legendary_PowerArmor1_LessDMGRobots [OMOD:00606275] | mod_Legendary_PowerArmor1_LessDmgScorched [OMOD:0060626D] | mod_Legendary_PowerArmor1_LessDMGSuperMutants [OMOD:00606265] | mod_Legendary_PowerArmor1_LowHealthTriggersStimpak [OMOD:0060625F] | mod_Legendary_PowerArmor1_Overeater [OMOD:00606DE3] | mod_Legendary_PowerArmor1_ResistancesInverseHealth [OMOD:00606257] | mod_Legendary_PowerArmor1_ResistancesMutation [OMOD:00606253] | mod_Legendary_PowerArmor1_ResistancesNight [OMOD:0060625B] | mod_Legendary_PowerArmor1_ResistancesProportionalCaps [OMOD:0060893D] | mod_Legendary_PowerArmor1_ResistancesProportionalHealth [OMOD:00606276]
00853D1E	BOUNTY_LegendaryItems_Armor_Rank1	0	First Star Slot	0083DA70	BOUNTY_modcol_Legendary_Crafting_Armor1	Bounty Legendary Mods	BOUNTY_modcol_Legendary_Crafting_Armor1 [OMOD:0083DA70] | mod_Legendary_Armor1_Lucid [OMOD:0083DA67] | mod_Legendary_Armor1_Adrenal [OMOD:0080F54D] | mod_Legendary_Armor1_AutoRevive [OMOD:00529A0F] | mod_Legendary_Armor1_Chameleon [OMOD:00524146] | mod_Legendary_Armor1_CloakOnMelee [OMOD:00524147] | mod_Legendary_Armor1_HealthRegen [OMOD:00529A09] | mod_Legendary_Armor1_LessDMGAnimals [OMOD:004F6D7D] | mod_Legendary_Armor1_LessDMGBugs [OMOD:004F6D7C] | mod_Legendary_Armor1_LessDMGGhouls [OMOD:004F6D7E] | mod_Legendary_Armor1_LessDMGPlayers [OMOD:004F6D78] | mod_Legendary_Armor1_LessDMGRobots [OMOD:004F6D7F] | mod_Legendary_Armor1_LessDmgScorched [OMOD:004EE548] | mod_Legendary_Armor1_LessDMGSuperMutants [OMOD:004F6D80] | mod_Legendary_Armor1_LowHealthIncreasesStats [OMOD:0052414A] | mod_Legendary_Armor1_LowHealthTriggersStimpak [OMOD:00521915] | mod_Legendary_Armor1_Overeater [OMOD:00606C84] | mod_Legendary_Armor1_ResistancesInverseHealth [OMOD:00521914] | mod_Legendary_Armor1_ResistancesMutation [OMOD:00529A0C] | mod_Legendary_Armor1_ResistancesNight [OMOD:00524143] | mod_Legendary_Armor1_ResistancesProportionalCaps [OMOD:0060893C] | mod_Legendary_Armor1_ResistancesProportionalHealth [OMOD:00529A05] | mod_Legendary_Armor1_Heavyweight [OMOD:00529A14]
00853D1E	BOUNTY_LegendaryItems_Armor_Rank1	1	First Star Slot	007904ED	modcol_Legendary_Crafting_Armor1	Random Legendary Mod	modcol_Legendary_Crafting_Armor1 [OMOD:007904ED] | mod_Legendary_Armor1_AutoRevive [OMOD:00529A0F] | mod_Legendary_Armor1_Chameleon [OMOD:00524146] | mod_Legendary_Armor1_CloakOnMelee [OMOD:00524147] | mod_Legendary_Armor1_HealthRegen [OMOD:00529A09] | mod_Legendary_Armor1_LessDMGAnimals [OMOD:004F6D7D] | mod_Legendary_Armor1_LessDMGBugs [OMOD:004F6D7C] | mod_Legendary_Armor1_LessDMGGhouls [OMOD:004F6D7E] | mod_Legendary_Armor1_LessDMGPlayers [OMOD:004F6D78] | mod_Legendary_Armor1_LessDMGRobots [OMOD:004F6D7F] | mod_Legendary_Armor1_LessDmgScorched [OMOD:004EE548] | mod_Legendary_Armor1_LessDMGSuperMutants [OMOD:004F6D80] | mod_Legendary_Armor1_LowHealthIncreasesStats [OMOD:0052414A] | mod_Legendary_Armor1_LowHealthTriggersStimpak [OMOD:00521915] | mod_Legendary_Armor1_Overeater [OMOD:00606C84] | mod_Legendary_Armor1_ResistancesInverseHealth [OMOD:00521914] | mod_Legendary_Armor1_ResistancesMutation [OMOD:00529A0C] | mod_Legendary_Armor1_ResistancesNight [OMOD:00524143] | mod_Legendary_Armor1_ResistancesProportionalCaps [OMOD:0060893C] | mod_Legendary_Armor1_ResistancesProportionalHealth [OMOD:00529A05] | mod_Legendary_Armor1_Heavyweight [OMOD:00529A14]
00853D1F	BOUNTY_LegendaryItems_Armor_Rank2	0	First Star Slot	0083DA70	BOUNTY_modcol_Legendary_Crafting_Armor1	Bounty Legendary Mods	BOUNTY_modcol_Legendary_Crafting_Armor1 [OMOD:0083DA70] | mod_Legendary_Armor1_Lucid [OMOD:0083DA67] | mod_Legendary_Armor1_Adrenal [OMOD:0080F54D] | mod_Legendary_Armor1_AutoRevive [OMOD:00529A0F] | mod_Legendary_Armor1_Chameleon [OMOD:00524146] | mod_Legendary_Armor1_CloakOnMelee [OMOD:00524147] | mod_Legendary_Armor1_HealthRegen [OMOD:00529A09] | mod_Legendary_Armor1_LessDMGAnimals [OMOD:004F6D7D] | mod_Legendary_Armor1_LessDMGBugs [OMOD:004F6D7C] | mod_Legendary_Armor1_LessDMGGhouls [OMOD:004F6D7E] | mod_Legendary_Armor1_LessDMGPlayers [OMOD:004F6D78] | mod_Legendary_Armor1_LessDMGRobots [OMOD:004F6D7F] | mod_Legendary_Armor1_LessDmgScorched [OMOD:004EE548] | mod_Legendary_Armor1_LessDMGSuperMutants [OMOD:004F6D80] | mod_Legendary_Armor1_LowHealthIncreasesStats [OMOD:0052414A] | mod_Legendary_Armor1_LowHealthTriggersStimpak [OMOD:00521915] | mod_Legendary_Armor1_Overeater [OMOD:00606C84] | mod_Legendary_Armor1_ResistancesInverseHealth [OMOD:00521914] | mod_Legendary_Armor1_ResistancesMutation [OMOD:00529A0C] | mod_Legendary_Armor1_ResistancesNight [OMOD:00524143] | mod_Legendary_Armor1_ResistancesProportionalCaps [OMOD:0060893C] | mod_Legendary_Armor1_ResistancesProportionalHealth [OMOD:00529A05] | mod_Legendary_Armor1_Heavyweight [OMOD:00529A14]
00853D1F	BOUNTY_LegendaryItems_Armor_Rank2	1	First Star Slot	0083DA6C	BOUNTY_modcol_Legendary_Crafting_Armor2	Bounty Legendary Mods	BOUNTY_modcol_Legendary_Crafting_Armor2 [OMOD:0083DA6C] | mod_Legendary_Armor2_Elementalist [OMOD:00849312] | mod_Legendary_Armor2_Fierce [OMOD:00849315] | mod_Legendary_Armor2_PainKiller [OMOD:00850F7D] | mod_Legendary_Armor2_Rushing [OMOD:00850F7C] | mod_Legendary_Armor2_APRegen [OMOD:00527F75] | mod_Legendary_Armor2_CryoResistance [OMOD:00606B6F] | mod_Legendary_Armor2_DiseaseResistance [OMOD:00527F72] | mod_Legendary_Armor2_Fireproof [OMOD:00606B39] | mod_Legendary_Armor2_Glutton [OMOD:006069A6] | mod_Legendary_Armor2_PoisonResistance [OMOD:00527F6E] | mod_Legendary_Armor2_RadResistance [OMOD:00527F6F] | mod_Legendary_Armor2_ReduceExplosionDamage [OMOD:00609E4E] | mod_Legendary_Armor2_StatAgility [OMOD:004F6D85] | mod_Legendary_Armor2_StatCharisma [OMOD:004F6D83] | mod_Legendary_Armor2_StatEndurance [OMOD:004F6D82] | mod_Legendary_Armor2_StatIntelligence [OMOD:004F6D84] | mod_Legendary_Armor2_StatLuck [OMOD:004F6D86] | mod_Legendary_Armor2_StatPerception [OMOD:004F6D81] | mod_Legendary_Armor2_StatStrength [OMOD:004EE54E]
00853D1F	BOUNTY_LegendaryItems_Armor_Rank2	2	First Star Slot	007904ED	modcol_Legendary_Crafting_Armor1	Random Legendary Mod	modcol_Legendary_Crafting_Armor1 [OMOD:007904ED] | mod_Legendary_Armor1_AutoRevive [OMOD:00529A0F] | mod_Legendary_Armor1_Chameleon [OMOD:00524146] | mod_Legendary_Armor1_CloakOnMelee [OMOD:00524147] | mod_Legendary_Armor1_HealthRegen [OMOD:00529A09] | mod_Legendary_Armor1_LessDMGAnimals [OMOD:004F6D7D] | mod_Legendary_Armor1_LessDMGBugs [OMOD:004F6D7C] | mod_Legendary_Armor1_LessDMGGhouls [OMOD:004F6D7E] | mod_Legendary_Armor1_LessDMGPlayers [OMOD:004F6D78] | mod_Legendary_Armor1_LessDMGRobots [OMOD:004F6D7F] | mod_Legendary_Armor1_LessDmgScorched [OMOD:004EE548] | mod_Legendary_Armor1_LessDMGSuperMutants [OMOD:004F6D80] | mod_Legendary_Armor1_LowHealthIncreasesStats [OMOD:0052414A] | mod_Legendary_Armor1_LowHealthTriggersStimpak [OMOD:00521915] | mod_Legendary_Armor1_Overeater [OMOD:00606C84] | mod_Legendary_Armor1_ResistancesInverseHealth [OMOD:00521914] | mod_Legendary_Armor1_ResistancesMutation [OMOD:00529A0C] | mod_Legendary_Armor1_ResistancesNight [OMOD:00524143] | mod_Legendary_Armor1_ResistancesProportionalCaps [OMOD:0060893C] | mod_Legendary_Armor1_ResistancesProportionalHealth [OMOD:00529A05] | mod_Legendary_Armor1_Heavyweight [OMOD:00529A14]
00853D1F	BOUNTY_LegendaryItems_Armor_Rank2	3	First Star Slot	007904EE	modcol_Legendary_Crafting_Armor2	Random Legendary Mod	modcol_Legendary_Crafting_Armor2 [OMOD:007904EE] | mod_Legendary_Armor2_APRegen [OMOD:00527F75] | mod_Legendary_Armor2_CryoResistance [OMOD:00606B6F] | mod_Legendary_Armor2_DiseaseResistance [OMOD:00527F72] | mod_Legendary_Armor2_Fireproof [OMOD:00606B39] | mod_Legendary_Armor2_Glutton [OMOD:006069A6] | mod_Legendary_Armor2_PoisonResistance [OMOD:00527F6E] | mod_Legendary_Armor2_RadResistance [OMOD:00527F6F] | mod_Legendary_Armor2_ReduceExplosionDamage [OMOD:00609E4E] | mod_Legendary_Armor2_StatAgility [OMOD:004F6D85] | mod_Legendary_Armor2_StatCharisma [OMOD:004F6D83] | mod_Legendary_Armor2_StatEndurance [OMOD:004F6D82] | mod_Legendary_Armor2_StatIntelligence [OMOD:004F6D84] | mod_Legendary_Armor2_StatLuck [OMOD:004F6D86] | mod_Legendary_Armor2_StatPerception [OMOD:004F6D81] | mod_Legendary_Armor2_StatStrength [OMOD:004EE54E]
00853D1C	BOUNTY_LegendaryItems_Weapons_Rank2	0	First Star Slot	00853B5A	BOUNTY_modcol_Legendary_Crafting_Weapon1	Bounty Legendary Mods	BOUNTY_modcol_Legendary_Crafting_Weapon1 [OMOD:00853B5A] | mod_Legendary_Weapon1_Melee_Feral [OMOD:0083DA74] | mod_Legendary_Weapon1_Guns_Sniper [OMOD:0083DA73] | mod_Legendary_Weapon1_Adrenal [OMOD:0080F549] | mod_Legendary_Weapon1_Lucid [OMOD:0083DA71] | mod_Legendary_Weapon1_AntiArmor [OMOD:005281B4] | mod_Legendary_Weapon1_Medic [OMOD:0075EAC6] | mod_Legendary_Weapon1_DamageAddiction [OMOD:004F6AAB] | mod_Legendary_Weapon1_DamageFirstBlood [OMOD:004F6AA5] | mod_Legendary_Weapon1_DamageInverseHealth [OMOD:004F6AA0] | mod_Legendary_Weapon1_DamageNight [OMOD:004F6AAE] | mod_Legendary_Weapon1_DamageUnarmored [OMOD:004F6AA7] | mod_Legendary_Weapon1_DamageViaCaps [OMOD:00606B71] | mod_Legendary_Weapon1_DamageViaHealth [OMOD:00606B73] | mod_Legendary_Weapon1_DebuffDamage [OMOD:005281B8] | mod_Legendary_Weapon1_DmgConsecutiveHits [OMOD:004F577D] | mod_Legendary_Weapon1_DmgVsAnimals [OMOD:004F577A] | mod_Legendary_Weapon1_DmgVsBugs [OMOD:001F81EB] | mod_Legendary_Weapon1_DmgVsGhouls [OMOD:004F5779] | mod_Legendary_Weapon1_DmgVsPlayers [OMOD:004F5770] | mod_Legendary_Weapon1_DmgVsRobots [OMOD:004F577C] | mod_Legendary_Weapon1_DmgVsScorched [OMOD:004ED02B] | mod_Legendary_Weapon1_DmgVsSupermutants [OMOD:004F577B] | mod_Legendary_Weapon1_DmgWithMutation [OMOD:005299F5] | mod_Legendary_Weapon1_Execute [OMOD:004F6AA1] | mod_Legendary_Weapon1_Gourmand [OMOD:006069F2] | mod_Legendary_Weapon1_Guns_AccuracyNotInCombat [OMOD:004F6D77] | mod_Legendary_Weapon1_Guns_AmmoCapacity4x [OMOD:004F6AB1] | mod_Legendary_Weapon1_Guns_TwoShot [OMOD:004F6D76] | mod_Legendary_Weapon1_Vampire [OMOD:00527F84]
00853D1C	BOUNTY_LegendaryItems_Weapons_Rank2	1	First Star Slot	007904EA	modcol_Legendary_Crafting_Weapon1	Random Legendary Mod	modcol_Legendary_Crafting_Weapon1 [OMOD:007904EA] | mod_Legendary_Weapon1_AntiArmor [OMOD:005281B4] | mod_Legendary_Weapon1_Medic [OMOD:0075EAC6] | mod_Legendary_Weapon1_DamageAddiction [OMOD:004F6AAB] | mod_Legendary_Weapon1_DamageFirstBlood [OMOD:004F6AA5] | mod_Legendary_Weapon1_DamageInverseHealth [OMOD:004F6AA0] | mod_Legendary_Weapon1_DamageNight [OMOD:004F6AAE] | mod_Legendary_Weapon1_DamageUnarmored [OMOD:004F6AA7] | mod_Legendary_Weapon1_DamageViaCaps [OMOD:00606B71] | mod_Legendary_Weapon1_DamageViaHealth [OMOD:00606B73] | mod_Legendary_Weapon1_DebuffDamage [OMOD:005281B8] | mod_Legendary_Weapon1_DmgConsecutiveHits [OMOD:004F577D] | mod_Legendary_Weapon1_DmgVsAnimals [OMOD:004F577A] | mod_Legendary_Weapon1_DmgVsBugs [OMOD:001F81EB] | mod_Legendary_Weapon1_DmgVsGhouls [OMOD:004F5779] | mod_Legendary_Weapon1_DmgVsPlayers [OMOD:004F5770] | mod_Legendary_Weapon1_DmgVsRobots [OMOD:004F577C] | mod_Legendary_Weapon1_DmgVsScorched [OMOD:004ED02B] | mod_Legendary_Weapon1_DmgVsSupermutants [OMOD:004F577B] | mod_Legendary_Weapon1_DmgWithMutation [OMOD:005299F5] | mod_Legendary_Weapon1_Execute [OMOD:004F6AA1] | mod_Legendary_Weapon1_Gourmand [OMOD:006069F2] | mod_Legendary_Weapon1_Guns_AccuracyNotInCombat [OMOD:004F6D77] | mod_Legendary_Weapon1_Guns_AmmoCapacity4x [OMOD:004F6AB1] | mod_Legendary_Weapon1_Guns_TwoShot [OMOD:004F6D76] | mod_Legendary_Weapon1_Vampire [OMOD:00527F84]
00853D1C	BOUNTY_LegendaryItems_Weapons_Rank2	2	First Star Slot	00853B5B	BOUNTY_modcol_Legendary_Crafting_Weapon2	Bounty Legendary Mods	BOUNTY_modcol_Legendary_Crafting_Weapon2 [OMOD:00853B5B] | mod_Legendary_Weapon2_Melee_PickPocket [OMOD:0083DA6F] | mod_Legendary_Weapon2_APViaKill [OMOD:00606B72] | mod_Legendary_Weapon2_DmgCrits [OMOD:0052414B] | mod_Legendary_Weapon2_DmgLimbs [OMOD:004ED02C] | mod_Legendary_Weapon2_Guns_Bashing [OMOD:005299F9] | mod_Legendary_Weapon2_Guns_DmgSights [OMOD:0052414E] | mod_Legendary_Weapon2_Guns_ExplosiveBullets [OMOD:004F5771] | mod_Legendary_Weapon2_Guns_LastShot [OMOD:006069EC] | mod_Legendary_Weapon2_Guns_RoF [OMOD:0052414F] | mod_Legendary_Weapon2_Guns_VATSAccuracy [OMOD:00524153] | mod_Legendary_Weapon2_Melee_BlockReflects [OMOD:001A7C39] | mod_Legendary_Weapon2_Melee_DamagePowerAttack [OMOD:001A7BE2] | mod_Legendary_Weapon2_Melee_Steady [OMOD:00606C8D] | mod_Legendary_Weapon2_Melee_SwingSpeed [OMOD:001A7BDA]
00853D1C	BOUNTY_LegendaryItems_Weapons_Rank2	3	First Star Slot	007904EB	modcol_Legendary_Crafting_Weapon2	Random Legendary Mod	modcol_Legendary_Crafting_Weapon2 [OMOD:007904EB] | mod_Legendary_Weapon2_APViaKill [OMOD:00606B72] | mod_Legendary_Weapon2_DmgCrits [OMOD:0052414B] | mod_Legendary_Weapon2_DmgLimbs [OMOD:004ED02C] | mod_Legendary_Weapon2_Guns_Bashing [OMOD:005299F9] | mod_Legendary_Weapon2_Guns_DmgSights [OMOD:0052414E] | mod_Legendary_Weapon2_Guns_ExplosiveBullets [OMOD:004F5771] | mod_Legendary_Weapon2_Guns_LastShot [OMOD:006069EC] | mod_Legendary_Weapon2_Guns_RoF [OMOD:0052414F] | mod_Legendary_Weapon2_Guns_VATSAccuracy [OMOD:00524153] | mod_Legendary_Weapon2_Melee_BlockReflects [OMOD:001A7C39] | mod_Legendary_Weapon2_Melee_DamagePowerAttack [OMOD:001A7BE2] | mod_Legendary_Weapon2_Melee_Steady [OMOD:00606C8D] | mod_Legendary_Weapon2_Melee_SwingSpeed [OMOD:001A7BDA]
00853D20	BOUNTY_LegendaryItems_Armor_Rank3	0	First Star Slot	0083DA70	BOUNTY_modcol_Legendary_Crafting_Armor1	Bounty Legendary Mods	BOUNTY_modcol_Legendary_Crafting_Armor1 [OMOD:0083DA70] | mod_Legendary_Armor1_Lucid [OMOD:0083DA67] | mod_Legendary_Armor1_Adrenal [OMOD:0080F54D] | mod_Legendary_Armor1_AutoRevive [OMOD:00529A0F] | mod_Legendary_Armor1_Chameleon [OMOD:00524146] | mod_Legendary_Armor1_CloakOnMelee [OMOD:00524147] | mod_Legendary_Armor1_HealthRegen [OMOD:00529A09] | mod_Legendary_Armor1_LessDMGAnimals [OMOD:004F6D7D] | mod_Legendary_Armor1_LessDMGBugs [OMOD:004F6D7C] | mod_Legendary_Armor1_LessDMGGhouls [OMOD:004F6D7E] | mod_Legendary_Armor1_LessDMGPlayers [OMOD:004F6D78] | mod_Legendary_Armor1_LessDMGRobots [OMOD:004F6D7F] | mod_Legendary_Armor1_LessDmgScorched [OMOD:004EE548] | mod_Legendary_Armor1_LessDMGSuperMutants [OMOD:004F6D80] | mod_Legendary_Armor1_LowHealthIncreasesStats [OMOD:0052414A] | mod_Legendary_Armor1_LowHealthTriggersStimpak [OMOD:00521915] | mod_Legendary_Armor1_Overeater [OMOD:00606C84] | mod_Legendary_Armor1_ResistancesInverseHealth [OMOD:00521914] | mod_Legendary_Armor1_ResistancesMutation [OMOD:00529A0C] | mod_Legendary_Armor1_ResistancesNight [OMOD:00524143] | mod_Legendary_Armor1_ResistancesProportionalCaps [OMOD:0060893C] | mod_Legendary_Armor1_ResistancesProportionalHealth [OMOD:00529A05] | mod_Legendary_Armor1_Heavyweight [OMOD:00529A14]
00853D20	BOUNTY_LegendaryItems_Armor_Rank3	1	First Star Slot	0083DA6C	BOUNTY_modcol_Legendary_Crafting_Armor2	Bounty Legendary Mods	BOUNTY_modcol_Legendary_Crafting_Armor2 [OMOD:0083DA6C] | mod_Legendary_Armor2_Elementalist [OMOD:00849312] | mod_Legendary_Armor2_Fierce [OMOD:00849315] | mod_Legendary_Armor2_PainKiller [OMOD:00850F7D] | mod_Legendary_Armor2_Rushing [OMOD:00850F7C] | mod_Legendary_Armor2_APRegen [OMOD:00527F75] | mod_Legendary_Armor2_CryoResistance [OMOD:00606B6F] | mod_Legendary_Armor2_DiseaseResistance [OMOD:00527F72] | mod_Legendary_Armor2_Fireproof [OMOD:00606B39] | mod_Legendary_Armor2_Glutton [OMOD:006069A6] | mod_Legendary_Armor2_PoisonResistance [OMOD:00527F6E] | mod_Legendary_Armor2_RadResistance [OMOD:00527F6F] | mod_Legendary_Armor2_ReduceExplosionDamage [OMOD:00609E4E] | mod_Legendary_Armor2_StatAgility [OMOD:004F6D85] | mod_Legendary_Armor2_StatCharisma [OMOD:004F6D83] | mod_Legendary_Armor2_StatEndurance [OMOD:004F6D82] | mod_Legendary_Armor2_StatIntelligence [OMOD:004F6D84] | mod_Legendary_Armor2_StatLuck [OMOD:004F6D86] | mod_Legendary_Armor2_StatPerception [OMOD:004F6D81] | mod_Legendary_Armor2_StatStrength [OMOD:004EE54E]
00853D20	BOUNTY_LegendaryItems_Armor_Rank3	2	First Star Slot	0083DA6E	BOUNTY_modcol_Legendary_Crafting_Armor3	Bounty Legendary Mods	BOUNTY_modcol_Legendary_Crafting_Armor3 [OMOD:0083DA6E] | mod_Legendary_Armor3_Active [OMOD:0083DA62] | mod_Legendary_Armor3_Healthy [OMOD:0083DA63] | mod_Legendary_Armor3_Reflex [OMOD:0083DA60] | mod_Legendary_Armor3_Burning [OMOD:00608371] | mod_Legendary_Armor3_Durability [OMOD:0052BDBA] | mod_Legendary_Armor3_Electrified [OMOD:00608373] | mod_Legendary_Armor3_Frozen [OMOD:00608372] | mod_Legendary_Armor3_IncreaseHealing [OMOD:00609C46] | mod_Legendary_Armor3_Defenders [OMOD:00527F76] | mod_Legendary_Armor3_LessDamageSprinting [OMOD:00527F77] | mod_Legendary_Armor3_LessDamageStandStill [OMOD:004EE54C] | mod_Legendary_Armor3_LessFallDamage [OMOD:00527F79] | mod_Legendary_Armor3_LockPick [OMOD:00527F7B] | mod_Legendary_Armor3_RadsRegen [OMOD:00606B6D] | mod_Legendary_Armor3_ReducedLimbDamage [OMOD:0052BDBC] | mod_Legendary_Armor3_Sneak [OMOD:0052BDB7] | mod_Legendary_Armor3_Toxic [OMOD:00608370] | mod_Legendary_Armor3_Waterbreathing [OMOD:00527F7A] | mod_Legendary_Armor3_WeightAmmo [OMOD:0052BDB4] | mod_Legendary_Armor3_WeightFoodDrinkChems [OMOD:0052BDB5] | mod_Legendary_Armor3_WeightJunk [OMOD:0052BDB6] | mod_Legendary_Armor3_WeightWeapons [OMOD:00527F78]
00853D20	BOUNTY_LegendaryItems_Armor_Rank3	3	First Star Slot	007904ED	modcol_Legendary_Crafting_Armor1	Random Legendary Mod	modcol_Legendary_Crafting_Armor1 [OMOD:007904ED] | mod_Legendary_Armor1_AutoRevive [OMOD:00529A0F] | mod_Legendary_Armor1_Chameleon [OMOD:00524146] | mod_Legendary_Armor1_CloakOnMelee [OMOD:00524147] | mod_Legendary_Armor1_HealthRegen [OMOD:00529A09] | mod_Legendary_Armor1_LessDMGAnimals [OMOD:004F6D7D] | mod_Legendary_Armor1_LessDMGBugs [OMOD:004F6D7C] | mod_Legendary_Armor1_LessDMGGhouls [OMOD:004F6D7E] | mod_Legendary_Armor1_LessDMGPlayers [OMOD:004F6D78] | mod_Legendary_Armor1_LessDMGRobots [OMOD:004F6D7F] | mod_Legendary_Armor1_LessDmgScorched [OMOD:004EE548] | mod_Legendary_Armor1_LessDMGSuperMutants [OMOD:004F6D80] | mod_Legendary_Armor1_LowHealthIncreasesStats [OMOD:0052414A] | mod_Legendary_Armor1_LowHealthTriggersStimpak [OMOD:00521915] | mod_Legendary_Armor1_Overeater [OMOD:00606C84] | mod_Legendary_Armor1_ResistancesInverseHealth [OMOD:00521914] | mod_Legendary_Armor1_ResistancesMutation [OMOD:00529A0C] | mod_Legendary_Armor1_ResistancesNight [OMOD:00524143] | mod_Legendary_Armor1_ResistancesProportionalCaps [OMOD:0060893C] | mod_Legendary_Armor1_ResistancesProportionalHealth [OMOD:00529A05] | mod_Legendary_Armor1_Heavyweight [OMOD:00529A14]
00853D20	BOUNTY_LegendaryItems_Armor_Rank3	4	First Star Slot	007904EE	modcol_Legendary_Crafting_Armor2	Random Legendary Mod	modcol_Legendary_Crafting_Armor2 [OMOD:007904EE] | mod_Legendary_Armor2_APRegen [OMOD:00527F75] | mod_Legendary_Armor2_CryoResistance [OMOD:00606B6F] | mod_Legendary_Armor2_DiseaseResistance [OMOD:00527F72] | mod_Legendary_Armor2_Fireproof [OMOD:00606B39] | mod_Legendary_Armor2_Glutton [OMOD:006069A6] | mod_Legendary_Armor2_PoisonResistance [OMOD:00527F6E] | mod_Legendary_Armor2_RadResistance [OMOD:00527F6F] | mod_Legendary_Armor2_ReduceExplosionDamage [OMOD:00609E4E] | mod_Legendary_Armor2_StatAgility [OMOD:004F6D85] | mod_Legendary_Armor2_StatCharisma [OMOD:004F6D83] | mod_Legendary_Armor2_StatEndurance [OMOD:004F6D82] | mod_Legendary_Armor2_StatIntelligence [OMOD:004F6D84] | mod_Legendary_Armor2_StatLuck [OMOD:004F6D86] | mod_Legendary_Armor2_StatPerception [OMOD:004F6D81] | mod_Legendary_Armor2_StatStrength [OMOD:004EE54E]
00853D20	BOUNTY_LegendaryItems_Armor_Rank3	5	First Star Slot	007904EF	modcol_Legendary_Crafting_Armor3	Random Legendary Mod	modcol_Legendary_Crafting_Armor3 [OMOD:007904EF] | mod_Legendary_Armor3_Burning [OMOD:00608371] | mod_Legendary_Armor3_Durability [OMOD:0052BDBA] | mod_Legendary_Armor3_Electrified [OMOD:00608373] | mod_Legendary_Armor3_Frozen [OMOD:00608372] | mod_Legendary_Armor3_IncreaseHealing [OMOD:00609C46] | mod_Legendary_Armor3_Defenders [OMOD:00527F76] | mod_Legendary_Armor3_LessDamageSprinting [OMOD:00527F77] | mod_Legendary_Armor3_LessDamageStandStill [OMOD:004EE54C] | mod_Legendary_Armor3_LessFallDamage [OMOD:00527F79] | mod_Legendary_Armor3_LockPick [OMOD:00527F7B] | mod_Legendary_Armor3_RadsRegen [OMOD:00606B6D] | mod_Legendary_Armor3_ReducedLimbDamage [OMOD:0052BDBC] | mod_Legendary_Armor3_Sneak [OMOD:0052BDB7] | mod_Legendary_Armor3_Toxic [OMOD:00608370] | mod_Legendary_Armor3_Waterbreathing [OMOD:00527F7A] | mod_Legendary_Armor3_WeightAmmo [OMOD:0052BDB4] | mod_Legendary_Armor3_WeightFoodDrinkChems [OMOD:0052BDB5] | mod_Legendary_Armor3_WeightJunk [OMOD:0052BDB6] | mod_Legendary_Armor3_WeightWeapons [OMOD:00527F78]
0085DCD3	BOUNTY_LegendaryItems_Weapons_Melee_Rank2	0	First Star Slot	00853B5A	BOUNTY_modcol_Legendary_Crafting_Weapon1	Bounty Legendary Mods	BOUNTY_modcol_Legendary_Crafting_Weapon1 [OMOD:00853B5A] | mod_Legendary_Weapon1_Melee_Feral [OMOD:0083DA74] | mod_Legendary_Weapon1_Guns_Sniper [OMOD:0083DA73] | mod_Legendary_Weapon1_Adrenal [OMOD:0080F549] | mod_Legendary_Weapon1_Lucid [OMOD:0083DA71] | mod_Legendary_Weapon1_AntiArmor [OMOD:005281B4] | mod_Legendary_Weapon1_Medic [OMOD:0075EAC6] | mod_Legendary_Weapon1_DamageAddiction [OMOD:004F6AAB] | mod_Legendary_Weapon1_DamageFirstBlood [OMOD:004F6AA5] | mod_Legendary_Weapon1_DamageInverseHealth [OMOD:004F6AA0] | mod_Legendary_Weapon1_DamageNight [OMOD:004F6AAE] | mod_Legendary_Weapon1_DamageUnarmored [OMOD:004F6AA7] | mod_Legendary_Weapon1_DamageViaCaps [OMOD:00606B71] | mod_Legendary_Weapon1_DamageViaHealth [OMOD:00606B73] | mod_Legendary_Weapon1_DebuffDamage [OMOD:005281B8] | mod_Legendary_Weapon1_DmgConsecutiveHits [OMOD:004F577D] | mod_Legendary_Weapon1_DmgVsAnimals [OMOD:004F577A] | mod_Legendary_Weapon1_DmgVsBugs [OMOD:001F81EB] | mod_Legendary_Weapon1_DmgVsGhouls [OMOD:004F5779] | mod_Legendary_Weapon1_DmgVsPlayers [OMOD:004F5770] | mod_Legendary_Weapon1_DmgVsRobots [OMOD:004F577C] | mod_Legendary_Weapon1_DmgVsScorched [OMOD:004ED02B] | mod_Legendary_Weapon1_DmgVsSupermutants [OMOD:004F577B] | mod_Legendary_Weapon1_DmgWithMutation [OMOD:005299F5] | mod_Legendary_Weapon1_Execute [OMOD:004F6AA1] | mod_Legendary_Weapon1_Gourmand [OMOD:006069F2] | mod_Legendary_Weapon1_Guns_AccuracyNotInCombat [OMOD:004F6D77] | mod_Legendary_Weapon1_Guns_AmmoCapacity4x [OMOD:004F6AB1] | mod_Legendary_Weapon1_Guns_TwoShot [OMOD:004F6D76] | mod_Legendary_Weapon1_Vampire [OMOD:00527F84]
0085DCD3	BOUNTY_LegendaryItems_Weapons_Melee_Rank2	1	First Star Slot	007904EA	modcol_Legendary_Crafting_Weapon1	Random Legendary Mod	modcol_Legendary_Crafting_Weapon1 [OMOD:007904EA] | mod_Legendary_Weapon1_AntiArmor [OMOD:005281B4] | mod_Legendary_Weapon1_Medic [OMOD:0075EAC6] | mod_Legendary_Weapon1_DamageAddiction [OMOD:004F6AAB] | mod_Legendary_Weapon1_DamageFirstBlood [OMOD:004F6AA5] | mod_Legendary_Weapon1_DamageInverseHealth [OMOD:004F6AA0] | mod_Legendary_Weapon1_DamageNight [OMOD:004F6AAE] | mod_Legendary_Weapon1_DamageUnarmored [OMOD:004F6AA7] | mod_Legendary_Weapon1_DamageViaCaps [OMOD:00606B71] | mod_Legendary_Weapon1_DamageViaHealth [OMOD:00606B73] | mod_Legendary_Weapon1_DebuffDamage [OMOD:005281B8] | mod_Legendary_Weapon1_DmgConsecutiveHits [OMOD:004F577D] | mod_Legendary_Weapon1_DmgVsAnimals [OMOD:004F577A] | mod_Legendary_Weapon1_DmgVsBugs [OMOD:001F81EB] | mod_Legendary_Weapon1_DmgVsGhouls [OMOD:004F5779] | mod_Legendary_Weapon1_DmgVsPlayers [OMOD:004F5770] | mod_Legendary_Weapon1_DmgVsRobots [OMOD:004F577C] | mod_Legendary_Weapon1_DmgVsScorched [OMOD:004ED02B] | mod_Legendary_Weapon1_DmgVsSupermutants [OMOD:004F577B] | mod_Legendary_Weapon1_DmgWithMutation [OMOD:005299F5] | mod_Legendary_Weapon1_Execute [OMOD:004F6AA1] | mod_Legendary_Weapon1_Gourmand [OMOD:006069F2] | mod_Legendary_Weapon1_Guns_AccuracyNotInCombat [OMOD:004F6D77] | mod_Legendary_Weapon1_Guns_AmmoCapacity4x [OMOD:004F6AB1] | mod_Legendary_Weapon1_Guns_TwoShot [OMOD:004F6D76] | mod_Legendary_Weapon1_Vampire [OMOD:00527F84]
0085DCD3	BOUNTY_LegendaryItems_Weapons_Melee_Rank2	2	First Star Slot	00853B5B	BOUNTY_modcol_Legendary_Crafting_Weapon2	Bounty Legendary Mods	BOUNTY_modcol_Legendary_Crafting_Weapon2 [OMOD:00853B5B] | mod_Legendary_Weapon2_Melee_PickPocket [OMOD:0083DA6F] | mod_Legendary_Weapon2_APViaKill [OMOD:00606B72] | mod_Legendary_Weapon2_DmgCrits [OMOD:0052414B] | mod_Legendary_Weapon2_DmgLimbs [OMOD:004ED02C] | mod_Legendary_Weapon2_Guns_Bashing [OMOD:005299F9] | mod_Legendary_Weapon2_Guns_DmgSights [OMOD:0052414E] | mod_Legendary_Weapon2_Guns_ExplosiveBullets [OMOD:004F5771] | mod_Legendary_Weapon2_Guns_LastShot [OMOD:006069EC] | mod_Legendary_Weapon2_Guns_RoF [OMOD:0052414F] | mod_Legendary_Weapon2_Guns_VATSAccuracy [OMOD:00524153] | mod_Legendary_Weapon2_Melee_BlockReflects [OMOD:001A7C39] | mod_Legendary_Weapon2_Melee_DamagePowerAttack [OMOD:001A7BE2] | mod_Legendary_Weapon2_Melee_Steady [OMOD:00606C8D] | mod_Legendary_Weapon2_Melee_SwingSpeed [OMOD:001A7BDA]
0085DCD3	BOUNTY_LegendaryItems_Weapons_Melee_Rank2	3	First Star Slot	007904EB	modcol_Legendary_Crafting_Weapon2	Random Legendary Mod	modcol_Legendary_Crafting_Weapon2 [OMOD:007904EB] | mod_Legendary_Weapon2_APViaKill [OMOD:00606B72] | mod_Legendary_Weapon2_DmgCrits [OMOD:0052414B] | mod_Legendary_Weapon2_DmgLimbs [OMOD:004ED02C] | mod_Legendary_Weapon2_Guns_Bashing [OMOD:005299F9] | mod_Legendary_Weapon2_Guns_DmgSights [OMOD:0052414E] | mod_Legendary_Weapon2_Guns_ExplosiveBullets [OMOD:004F5771] | mod_Legendary_Weapon2_Guns_LastShot [OMOD:006069EC] | mod_Legendary_Weapon2_Guns_RoF [OMOD:0052414F] | mod_Legendary_Weapon2_Guns_VATSAccuracy [OMOD:00524153] | mod_Legendary_Weapon2_Melee_BlockReflects [OMOD:001A7C39] | mod_Legendary_Weapon2_Melee_DamagePowerAttack [OMOD:001A7BE2] | mod_Legendary_Weapon2_Melee_Steady [OMOD:00606C8D] | mod_Legendary_Weapon2_Melee_SwingSpeed [OMOD:001A7BDA]
0085DCD4	BOUNTY_LegendaryItems_Weapons_Melee_Rank3	0	First Star Slot	00853B5A	BOUNTY_modcol_Legendary_Crafting_Weapon1	Bounty Legendary Mods	BOUNTY_modcol_Legendary_Crafting_Weapon1 [OMOD:00853B5A] | mod_Legendary_Weapon1_Melee_Feral [OMOD:0083DA74] | mod_Legendary_Weapon1_Guns_Sniper [OMOD:0083DA73] | mod_Legendary_Weapon1_Adrenal [OMOD:0080F549] | mod_Legendary_Weapon1_Lucid [OMOD:0083DA71] | mod_Legendary_Weapon1_AntiArmor [OMOD:005281B4] | mod_Legendary_Weapon1_Medic [OMOD:0075EAC6] | mod_Legendary_Weapon1_DamageAddiction [OMOD:004F6AAB] | mod_Legendary_Weapon1_DamageFirstBlood [OMOD:004F6AA5] | mod_Legendary_Weapon1_DamageInverseHealth [OMOD:004F6AA0] | mod_Legendary_Weapon1_DamageNight [OMOD:004F6AAE] | mod_Legendary_Weapon1_DamageUnarmored [OMOD:004F6AA7] | mod_Legendary_Weapon1_DamageViaCaps [OMOD:00606B71] | mod_Legendary_Weapon1_DamageViaHealth [OMOD:00606B73] | mod_Legendary_Weapon1_DebuffDamage [OMOD:005281B8] | mod_Legendary_Weapon1_DmgConsecutiveHits [OMOD:004F577D] | mod_Legendary_Weapon1_DmgVsAnimals [OMOD:004F577A] | mod_Legendary_Weapon1_DmgVsBugs [OMOD:001F81EB] | mod_Legendary_Weapon1_DmgVsGhouls [OMOD:004F5779] | mod_Legendary_Weapon1_DmgVsPlayers [OMOD:004F5770] | mod_Legendary_Weapon1_DmgVsRobots [OMOD:004F577C] | mod_Legendary_Weapon1_DmgVsScorched [OMOD:004ED02B] | mod_Legendary_Weapon1_DmgVsSupermutants [OMOD:004F577B] | mod_Legendary_Weapon1_DmgWithMutation [OMOD:005299F5] | mod_Legendary_Weapon1_Execute [OMOD:004F6AA1] | mod_Legendary_Weapon1_Gourmand [OMOD:006069F2] | mod_Legendary_Weapon1_Guns_AccuracyNotInCombat [OMOD:004F6D77] | mod_Legendary_Weapon1_Guns_AmmoCapacity4x [OMOD:004F6AB1] | mod_Legendary_Weapon1_Guns_TwoShot [OMOD:004F6D76] | mod_Legendary_Weapon1_Vampire [OMOD:00527F84]
0085DCD4	BOUNTY_LegendaryItems_Weapons_Melee_Rank3	1	First Star Slot	007904EA	modcol_Legendary_Crafting_Weapon1	Random Legendary Mod	modcol_Legendary_Crafting_Weapon1 [OMOD:007904EA] | mod_Legendary_Weapon1_AntiArmor [OMOD:005281B4] | mod_Legendary_Weapon1_Medic [OMOD:0075EAC6] | mod_Legendary_Weapon1_DamageAddiction [OMOD:004F6AAB] | mod_Legendary_Weapon1_DamageFirstBlood [OMOD:004F6AA5] | mod_Legendary_Weapon1_DamageInverseHealth [OMOD:004F6AA0] | mod_Legendary_Weapon1_DamageNight [OMOD:004F6AAE] | mod_Legendary_Weapon1_DamageUnarmored [OMOD:004F6AA7] | mod_Legendary_Weapon1_DamageViaCaps [OMOD:00606B71] | mod_Legendary_Weapon1_DamageViaHealth [OMOD:00606B73] | mod_Legendary_Weapon1_DebuffDamage [OMOD:005281B8] | mod_Legendary_Weapon1_DmgConsecutiveHits [OMOD:004F577D] | mod_Legendary_Weapon1_DmgVsAnimals [OMOD:004F577A] | mod_Legendary_Weapon1_DmgVsBugs [OMOD:001F81EB] | mod_Legendary_Weapon1_DmgVsGhouls [OMOD:004F5779] | mod_Legendary_Weapon1_DmgVsPlayers [OMOD:004F5770] | mod_Legendary_Weapon1_DmgVsRobots [OMOD:004F577C] | mod_Legendary_Weapon1_DmgVsScorched [OMOD:004ED02B] | mod_Legendary_Weapon1_DmgVsSupermutants [OMOD:004F577B] | mod_Legendary_Weapon1_DmgWithMutation [OMOD:005299F5] | mod_Legendary_Weapon1_Execute [OMOD:004F6AA1] | mod_Legendary_Weapon1_Gourmand [OMOD:006069F2] | mod_Legendary_Weapon1_Guns_AccuracyNotInCombat [OMOD:004F6D77] | mod_Legendary_Weapon1_Guns_AmmoCapacity4x [OMOD:004F6AB1] | mod_Legendary_Weapon1_Guns_TwoShot [OMOD:004F6D76] | mod_Legendary_Weapon1_Vampire [OMOD:00527F84]
0085DCD4	BOUNTY_LegendaryItems_Weapons_Melee_Rank3	2	First Star Slot	00853B5B	BOUNTY_modcol_Legendary_Crafting_Weapon2	Bounty Legendary Mods	BOUNTY_modcol_Legendary_Crafting_Weapon2 [OMOD:00853B5B] | mod_Legendary_Weapon2_Melee_PickPocket [OMOD:0083DA6F] | mod_Legendary_Weapon2_APViaKill [OMOD:00606B72] | mod_Legendary_Weapon2_DmgCrits [OMOD:0052414B] | mod_Legendary_Weapon2_DmgLimbs [OMOD:004ED02C] | mod_Legendary_Weapon2_Guns_Bashing [OMOD:005299F9] | mod_Legendary_Weapon2_Guns_DmgSights [OMOD:0052414E] | mod_Legendary_Weapon2_Guns_ExplosiveBullets [OMOD:004F5771] | mod_Legendary_Weapon2_Guns_LastShot [OMOD:006069EC] | mod_Legendary_Weapon2_Guns_RoF [OMOD:0052414F] | mod_Legendary_Weapon2_Guns_VATSAccuracy [OMOD:00524153] | mod_Legendary_Weapon2_Melee_BlockReflects [OMOD:001A7C39] | mod_Legendary_Weapon2_Melee_DamagePowerAttack [OMOD:001A7BE2] | mod_Legendary_Weapon2_Melee_Steady [OMOD:00606C8D] | mod_Legendary_Weapon2_Melee_SwingSpeed [OMOD:001A7BDA]
0085DCD4	BOUNTY_LegendaryItems_Weapons_Melee_Rank3	3	First Star Slot	007904EB	modcol_Legendary_Crafting_Weapon2	Random Legendary Mod	modcol_Legendary_Crafting_Weapon2 [OMOD:007904EB] | mod_Legendary_Weapon2_APViaKill [OMOD:00606B72] | mod_Legendary_Weapon2_DmgCrits [OMOD:0052414B] | mod_Legendary_Weapon2_DmgLimbs [OMOD:004ED02C] | mod_Legendary_Weapon2_Guns_Bashing [OMOD:005299F9] | mod_Legendary_Weapon2_Guns_DmgSights [OMOD:0052414E] | mod_Legendary_Weapon2_Guns_ExplosiveBullets [OMOD:004F5771] | mod_Legendary_Weapon2_Guns_LastShot [OMOD:006069EC] | mod_Legendary_Weapon2_Guns_RoF [OMOD:0052414F] | mod_Legendary_Weapon2_Guns_VATSAccuracy [OMOD:00524153] | mod_Legendary_Weapon2_Melee_BlockReflects [OMOD:001A7C39] | mod_Legendary_Weapon2_Melee_DamagePowerAttack [OMOD:001A7BE2] | mod_Legendary_Weapon2_Melee_Steady [OMOD:00606C8D] | mod_Legendary_Weapon2_Melee_SwingSpeed [OMOD:001A7BDA]
0085DCD4	BOUNTY_LegendaryItems_Weapons_Melee_Rank3	4	First Star Slot	00853B5C	BOUNTY_modcol_Legendary_Crafting_Weapon3	Bounty Legendary Mods	BOUNTY_modcol_Legendary_Crafting_Weapon3 [OMOD:00853B5C] | mod_Legendary_Weapon3_Glowing [OMOD:0083DA6A] | mod_Legendary_Weapon3_Melee_Barbarian [OMOD:0083DA6B] | mod_Legendary_Weapon3_CritSpeed [OMOD:0052414C] | mod_Legendary_Weapon3_Durability [OMOD:0037F7D9] | mod_Legendary_Weapon3_Guns_CloakOnHit [OMOD:00609E4F] | mod_Legendary_Weapon3_Guns_MoveSpeedSights [OMOD:004ED02E] | mod_Legendary_Weapon3_Guns_ReloadSpeed [OMOD:00524150] | mod_Legendary_Weapon3_Guns_ResistReload [OMOD:004F5777] | mod_Legendary_Weapon3_Guns_ResistSights [OMOD:004F5772] | mod_Legendary_Weapon3_StatPerception [OMOD:005299FA] | mod_Legendary_Weapon3_Melee_LessDamageBlock [OMOD:005253FB] | mod_Legendary_Weapon3_Melee_Defenders [OMOD:001A7BD3] | mod_Legendary_Weapon3_StatEndurance [OMOD:005299FD] | mod_Legendary_Weapon3_StatStrength [OMOD:005299FC] | mod_Legendary_Weapon3_StatAgility [OMOD:005299FB] | mod_Legendary_Weapon3_VATSCostAP [OMOD:00524154] | mod_Legendary_Weapon3_Weight [OMOD:00524152] | mod_Legendary_Weapon3_StatCharisma [OMOD:0079AD67] | mod_Legendary_Weapon3_StatIntelligence [OMOD:0079AD68] | mod_Legendary_Weapon3_StatLuck [OMOD:0079AD69]
0085DCD4	BOUNTY_LegendaryItems_Weapons_Melee_Rank3	5	First Star Slot	007904EC	modcol_Legendary_Crafting_Weapon3	Random Legendary Mod	modcol_Legendary_Crafting_Weapon3 [OMOD:007904EC] | mod_Legendary_Weapon3_CritSpeed [OMOD:0052414C] | mod_Legendary_Weapon3_Durability [OMOD:0037F7D9] | mod_Legendary_Weapon3_Guns_CloakOnHit [OMOD:00609E4F] | mod_Legendary_Weapon3_Guns_MoveSpeedSights [OMOD:004ED02E] | mod_Legendary_Weapon3_Guns_ReloadSpeed [OMOD:00524150] | mod_Legendary_Weapon3_Guns_ResistReload [OMOD:004F5777] | mod_Legendary_Weapon3_Guns_ResistSights [OMOD:004F5772] | mod_Legendary_Weapon3_StatPerception [OMOD:005299FA] | mod_Legendary_Weapon3_Melee_LessDamageBlock [OMOD:005253FB] | mod_Legendary_Weapon3_Melee_Defenders [OMOD:001A7BD3] | mod_Legendary_Weapon3_StatEndurance [OMOD:005299FD] | mod_Legendary_Weapon3_StatStrength [OMOD:005299FC] | mod_Legendary_Weapon3_StatAgility [OMOD:005299FB] | mod_Legendary_Weapon3_VATSCostAP [OMOD:00524154] | mod_Legendary_Weapon3_Weight [OMOD:00524152] | mod_Legendary_Weapon3_StatCharisma [OMOD:0079AD67] | mod_Legendary_Weapon3_StatIntelligence [OMOD:0079AD68] | mod_Legendary_Weapon3_StatLuck [OMOD:0079AD69]
0085DCD5	BOUNTY_LegendaryItems_Weapons_Ranged_Rank1	0	First Star Slot	00853B5A	BOUNTY_modcol_Legendary_Crafting_Weapon1	Bounty Legendary Mods	BOUNTY_modcol_Legendary_Crafting_Weapon1 [OMOD:00853B5A] | mod_Legendary_Weapon1_Melee_Feral [OMOD:0083DA74] | mod_Legendary_Weapon1_Guns_Sniper [OMOD:0083DA73] | mod_Legendary_Weapon1_Adrenal [OMOD:0080F549] | mod_Legendary_Weapon1_Lucid [OMOD:0083DA71] | mod_Legendary_Weapon1_AntiArmor [OMOD:005281B4] | mod_Legendary_Weapon1_Medic [OMOD:0075EAC6] | mod_Legendary_Weapon1_DamageAddiction [OMOD:004F6AAB] | mod_Legendary_Weapon1_DamageFirstBlood [OMOD:004F6AA5] | mod_Legendary_Weapon1_DamageInverseHealth [OMOD:004F6AA0] | mod_Legendary_Weapon1_DamageNight [OMOD:004F6AAE] | mod_Legendary_Weapon1_DamageUnarmored [OMOD:004F6AA7] | mod_Legendary_Weapon1_DamageViaCaps [OMOD:00606B71] | mod_Legendary_Weapon1_DamageViaHealth [OMOD:00606B73] | mod_Legendary_Weapon1_DebuffDamage [OMOD:005281B8] | mod_Legendary_Weapon1_DmgConsecutiveHits [OMOD:004F577D] | mod_Legendary_Weapon1_DmgVsAnimals [OMOD:004F577A] | mod_Legendary_Weapon1_DmgVsBugs [OMOD:001F81EB] | mod_Legendary_Weapon1_DmgVsGhouls [OMOD:004F5779] | mod_Legendary_Weapon1_DmgVsPlayers [OMOD:004F5770] | mod_Legendary_Weapon1_DmgVsRobots [OMOD:004F577C] | mod_Legendary_Weapon1_DmgVsScorched [OMOD:004ED02B] | mod_Legendary_Weapon1_DmgVsSupermutants [OMOD:004F577B] | mod_Legendary_Weapon1_DmgWithMutation [OMOD:005299F5] | mod_Legendary_Weapon1_Execute [OMOD:004F6AA1] | mod_Legendary_Weapon1_Gourmand [OMOD:006069F2] | mod_Legendary_Weapon1_Guns_AccuracyNotInCombat [OMOD:004F6D77] | mod_Legendary_Weapon1_Guns_AmmoCapacity4x [OMOD:004F6AB1] | mod_Legendary_Weapon1_Guns_TwoShot [OMOD:004F6D76] | mod_Legendary_Weapon1_Vampire [OMOD:00527F84]
0085DCD5	BOUNTY_LegendaryItems_Weapons_Ranged_Rank1	1	First Star Slot	007904EA	modcol_Legendary_Crafting_Weapon1	Random Legendary Mod	modcol_Legendary_Crafting_Weapon1 [OMOD:007904EA] | mod_Legendary_Weapon1_AntiArmor [OMOD:005281B4] | mod_Legendary_Weapon1_Medic [OMOD:0075EAC6] | mod_Legendary_Weapon1_DamageAddiction [OMOD:004F6AAB] | mod_Legendary_Weapon1_DamageFirstBlood [OMOD:004F6AA5] | mod_Legendary_Weapon1_DamageInverseHealth [OMOD:004F6AA0] | mod_Legendary_Weapon1_DamageNight [OMOD:004F6AAE] | mod_Legendary_Weapon1_DamageUnarmored [OMOD:004F6AA7] | mod_Legendary_Weapon1_DamageViaCaps [OMOD:00606B71] | mod_Legendary_Weapon1_DamageViaHealth [OMOD:00606B73] | mod_Legendary_Weapon1_DebuffDamage [OMOD:005281B8] | mod_Legendary_Weapon1_DmgConsecutiveHits [OMOD:004F577D] | mod_Legendary_Weapon1_DmgVsAnimals [OMOD:004F577A] | mod_Legendary_Weapon1_DmgVsBugs [OMOD:001F81EB] | mod_Legendary_Weapon1_DmgVsGhouls [OMOD:004F5779] | mod_Legendary_Weapon1_DmgVsPlayers [OMOD:004F5770] | mod_Legendary_Weapon1_DmgVsRobots [OMOD:004F577C] | mod_Legendary_Weapon1_DmgVsScorched [OMOD:004ED02B] | mod_Legendary_Weapon1_DmgVsSupermutants [OMOD:004F577B] | mod_Legendary_Weapon1_DmgWithMutation [OMOD:005299F5] | mod_Legendary_Weapon1_Execute [OMOD:004F6AA1] | mod_Legendary_Weapon1_Gourmand [OMOD:006069F2] | mod_Legendary_Weapon1_Guns_AccuracyNotInCombat [OMOD:004F6D77] | mod_Legendary_Weapon1_Guns_AmmoCapacity4x [OMOD:004F6AB1] | mod_Legendary_Weapon1_Guns_TwoShot [OMOD:004F6D76] | mod_Legendary_Weapon1_Vampire [OMOD:00527F84]
0085DCD2	BOUNTY_LegendaryItems_Weapons_Melee_Rank1	0	First Star Slot	00853B5A	BOUNTY_modcol_Legendary_Crafting_Weapon1	Bounty Legendary Mods	BOUNTY_modcol_Legendary_Crafting_Weapon1 [OMOD:00853B5A] | mod_Legendary_Weapon1_Melee_Feral [OMOD:0083DA74] | mod_Legendary_Weapon1_Guns_Sniper [OMOD:0083DA73] | mod_Legendary_Weapon1_Adrenal [OMOD:0080F549] | mod_Legendary_Weapon1_Lucid [OMOD:0083DA71] | mod_Legendary_Weapon1_AntiArmor [OMOD:005281B4] | mod_Legendary_Weapon1_Medic [OMOD:0075EAC6] | mod_Legendary_Weapon1_DamageAddiction [OMOD:004F6AAB] | mod_Legendary_Weapon1_DamageFirstBlood [OMOD:004F6AA5] | mod_Legendary_Weapon1_DamageInverseHealth [OMOD:004F6AA0] | mod_Legendary_Weapon1_DamageNight [OMOD:004F6AAE] | mod_Legendary_Weapon1_DamageUnarmored [OMOD:004F6AA7] | mod_Legendary_Weapon1_DamageViaCaps [OMOD:00606B71] | mod_Legendary_Weapon1_DamageViaHealth [OMOD:00606B73] | mod_Legendary_Weapon1_DebuffDamage [OMOD:005281B8] | mod_Legendary_Weapon1_DmgConsecutiveHits [OMOD:004F577D] | mod_Legendary_Weapon1_DmgVsAnimals [OMOD:004F577A] | mod_Legendary_Weapon1_DmgVsBugs [OMOD:001F81EB] | mod_Legendary_Weapon1_DmgVsGhouls [OMOD:004F5779] | mod_Legendary_Weapon1_DmgVsPlayers [OMOD:004F5770] | mod_Legendary_Weapon1_DmgVsRobots [OMOD:004F577C] | mod_Legendary_Weapon1_DmgVsScorched [OMOD:004ED02B] | mod_Legendary_Weapon1_DmgVsSupermutants [OMOD:004F577B] | mod_Legendary_Weapon1_DmgWithMutation [OMOD:005299F5] | mod_Legendary_Weapon1_Execute [OMOD:004F6AA1] | mod_Legendary_Weapon1_Gourmand [OMOD:006069F2] | mod_Legendary_Weapon1_Guns_AccuracyNotInCombat [OMOD:004F6D77] | mod_Legendary_Weapon1_Guns_AmmoCapacity4x [OMOD:004F6AB1] | mod_Legendary_Weapon1_Guns_TwoShot [OMOD:004F6D76] | mod_Legendary_Weapon1_Vampire [OMOD:00527F84]
0085DCD2	BOUNTY_LegendaryItems_Weapons_Melee_Rank1	1	First Star Slot	007904EA	modcol_Legendary_Crafting_Weapon1	Random Legendary Mod	modcol_Legendary_Crafting_Weapon1 [OMOD:007904EA] | mod_Legendary_Weapon1_AntiArmor [OMOD:005281B4] | mod_Legendary_Weapon1_Medic [OMOD:0075EAC6] | mod_Legendary_Weapon1_DamageAddiction [OMOD:004F6AAB] | mod_Legendary_Weapon1_DamageFirstBlood [OMOD:004F6AA5] | mod_Legendary_Weapon1_DamageInverseHealth [OMOD:004F6AA0] | mod_Legendary_Weapon1_DamageNight [OMOD:004F6AAE] | mod_Legendary_Weapon1_DamageUnarmored [OMOD:004F6AA7] | mod_Legendary_Weapon1_DamageViaCaps [OMOD:00606B71] | mod_Legendary_Weapon1_DamageViaHealth [OMOD:00606B73] | mod_Legendary_Weapon1_DebuffDamage [OMOD:005281B8] | mod_Legendary_Weapon1_DmgConsecutiveHits [OMOD:004F577D] | mod_Legendary_Weapon1_DmgVsAnimals [OMOD:004F577A] | mod_Legendary_Weapon1_DmgVsBugs [OMOD:001F81EB] | mod_Legendary_Weapon1_DmgVsGhouls [OMOD:004F5779] | mod_Legendary_Weapon1_DmgVsPlayers [OMOD:004F5770] | mod_Legendary_Weapon1_DmgVsRobots [OMOD:004F577C] | mod_Legendary_Weapon1_DmgVsScorched [OMOD:004ED02B] | mod_Legendary_Weapon1_DmgVsSupermutants [OMOD:004F577B] | mod_Legendary_Weapon1_DmgWithMutation [OMOD:005299F5] | mod_Legendary_Weapon1_Execute [OMOD:004F6AA1] | mod_Legendary_Weapon1_Gourmand [OMOD:006069F2] | mod_Legendary_Weapon1_Guns_AccuracyNotInCombat [OMOD:004F6D77] | mod_Legendary_Weapon1_Guns_AmmoCapacity4x [OMOD:004F6AB1] | mod_Legendary_Weapon1_Guns_TwoShot [OMOD:004F6D76] | mod_Legendary_Weapon1_Vampire [OMOD:00527F84]
0085DCD6	BOUNTY_LegendaryItems_Weapons_Ranged_Rank2	0	First Star Slot	00853B5A	BOUNTY_modcol_Legendary_Crafting_Weapon1	Bounty Legendary Mods	BOUNTY_modcol_Legendary_Crafting_Weapon1 [OMOD:00853B5A] | mod_Legendary_Weapon1_Melee_Feral [OMOD:0083DA74] | mod_Legendary_Weapon1_Guns_Sniper [OMOD:0083DA73] | mod_Legendary_Weapon1_Adrenal [OMOD:0080F549] | mod_Legendary_Weapon1_Lucid [OMOD:0083DA71] | mod_Legendary_Weapon1_AntiArmor [OMOD:005281B4] | mod_Legendary_Weapon1_Medic [OMOD:0075EAC6] | mod_Legendary_Weapon1_DamageAddiction [OMOD:004F6AAB] | mod_Legendary_Weapon1_DamageFirstBlood [OMOD:004F6AA5] | mod_Legendary_Weapon1_DamageInverseHealth [OMOD:004F6AA0] | mod_Legendary_Weapon1_DamageNight [OMOD:004F6AAE] | mod_Legendary_Weapon1_DamageUnarmored [OMOD:004F6AA7] | mod_Legendary_Weapon1_DamageViaCaps [OMOD:00606B71] | mod_Legendary_Weapon1_DamageViaHealth [OMOD:00606B73] | mod_Legendary_Weapon1_DebuffDamage [OMOD:005281B8] | mod_Legendary_Weapon1_DmgConsecutiveHits [OMOD:004F577D] | mod_Legendary_Weapon1_DmgVsAnimals [OMOD:004F577A] | mod_Legendary_Weapon1_DmgVsBugs [OMOD:001F81EB] | mod_Legendary_Weapon1_DmgVsGhouls [OMOD:004F5779] | mod_Legendary_Weapon1_DmgVsPlayers [OMOD:004F5770] | mod_Legendary_Weapon1_DmgVsRobots [OMOD:004F577C] | mod_Legendary_Weapon1_DmgVsScorched [OMOD:004ED02B] | mod_Legendary_Weapon1_DmgVsSupermutants [OMOD:004F577B] | mod_Legendary_Weapon1_DmgWithMutation [OMOD:005299F5] | mod_Legendary_Weapon1_Execute [OMOD:004F6AA1] | mod_Legendary_Weapon1_Gourmand [OMOD:006069F2] | mod_Legendary_Weapon1_Guns_AccuracyNotInCombat [OMOD:004F6D77] | mod_Legendary_Weapon1_Guns_AmmoCapacity4x [OMOD:004F6AB1] | mod_Legendary_Weapon1_Guns_TwoShot [OMOD:004F6D76] | mod_Legendary_Weapon1_Vampire [OMOD:00527F84]
0085DCD6	BOUNTY_LegendaryItems_Weapons_Ranged_Rank2	1	First Star Slot	007904EA	modcol_Legendary_Crafting_Weapon1	Random Legendary Mod	modcol_Legendary_Crafting_Weapon1 [OMOD:007904EA] | mod_Legendary_Weapon1_AntiArmor [OMOD:005281B4] | mod_Legendary_Weapon1_Medic [OMOD:0075EAC6] | mod_Legendary_Weapon1_DamageAddiction [OMOD:004F6AAB] | mod_Legendary_Weapon1_DamageFirstBlood [OMOD:004F6AA5] | mod_Legendary_Weapon1_DamageInverseHealth [OMOD:004F6AA0] | mod_Legendary_Weapon1_DamageNight [OMOD:004F6AAE] | mod_Legendary_Weapon1_DamageUnarmored [OMOD:004F6AA7] | mod_Legendary_Weapon1_DamageViaCaps [OMOD:00606B71] | mod_Legendary_Weapon1_DamageViaHealth [OMOD:00606B73] | mod_Legendary_Weapon1_DebuffDamage [OMOD:005281B8] | mod_Legendary_Weapon1_DmgConsecutiveHits [OMOD:004F577D] | mod_Legendary_Weapon1_DmgVsAnimals [OMOD:004F577A] | mod_Legendary_Weapon1_DmgVsBugs [OMOD:001F81EB] | mod_Legendary_Weapon1_DmgVsGhouls [OMOD:004F5779] | mod_Legendary_Weapon1_DmgVsPlayers [OMOD:004F5770] | mod_Legendary_Weapon1_DmgVsRobots [OMOD:004F577C] | mod_Legendary_Weapon1_DmgVsScorched [OMOD:004ED02B] | mod_Legendary_Weapon1_DmgVsSupermutants [OMOD:004F577B] | mod_Legendary_Weapon1_DmgWithMutation [OMOD:005299F5] | mod_Legendary_Weapon1_Execute [OMOD:004F6AA1] | mod_Legendary_Weapon1_Gourmand [OMOD:006069F2] | mod_Legendary_Weapon1_Guns_AccuracyNotInCombat [OMOD:004F6D77] | mod_Legendary_Weapon1_Guns_AmmoCapacity4x [OMOD:004F6AB1] | mod_Legendary_Weapon1_Guns_TwoShot [OMOD:004F6D76] | mod_Legendary_Weapon1_Vampire [OMOD:00527F84]
0085DCD6	BOUNTY_LegendaryItems_Weapons_Ranged_Rank2	2	First Star Slot	007904EB	modcol_Legendary_Crafting_Weapon2	Random Legendary Mod	modcol_Legendary_Crafting_Weapon2 [OMOD:007904EB] | mod_Legendary_Weapon2_APViaKill [OMOD:00606B72] | mod_Legendary_Weapon2_DmgCrits [OMOD:0052414B] | mod_Legendary_Weapon2_DmgLimbs [OMOD:004ED02C] | mod_Legendary_Weapon2_Guns_Bashing [OMOD:005299F9] | mod_Legendary_Weapon2_Guns_DmgSights [OMOD:0052414E] | mod_Legendary_Weapon2_Guns_ExplosiveBullets [OMOD:004F5771] | mod_Legendary_Weapon2_Guns_LastShot [OMOD:006069EC] | mod_Legendary_Weapon2_Guns_RoF [OMOD:0052414F] | mod_Legendary_Weapon2_Guns_VATSAccuracy [OMOD:00524153] | mod_Legendary_Weapon2_Melee_BlockReflects [OMOD:001A7C39] | mod_Legendary_Weapon2_Melee_DamagePowerAttack [OMOD:001A7BE2] | mod_Legendary_Weapon2_Melee_Steady [OMOD:00606C8D] | mod_Legendary_Weapon2_Melee_SwingSpeed [OMOD:001A7BDA]
0085DCD7	BOUNTY_LegendaryItems_Weapons_Ranged_Rank3	0	First Star Slot	00853B5A	BOUNTY_modcol_Legendary_Crafting_Weapon1	Bounty Legendary Mods	BOUNTY_modcol_Legendary_Crafting_Weapon1 [OMOD:00853B5A] | mod_Legendary_Weapon1_Melee_Feral [OMOD:0083DA74] | mod_Legendary_Weapon1_Guns_Sniper [OMOD:0083DA73] | mod_Legendary_Weapon1_Adrenal [OMOD:0080F549] | mod_Legendary_Weapon1_Lucid [OMOD:0083DA71] | mod_Legendary_Weapon1_AntiArmor [OMOD:005281B4] | mod_Legendary_Weapon1_Medic [OMOD:0075EAC6] | mod_Legendary_Weapon1_DamageAddiction [OMOD:004F6AAB] | mod_Legendary_Weapon1_DamageFirstBlood [OMOD:004F6AA5] | mod_Legendary_Weapon1_DamageInverseHealth [OMOD:004F6AA0] | mod_Legendary_Weapon1_DamageNight [OMOD:004F6AAE] | mod_Legendary_Weapon1_DamageUnarmored [OMOD:004F6AA7] | mod_Legendary_Weapon1_DamageViaCaps [OMOD:00606B71] | mod_Legendary_Weapon1_DamageViaHealth [OMOD:00606B73] | mod_Legendary_Weapon1_DebuffDamage [OMOD:005281B8] | mod_Legendary_Weapon1_DmgConsecutiveHits [OMOD:004F577D] | mod_Legendary_Weapon1_DmgVsAnimals [OMOD:004F577A] | mod_Legendary_Weapon1_DmgVsBugs [OMOD:001F81EB] | mod_Legendary_Weapon1_DmgVsGhouls [OMOD:004F5779] | mod_Legendary_Weapon1_DmgVsPlayers [OMOD:004F5770] | mod_Legendary_Weapon1_DmgVsRobots [OMOD:004F577C] | mod_Legendary_Weapon1_DmgVsScorched [OMOD:004ED02B] | mod_Legendary_Weapon1_DmgVsSupermutants [OMOD:004F577B] | mod_Legendary_Weapon1_DmgWithMutation [OMOD:005299F5] | mod_Legendary_Weapon1_Execute [OMOD:004F6AA1] | mod_Legendary_Weapon1_Gourmand [OMOD:006069F2] | mod_Legendary_Weapon1_Guns_AccuracyNotInCombat [OMOD:004F6D77] | mod_Legendary_Weapon1_Guns_AmmoCapacity4x [OMOD:004F6AB1] | mod_Legendary_Weapon1_Guns_TwoShot [OMOD:004F6D76] | mod_Legendary_Weapon1_Vampire [OMOD:00527F84]
0085DCD7	BOUNTY_LegendaryItems_Weapons_Ranged_Rank3	1	First Star Slot	007904EA	modcol_Legendary_Crafting_Weapon1	Random Legendary Mod	modcol_Legendary_Crafting_Weapon1 [OMOD:007904EA] | mod_Legendary_Weapon1_AntiArmor [OMOD:005281B4] | mod_Legendary_Weapon1_Medic [OMOD:0075EAC6] | mod_Legendary_Weapon1_DamageAddiction [OMOD:004F6AAB] | mod_Legendary_Weapon1_DamageFirstBlood [OMOD:004F6AA5] | mod_Legendary_Weapon1_DamageInverseHealth [OMOD:004F6AA0] | mod_Legendary_Weapon1_DamageNight [OMOD:004F6AAE] | mod_Legendary_Weapon1_DamageUnarmored [OMOD:004F6AA7] | mod_Legendary_Weapon1_DamageViaCaps [OMOD:00606B71] | mod_Legendary_Weapon1_DamageViaHealth [OMOD:00606B73] | mod_Legendary_Weapon1_DebuffDamage [OMOD:005281B8] | mod_Legendary_Weapon1_DmgConsecutiveHits [OMOD:004F577D] | mod_Legendary_Weapon1_DmgVsAnimals [OMOD:004F577A] | mod_Legendary_Weapon1_DmgVsBugs [OMOD:001F81EB] | mod_Legendary_Weapon1_DmgVsGhouls [OMOD:004F5779] | mod_Legendary_Weapon1_DmgVsPlayers [OMOD:004F5770] | mod_Legendary_Weapon1_DmgVsRobots [OMOD:004F577C] | mod_Legendary_Weapon1_DmgVsScorched [OMOD:004ED02B] | mod_Legendary_Weapon1_DmgVsSupermutants [OMOD:004F577B] | mod_Legendary_Weapon1_DmgWithMutation [OMOD:005299F5] | mod_Legendary_Weapon1_Execute [OMOD:004F6AA1] | mod_Legendary_Weapon1_Gourmand [OMOD:006069F2] | mod_Legendary_Weapon1_Guns_AccuracyNotInCombat [OMOD:004F6D77] | mod_Legendary_Weapon1_Guns_AmmoCapacity4x [OMOD:004F6AB1] | mod_Legendary_Weapon1_Guns_TwoShot [OMOD:004F6D76] | mod_Legendary_Weapon1_Vampire [OMOD:00527F84]
0085DCD7	BOUNTY_LegendaryItems_Weapons_Ranged_Rank3	2	First Star Slot	00853B5B	BOUNTY_modcol_Legendary_Crafting_Weapon2	Bounty Legendary Mods	BOUNTY_modcol_Legendary_Crafting_Weapon2 [OMOD:00853B5B] | mod_Legendary_Weapon2_Melee_PickPocket [OMOD:0083DA6F] | mod_Legendary_Weapon2_APViaKill [OMOD:00606B72] | mod_Legendary_Weapon2_DmgCrits [OMOD:0052414B] | mod_Legendary_Weapon2_DmgLimbs [OMOD:004ED02C] | mod_Legendary_Weapon2_Guns_Bashing [OMOD:005299F9] | mod_Legendary_Weapon2_Guns_DmgSights [OMOD:0052414E] | mod_Legendary_Weapon2_Guns_ExplosiveBullets [OMOD:004F5771] | mod_Legendary_Weapon2_Guns_LastShot [OMOD:006069EC] | mod_Legendary_Weapon2_Guns_RoF [OMOD:0052414F] | mod_Legendary_Weapon2_Guns_VATSAccuracy [OMOD:00524153] | mod_Legendary_Weapon2_Melee_BlockReflects [OMOD:001A7C39] | mod_Legendary_Weapon2_Melee_DamagePowerAttack [OMOD:001A7BE2] | mod_Legendary_Weapon2_Melee_Steady [OMOD:00606C8D] | mod_Legendary_Weapon2_Melee_SwingSpeed [OMOD:001A7BDA]
0085DCD7	BOUNTY_LegendaryItems_Weapons_Ranged_Rank3	3	First Star Slot	007904EB	modcol_Legendary_Crafting_Weapon2	Random Legendary Mod	modcol_Legendary_Crafting_Weapon2 [OMOD:007904EB] | mod_Legendary_Weapon2_APViaKill [OMOD:00606B72] | mod_Legendary_Weapon2_DmgCrits [OMOD:0052414B] | mod_Legendary_Weapon2_DmgLimbs [OMOD:004ED02C] | mod_Legendary_Weapon2_Guns_Bashing [OMOD:005299F9] | mod_Legendary_Weapon2_Guns_DmgSights [OMOD:0052414E] | mod_Legendary_Weapon2_Guns_ExplosiveBullets [OMOD:004F5771] | mod_Legendary_Weapon2_Guns_LastShot [OMOD:006069EC] | mod_Legendary_Weapon2_Guns_RoF [OMOD:0052414F] | mod_Legendary_Weapon2_Guns_VATSAccuracy [OMOD:00524153] | mod_Legendary_Weapon2_Melee_BlockReflects [OMOD:001A7C39] | mod_Legendary_Weapon2_Melee_DamagePowerAttack [OMOD:001A7BE2] | mod_Legendary_Weapon2_Melee_Steady [OMOD:00606C8D] | mod_Legendary_Weapon2_Melee_SwingSpeed [OMOD:001A7BDA]
0085DCD7	BOUNTY_LegendaryItems_Weapons_Ranged_Rank3	4	First Star Slot	00853B5C	BOUNTY_modcol_Legendary_Crafting_Weapon3	Bounty Legendary Mods	BOUNTY_modcol_Legendary_Crafting_Weapon3 [OMOD:00853B5C] | mod_Legendary_Weapon3_Glowing [OMOD:0083DA6A] | mod_Legendary_Weapon3_Melee_Barbarian [OMOD:0083DA6B] | mod_Legendary_Weapon3_CritSpeed [OMOD:0052414C] | mod_Legendary_Weapon3_Durability [OMOD:0037F7D9] | mod_Legendary_Weapon3_Guns_CloakOnHit [OMOD:00609E4F] | mod_Legendary_Weapon3_Guns_MoveSpeedSights [OMOD:004ED02E] | mod_Legendary_Weapon3_Guns_ReloadSpeed [OMOD:00524150] | mod_Legendary_Weapon3_Guns_ResistReload [OMOD:004F5777] | mod_Legendary_Weapon3_Guns_ResistSights [OMOD:004F5772] | mod_Legendary_Weapon3_StatPerception [OMOD:005299FA] | mod_Legendary_Weapon3_Melee_LessDamageBlock [OMOD:005253FB] | mod_Legendary_Weapon3_Melee_Defenders [OMOD:001A7BD3] | mod_Legendary_Weapon3_StatEndurance [OMOD:005299FD] | mod_Legendary_Weapon3_StatStrength [OMOD:005299FC] | mod_Legendary_Weapon3_StatAgility [OMOD:005299FB] | mod_Legendary_Weapon3_VATSCostAP [OMOD:00524154] | mod_Legendary_Weapon3_Weight [OMOD:00524152] | mod_Legendary_Weapon3_StatCharisma [OMOD:0079AD67] | mod_Legendary_Weapon3_StatIntelligence [OMOD:0079AD68] | mod_Legendary_Weapon3_StatLuck [OMOD:0079AD69]
0085DCD7	BOUNTY_LegendaryItems_Weapons_Ranged_Rank3	5	First Star Slot	007904EC	modcol_Legendary_Crafting_Weapon3	Random Legendary Mod	modcol_Legendary_Crafting_Weapon3 [OMOD:007904EC] | mod_Legendary_Weapon3_CritSpeed [OMOD:0052414C] | mod_Legendary_Weapon3_Durability [OMOD:0037F7D9] | mod_Legendary_Weapon3_Guns_CloakOnHit [OMOD:00609E4F] | mod_Legendary_Weapon3_Guns_MoveSpeedSights [OMOD:004ED02E] | mod_Legendary_Weapon3_Guns_ReloadSpeed [OMOD:00524150] | mod_Legendary_Weapon3_Guns_ResistReload [OMOD:004F5777] | mod_Legendary_Weapon3_Guns_ResistSights [OMOD:004F5772] | mod_Legendary_Weapon3_StatPerception [OMOD:005299FA] | mod_Legendary_Weapon3_Melee_LessDamageBlock [OMOD:005253FB] | mod_Legendary_Weapon3_Melee_Defenders [OMOD:001A7BD3] | mod_Legendary_Weapon3_StatEndurance [OMOD:005299FD] | mod_Legendary_Weapon3_StatStrength [OMOD:005299FC] | mod_Legendary_Weapon3_StatAgility [OMOD:005299FB] | mod_Legendary_Weapon3_VATSCostAP [OMOD:00524154] | mod_Legendary_Weapon3_Weight [OMOD:00524152] | mod_Legendary_Weapon3_StatCharisma [OMOD:0079AD67] | mod_Legendary_Weapon3_StatIntelligence [OMOD:0079AD68] | mod_Legendary_Weapon3_StatLuck [OMOD:0079AD69]
00884075	LTT_LegendaryItems_Weapons_Melee_Rank4	0	First Star Slot	00853B5A	BOUNTY_modcol_Legendary_Crafting_Weapon1	Bounty Legendary Mods	BOUNTY_modcol_Legendary_Crafting_Weapon1 [OMOD:00853B5A] | mod_Legendary_Weapon1_Melee_Feral [OMOD:0083DA74] | mod_Legendary_Weapon1_Guns_Sniper [OMOD:0083DA73] | mod_Legendary_Weapon1_Adrenal [OMOD:0080F549] | mod_Legendary_Weapon1_Lucid [OMOD:0083DA71] | mod_Legendary_Weapon1_AntiArmor [OMOD:005281B4] | mod_Legendary_Weapon1_Medic [OMOD:0075EAC6] | mod_Legendary_Weapon1_DamageAddiction [OMOD:004F6AAB] | mod_Legendary_Weapon1_DamageFirstBlood [OMOD:004F6AA5] | mod_Legendary_Weapon1_DamageInverseHealth [OMOD:004F6AA0] | mod_Legendary_Weapon1_DamageNight [OMOD:004F6AAE] | mod_Legendary_Weapon1_DamageUnarmored [OMOD:004F6AA7] | mod_Legendary_Weapon1_DamageViaCaps [OMOD:00606B71] | mod_Legendary_Weapon1_DamageViaHealth [OMOD:00606B73] | mod_Legendary_Weapon1_DebuffDamage [OMOD:005281B8] | mod_Legendary_Weapon1_DmgConsecutiveHits [OMOD:004F577D] | mod_Legendary_Weapon1_DmgVsAnimals [OMOD:004F577A] | mod_Legendary_Weapon1_DmgVsBugs [OMOD:001F81EB] | mod_Legendary_Weapon1_DmgVsGhouls [OMOD:004F5779] | mod_Legendary_Weapon1_DmgVsPlayers [OMOD:004F5770] | mod_Legendary_Weapon1_DmgVsRobots [OMOD:004F577C] | mod_Legendary_Weapon1_DmgVsScorched [OMOD:004ED02B] | mod_Legendary_Weapon1_DmgVsSupermutants [OMOD:004F577B] | mod_Legendary_Weapon1_DmgWithMutation [OMOD:005299F5] | mod_Legendary_Weapon1_Execute [OMOD:004F6AA1] | mod_Legendary_Weapon1_Gourmand [OMOD:006069F2] | mod_Legendary_Weapon1_Guns_AccuracyNotInCombat [OMOD:004F6D77] | mod_Legendary_Weapon1_Guns_AmmoCapacity4x [OMOD:004F6AB1] | mod_Legendary_Weapon1_Guns_TwoShot [OMOD:004F6D76] | mod_Legendary_Weapon1_Vampire [OMOD:00527F84]
00884075	LTT_LegendaryItems_Weapons_Melee_Rank4	1	First Star Slot	00853B5B	BOUNTY_modcol_Legendary_Crafting_Weapon2	Bounty Legendary Mods	BOUNTY_modcol_Legendary_Crafting_Weapon2 [OMOD:00853B5B] | mod_Legendary_Weapon2_Melee_PickPocket [OMOD:0083DA6F] | mod_Legendary_Weapon2_APViaKill [OMOD:00606B72] | mod_Legendary_Weapon2_DmgCrits [OMOD:0052414B] | mod_Legendary_Weapon2_DmgLimbs [OMOD:004ED02C] | mod_Legendary_Weapon2_Guns_Bashing [OMOD:005299F9] | mod_Legendary_Weapon2_Guns_DmgSights [OMOD:0052414E] | mod_Legendary_Weapon2_Guns_ExplosiveBullets [OMOD:004F5771] | mod_Legendary_Weapon2_Guns_LastShot [OMOD:006069EC] | mod_Legendary_Weapon2_Guns_RoF [OMOD:0052414F] | mod_Legendary_Weapon2_Guns_VATSAccuracy [OMOD:00524153] | mod_Legendary_Weapon2_Melee_BlockReflects [OMOD:001A7C39] | mod_Legendary_Weapon2_Melee_DamagePowerAttack [OMOD:001A7BE2] | mod_Legendary_Weapon2_Melee_Steady [OMOD:00606C8D] | mod_Legendary_Weapon2_Melee_SwingSpeed [OMOD:001A7BDA]
00884075	LTT_LegendaryItems_Weapons_Melee_Rank4	2	First Star Slot	00853B5C	BOUNTY_modcol_Legendary_Crafting_Weapon3	Bounty Legendary Mods	BOUNTY_modcol_Legendary_Crafting_Weapon3 [OMOD:00853B5C] | mod_Legendary_Weapon3_Glowing [OMOD:0083DA6A] | mod_Legendary_Weapon3_Melee_Barbarian [OMOD:0083DA6B] | mod_Legendary_Weapon3_CritSpeed [OMOD:0052414C] | mod_Legendary_Weapon3_Durability [OMOD:0037F7D9] | mod_Legendary_Weapon3_Guns_CloakOnHit [OMOD:00609E4F] | mod_Legendary_Weapon3_Guns_MoveSpeedSights [OMOD:004ED02E] | mod_Legendary_Weapon3_Guns_ReloadSpeed [OMOD:00524150] | mod_Legendary_Weapon3_Guns_ResistReload [OMOD:004F5777] | mod_Legendary_Weapon3_Guns_ResistSights [OMOD:004F5772] | mod_Legendary_Weapon3_StatPerception [OMOD:005299FA] | mod_Legendary_Weapon3_Melee_LessDamageBlock [OMOD:005253FB] | mod_Legendary_Weapon3_Melee_Defenders [OMOD:001A7BD3] | mod_Legendary_Weapon3_StatEndurance [OMOD:005299FD] | mod_Legendary_Weapon3_StatStrength [OMOD:005299FC] | mod_Legendary_Weapon3_StatAgility [OMOD:005299FB] | mod_Legendary_Weapon3_VATSCostAP [OMOD:00524154] | mod_Legendary_Weapon3_Weight [OMOD:00524152] | mod_Legendary_Weapon3_StatCharisma [OMOD:0079AD67] | mod_Legendary_Weapon3_StatIntelligence [OMOD:0079AD68] | mod_Legendary_Weapon3_StatLuck [OMOD:0079AD69]
00884075	LTT_LegendaryItems_Weapons_Melee_Rank4	3	First Star Slot	007A0D35	modcol_Legendary_Crafting_Weapon4	Random Legendary Mod	modcol_Legendary_Crafting_Weapon4 [OMOD:007A0D35] | mod_Legendary_Weapon4_Bully [OMOD:0079298C] | mod_Legendary_Weapon4_Conductors [OMOD:007ACB0B] | mod_Legendary_Weapon4_Encirclers [OMOD:007ACBF5] | mod_Legendary_Weapon4_Fracturers [OMOD:00792983] | mod_Legendary_Weapon4_Guns_Electricians [OMOD:0079297C] | mod_Legendary_Weapon4_Guns_PinPointers [OMOD:007ACA07] | mod_Legendary_Weapon4_Guns_Stabilizers [OMOD:007AC88D] | mod_Legendary_Weapon4_Melee_ComboBreaker [OMOD:00792982] | mod_Legendary_Weapon4_Melee_Fencers [OMOD:007ACBF4] | mod_Legendary_Weapon4_Icemens [OMOD:00792985] | mod_Legendary_Weapon4_Melee_Pounders [OMOD:007ACB3E] | mod_Legendary_Weapon4_Melee_Charged [OMOD:00885C6A] | mod_Legendary_Weapon4_Polished [OMOD:00792979] | mod_Legendary_Weapon4_Pyromaniac [OMOD:0079297F] | mod_Legendary_Weapon4_Vipers [OMOD:0079297A]
00884073	LTT_LegendaryItems_Armor_Rank4	0	First Star Slot	0083DA70	BOUNTY_modcol_Legendary_Crafting_Armor1	Bounty Legendary Mods	BOUNTY_modcol_Legendary_Crafting_Armor1 [OMOD:0083DA70] | mod_Legendary_Armor1_Lucid [OMOD:0083DA67] | mod_Legendary_Armor1_Adrenal [OMOD:0080F54D] | mod_Legendary_Armor1_AutoRevive [OMOD:00529A0F] | mod_Legendary_Armor1_Chameleon [OMOD:00524146] | mod_Legendary_Armor1_CloakOnMelee [OMOD:00524147] | mod_Legendary_Armor1_HealthRegen [OMOD:00529A09] | mod_Legendary_Armor1_LessDMGAnimals [OMOD:004F6D7D] | mod_Legendary_Armor1_LessDMGBugs [OMOD:004F6D7C] | mod_Legendary_Armor1_LessDMGGhouls [OMOD:004F6D7E] | mod_Legendary_Armor1_LessDMGPlayers [OMOD:004F6D78] | mod_Legendary_Armor1_LessDMGRobots [OMOD:004F6D7F] | mod_Legendary_Armor1_LessDmgScorched [OMOD:004EE548] | mod_Legendary_Armor1_LessDMGSuperMutants [OMOD:004F6D80] | mod_Legendary_Armor1_LowHealthIncreasesStats [OMOD:0052414A] | mod_Legendary_Armor1_LowHealthTriggersStimpak [OMOD:00521915] | mod_Legendary_Armor1_Overeater [OMOD:00606C84] | mod_Legendary_Armor1_ResistancesInverseHealth [OMOD:00521914] | mod_Legendary_Armor1_ResistancesMutation [OMOD:00529A0C] | mod_Legendary_Armor1_ResistancesNight [OMOD:00524143] | mod_Legendary_Armor1_ResistancesProportionalCaps [OMOD:0060893C] | mod_Legendary_Armor1_ResistancesProportionalHealth [OMOD:00529A05] | mod_Legendary_Armor1_Heavyweight [OMOD:00529A14]
00884073	LTT_LegendaryItems_Armor_Rank4	1	First Star Slot	0083DA6C	BOUNTY_modcol_Legendary_Crafting_Armor2	Bounty Legendary Mods	BOUNTY_modcol_Legendary_Crafting_Armor2 [OMOD:0083DA6C] | mod_Legendary_Armor2_Elementalist [OMOD:00849312] | mod_Legendary_Armor2_Fierce [OMOD:00849315] | mod_Legendary_Armor2_PainKiller [OMOD:00850F7D] | mod_Legendary_Armor2_Rushing [OMOD:00850F7C] | mod_Legendary_Armor2_APRegen [OMOD:00527F75] | mod_Legendary_Armor2_CryoResistance [OMOD:00606B6F] | mod_Legendary_Armor2_DiseaseResistance [OMOD:00527F72] | mod_Legendary_Armor2_Fireproof [OMOD:00606B39] | mod_Legendary_Armor2_Glutton [OMOD:006069A6] | mod_Legendary_Armor2_PoisonResistance [OMOD:00527F6E] | mod_Legendary_Armor2_RadResistance [OMOD:00527F6F] | mod_Legendary_Armor2_ReduceExplosionDamage [OMOD:00609E4E] | mod_Legendary_Armor2_StatAgility [OMOD:004F6D85] | mod_Legendary_Armor2_StatCharisma [OMOD:004F6D83] | mod_Legendary_Armor2_StatEndurance [OMOD:004F6D82] | mod_Legendary_Armor2_StatIntelligence [OMOD:004F6D84] | mod_Legendary_Armor2_StatLuck [OMOD:004F6D86] | mod_Legendary_Armor2_StatPerception [OMOD:004F6D81] | mod_Legendary_Armor2_StatStrength [OMOD:004EE54E]
00884073	LTT_LegendaryItems_Armor_Rank4	2	First Star Slot	0083DA6E	BOUNTY_modcol_Legendary_Crafting_Armor3	Bounty Legendary Mods	BOUNTY_modcol_Legendary_Crafting_Armor3 [OMOD:0083DA6E] | mod_Legendary_Armor3_Active [OMOD:0083DA62] | mod_Legendary_Armor3_Healthy [OMOD:0083DA63] | mod_Legendary_Armor3_Reflex [OMOD:0083DA60] | mod_Legendary_Armor3_Burning [OMOD:00608371] | mod_Legendary_Armor3_Durability [OMOD:0052BDBA] | mod_Legendary_Armor3_Electrified [OMOD:00608373] | mod_Legendary_Armor3_Frozen [OMOD:00608372] | mod_Legendary_Armor3_IncreaseHealing [OMOD:00609C46] | mod_Legendary_Armor3_Defenders [OMOD:00527F76] | mod_Legendary_Armor3_LessDamageSprinting [OMOD:00527F77] | mod_Legendary_Armor3_LessDamageStandStill [OMOD:004EE54C] | mod_Legendary_Armor3_LessFallDamage [OMOD:00527F79] | mod_Legendary_Armor3_LockPick [OMOD:00527F7B] | mod_Legendary_Armor3_RadsRegen [OMOD:00606B6D] | mod_Legendary_Armor3_ReducedLimbDamage [OMOD:0052BDBC] | mod_Legendary_Armor3_Sneak [OMOD:0052BDB7] | mod_Legendary_Armor3_Toxic [OMOD:00608370] | mod_Legendary_Armor3_Waterbreathing [OMOD:00527F7A] | mod_Legendary_Armor3_WeightAmmo [OMOD:0052BDB4] | mod_Legendary_Armor3_WeightFoodDrinkChems [OMOD:0052BDB5] | mod_Legendary_Armor3_WeightJunk [OMOD:0052BDB6] | mod_Legendary_Armor3_WeightWeapons [OMOD:00527F78]
00884073	LTT_LegendaryItems_Armor_Rank4	3	First Star Slot	007A0D36	modcol_Legendary_Crafting_Armor4	Random Legendary Mod	modcol_Legendary_Crafting_Armor4 [OMOD:007A0D36] | mod_Legendary_Armor4_BattleLoaders [OMOD:00792A28] | mod_Legendary_Armor4_Bruiser [OMOD:00792A2A] | mod_Legendary_Armor4_LimitBreak [OMOD:00792A2D] | mod_Legendary_Armor4_Miasma [OMOD:00792A2E] | mod_Legendary_Armor4_Sawbones [OMOD:00792984] | mod_Legendary_Armor4_Ranger [OMOD:00792A34] | mod_Legendary_Armor4_Runner [OMOD:00792A36] | mod_Legendary_Armor4_Tanky [OMOD:00792A39]
00884076	LTT_LegendaryItems_Weapons_Ranged_Rank4	0	First Star Slot	00853B5A	BOUNTY_modcol_Legendary_Crafting_Weapon1	Bounty Legendary Mods	BOUNTY_modcol_Legendary_Crafting_Weapon1 [OMOD:00853B5A] | mod_Legendary_Weapon1_Melee_Feral [OMOD:0083DA74] | mod_Legendary_Weapon1_Guns_Sniper [OMOD:0083DA73] | mod_Legendary_Weapon1_Adrenal [OMOD:0080F549] | mod_Legendary_Weapon1_Lucid [OMOD:0083DA71] | mod_Legendary_Weapon1_AntiArmor [OMOD:005281B4] | mod_Legendary_Weapon1_Medic [OMOD:0075EAC6] | mod_Legendary_Weapon1_DamageAddiction [OMOD:004F6AAB] | mod_Legendary_Weapon1_DamageFirstBlood [OMOD:004F6AA5] | mod_Legendary_Weapon1_DamageInverseHealth [OMOD:004F6AA0] | mod_Legendary_Weapon1_DamageNight [OMOD:004F6AAE] | mod_Legendary_Weapon1_DamageUnarmored [OMOD:004F6AA7] | mod_Legendary_Weapon1_DamageViaCaps [OMOD:00606B71] | mod_Legendary_Weapon1_DamageViaHealth [OMOD:00606B73] | mod_Legendary_Weapon1_DebuffDamage [OMOD:005281B8] | mod_Legendary_Weapon1_DmgConsecutiveHits [OMOD:004F577D] | mod_Legendary_Weapon1_DmgVsAnimals [OMOD:004F577A] | mod_Legendary_Weapon1_DmgVsBugs [OMOD:001F81EB] | mod_Legendary_Weapon1_DmgVsGhouls [OMOD:004F5779] | mod_Legendary_Weapon1_DmgVsPlayers [OMOD:004F5770] | mod_Legendary_Weapon1_DmgVsRobots [OMOD:004F577C] | mod_Legendary_Weapon1_DmgVsScorched [OMOD:004ED02B] | mod_Legendary_Weapon1_DmgVsSupermutants [OMOD:004F577B] | mod_Legendary_Weapon1_DmgWithMutation [OMOD:005299F5] | mod_Legendary_Weapon1_Execute [OMOD:004F6AA1] | mod_Legendary_Weapon1_Gourmand [OMOD:006069F2] | mod_Legendary_Weapon1_Guns_AccuracyNotInCombat [OMOD:004F6D77] | mod_Legendary_Weapon1_Guns_AmmoCapacity4x [OMOD:004F6AB1] | mod_Legendary_Weapon1_Guns_TwoShot [OMOD:004F6D76] | mod_Legendary_Weapon1_Vampire [OMOD:00527F84]
00884076	LTT_LegendaryItems_Weapons_Ranged_Rank4	1	First Star Slot	00853B5B	BOUNTY_modcol_Legendary_Crafting_Weapon2	Bounty Legendary Mods	BOUNTY_modcol_Legendary_Crafting_Weapon2 [OMOD:00853B5B] | mod_Legendary_Weapon2_Melee_PickPocket [OMOD:0083DA6F] | mod_Legendary_Weapon2_APViaKill [OMOD:00606B72] | mod_Legendary_Weapon2_DmgCrits [OMOD:0052414B] | mod_Legendary_Weapon2_DmgLimbs [OMOD:004ED02C] | mod_Legendary_Weapon2_Guns_Bashing [OMOD:005299F9] | mod_Legendary_Weapon2_Guns_DmgSights [OMOD:0052414E] | mod_Legendary_Weapon2_Guns_ExplosiveBullets [OMOD:004F5771] | mod_Legendary_Weapon2_Guns_LastShot [OMOD:006069EC] | mod_Legendary_Weapon2_Guns_RoF [OMOD:0052414F] | mod_Legendary_Weapon2_Guns_VATSAccuracy [OMOD:00524153] | mod_Legendary_Weapon2_Melee_BlockReflects [OMOD:001A7C39] | mod_Legendary_Weapon2_Melee_DamagePowerAttack [OMOD:001A7BE2] | mod_Legendary_Weapon2_Melee_Steady [OMOD:00606C8D] | mod_Legendary_Weapon2_Melee_SwingSpeed [OMOD:001A7BDA]
00884076	LTT_LegendaryItems_Weapons_Ranged_Rank4	2	First Star Slot	00853B5C	BOUNTY_modcol_Legendary_Crafting_Weapon3	Bounty Legendary Mods	BOUNTY_modcol_Legendary_Crafting_Weapon3 [OMOD:00853B5C] | mod_Legendary_Weapon3_Glowing [OMOD:0083DA6A] | mod_Legendary_Weapon3_Melee_Barbarian [OMOD:0083DA6B] | mod_Legendary_Weapon3_CritSpeed [OMOD:0052414C] | mod_Legendary_Weapon3_Durability [OMOD:0037F7D9] | mod_Legendary_Weapon3_Guns_CloakOnHit [OMOD:00609E4F] | mod_Legendary_Weapon3_Guns_MoveSpeedSights [OMOD:004ED02E] | mod_Legendary_Weapon3_Guns_ReloadSpeed [OMOD:00524150] | mod_Legendary_Weapon3_Guns_ResistReload [OMOD:004F5777] | mod_Legendary_Weapon3_Guns_ResistSights [OMOD:004F5772] | mod_Legendary_Weapon3_StatPerception [OMOD:005299FA] | mod_Legendary_Weapon3_Melee_LessDamageBlock [OMOD:005253FB] | mod_Legendary_Weapon3_Melee_Defenders [OMOD:001A7BD3] | mod_Legendary_Weapon3_StatEndurance [OMOD:005299FD] | mod_Legendary_Weapon3_StatStrength [OMOD:005299FC] | mod_Legendary_Weapon3_StatAgility [OMOD:005299FB] | mod_Legendary_Weapon3_VATSCostAP [OMOD:00524154] | mod_Legendary_Weapon3_Weight [OMOD:00524152] | mod_Legendary_Weapon3_StatCharisma [OMOD:0079AD67] | mod_Legendary_Weapon3_StatIntelligence [OMOD:0079AD68] | mod_Legendary_Weapon3_StatLuck [OMOD:0079AD69]
00884076	LTT_LegendaryItems_Weapons_Ranged_Rank4	3	First Star Slot	007A0D35	modcol_Legendary_Crafting_Weapon4	Random Legendary Mod	modcol_Legendary_Crafting_Weapon4 [OMOD:007A0D35] | mod_Legendary_Weapon4_Bully [OMOD:0079298C] | mod_Legendary_Weapon4_Conductors [OMOD:007ACB0B] | mod_Legendary_Weapon4_Encirclers [OMOD:007ACBF5] | mod_Legendary_Weapon4_Fracturers [OMOD:00792983] | mod_Legendary_Weapon4_Guns_Electricians [OMOD:0079297C] | mod_Legendary_Weapon4_Guns_PinPointers [OMOD:007ACA07] | mod_Legendary_Weapon4_Guns_Stabilizers [OMOD:007AC88D] | mod_Legendary_Weapon4_Melee_ComboBreaker [OMOD:00792982] | mod_Legendary_Weapon4_Melee_Fencers [OMOD:007ACBF4] | mod_Legendary_Weapon4_Icemens [OMOD:00792985] | mod_Legendary_Weapon4_Melee_Pounders [OMOD:007ACB3E] | mod_Legendary_Weapon4_Melee_Charged [OMOD:00885C6A] | mod_Legendary_Weapon4_Polished [OMOD:00792979] | mod_Legendary_Weapon4_Pyromaniac [OMOD:0079297F] | mod_Legendary_Weapon4_Vipers [OMOD:0079297A]
00884074	LTT_LegendaryItems_PowerArmor_Rank4	0	First Star Slot	00853B67	BOUNTY_modcol_Legendary_Crafting_PowerArmor1	Bounty Legendary Mods	BOUNTY_modcol_Legendary_Crafting_PowerArmor1 [OMOD:00853B67] | mod_Legendary_PowerArmor1_Adrenal [OMOD:0080F54E] | mod_Legendary_PowerArmor1_Lucid [OMOD:0083E316] | mod_Legendary_PowerArmor1_Chameleon [OMOD:00606268] | mod_Legendary_PowerArmor1_CloakOnMelee [OMOD:00606269] | mod_Legendary_PowerArmor1_HealthRegen [OMOD:0060625D] | mod_Legendary_PowerArmor1_LessDMGAnimals [OMOD:00606274] | mod_Legendary_PowerArmor1_LessDMGBugs [OMOD:00606266] | mod_Legendary_PowerArmor1_LessDMGGhouls [OMOD:0060625E] | mod_Legendary_PowerArmor1_LessDMGPlayers [OMOD:00606259] | mod_Legendary_PowerArmor1_LessDMGRobots [OMOD:00606275] | mod_Legendary_PowerArmor1_LessDmgScorched [OMOD:0060626D] | mod_Legendary_PowerArmor1_LessDMGSuperMutants [OMOD:00606265] | mod_Legendary_PowerArmor1_LowHealthTriggersStimpak [OMOD:0060625F] | mod_Legendary_PowerArmor1_Overeater [OMOD:00606DE3] | mod_Legendary_PowerArmor1_ResistancesInverseHealth [OMOD:00606257] | mod_Legendary_PowerArmor1_ResistancesMutation [OMOD:00606253] | mod_Legendary_PowerArmor1_ResistancesNight [OMOD:0060625B] | mod_Legendary_PowerArmor1_ResistancesProportionalCaps [OMOD:0060893D] | mod_Legendary_PowerArmor1_ResistancesProportionalHealth [OMOD:00606276]
00884074	LTT_LegendaryItems_PowerArmor_Rank4	1	First Star Slot	00853B65	BOUNTY_modcol_Legendary_Crafting_PowerArmor2	Bounty Legendary Mods	BOUNTY_modcol_Legendary_Crafting_PowerArmor2 [OMOD:00853B65] | mod_Legendary_PowerArmor2_Elementalist [OMOD:008493E7] | mod_Legendary_PowerArmor2_PainKiller [OMOD:00850F7B] | mod_Legendary_PowerArmor2_Rushing [OMOD:00850F7A] | mod_Legendary_PowerArmor2_APRegen [OMOD:0060626E] | mod_Legendary_PowerArmor2_CryoResistance [OMOD:00606B70] | mod_Legendary_PowerArmor2_DiseaseResistance [OMOD:0060626A] | mod_Legendary_PowerArmor2_Fireproof [OMOD:00606B3A] | mod_Legendary_PowerArmor2_Glutton [OMOD:006069A7] | mod_Legendary_PowerArmor2_PoisonResistance [OMOD:00606267] | mod_Legendary_PowerArmor2_RadResistance [OMOD:00606264] | mod_Legendary_PowerArmor2_ReduceExplosionDamage [OMOD:00609E50] | mod_Legendary_PowerArmor2_StatAgility [OMOD:00606263] | mod_Legendary_PowerArmor2_StatCharisma [OMOD:00606261] | mod_Legendary_PowerArmor2_StatEndurance [OMOD:00606260] | mod_Legendary_PowerArmor2_StatIntelligence [OMOD:00606256] | mod_Legendary_PowerArmor2_StatLuck [OMOD:00606255] | mod_Legendary_PowerArmor2_StatPerception [OMOD:00606258] | mod_Legendary_PowerArmor2_StatStrength [OMOD:00606254]
00884074	LTT_LegendaryItems_PowerArmor_Rank4	2	First Star Slot	00853B66	BOUNTY_modcol_Legendary_Crafting_PowerArmor3	Bounty Legendary Mods	BOUNTY_modcol_Legendary_Crafting_PowerArmor3 [OMOD:00853B66] | mod_Legendary_PowerArmor3_Active [OMOD:0083E319] | mod_Legendary_PowerArmor3_Healthy [OMOD:0083E318] | mod_Legendary_PowerArmor3_Burning [OMOD:00608376] | mod_Legendary_PowerArmor3_Durability [OMOD:0060625A] | mod_Legendary_PowerArmor3_Electrified [OMOD:00608374] | mod_Legendary_PowerArmor3_Frozen [OMOD:00608377] | mod_Legendary_PowerArmor3_IncreaseHealing [OMOD:00609C45] | mod_Legendary_PowerArmor3_Defenders [OMOD:00606252] | mod_Legendary_PowerArmor3_LessDamageSprinting [OMOD:0060625C] | mod_Legendary_PowerArmor3_LessDamageStandStill [OMOD:00606277] | mod_Legendary_PowerArmor3_LockPick [OMOD:00606273] | mod_Legendary_PowerArmor3_RadsRegen [OMOD:00606B6E] | mod_Legendary_PowerArmor3_Toxic [OMOD:00608375] | mod_Legendary_PowerArmor3_WeightAmmo [OMOD:00606270] | mod_Legendary_PowerArmor3_WeightFoodDrinkChems [OMOD:0060626F] | mod_Legendary_PowerArmor3_WeightJunk [OMOD:0060626C] | mod_Legendary_PowerArmor3_WeightWeapons [OMOD:0060626B]
00884074	LTT_LegendaryItems_PowerArmor_Rank4	3	First Star Slot	007A0D34	modcol_Legendary_Crafting_PowerArmor4	Random Legendary Mod	modcol_Legendary_Crafting_PowerArmor4 [OMOD:007A0D34] | mod_Legendary_PowerArmor4_Aegis [OMOD:007ACE4F] | mod_Legendary_PowerArmor4_BattleLoaders [OMOD:007A74C2] | mod_Legendary_PowerArmor4_Bruiser [OMOD:007A74CD] | mod_Legendary_PowerArmor4_ChooChoo [OMOD:00792A2B] | mod_Legendary_PowerArmor4_LimitBreak [OMOD:007A74C6] | mod_Legendary_PowerArmor4_Miasma [OMOD:007A74C4] | mod_Legendary_PowerArmor4_Sawbones [OMOD:007A74D0] | mod_Legendary_PowerArmor4_Propelling [OMOD:00792A29] | mod_Legendary_PowerArmor4_RadioactivePowered [OMOD:00792A33] | mod_Legendary_PowerArmor4_Ranger [OMOD:007A74CE] | mod_Legendary_PowerArmor4_Reflective [OMOD:00792A35] | mod_Legendary_PowerArmor4_Rejuvenators [OMOD:007ACD6E] | mod_Legendary_PowerArmor4_Runner [OMOD:007A74CB] | mod_Legendary_PowerArmor4_Scanners [OMOD:00792A3A] | mod_Legendary_PowerArmor4_Stalwarts [OMOD:007ACEB2] | mod_Legendary_PowerArmor4_Tanky [OMOD:007A74C7]
00863A9A	RA_LegendaryItems_Weapons_Rank4	0	First Star Slot	007904EA	modcol_Legendary_Crafting_Weapon1	Random Legendary Mod	modcol_Legendary_Crafting_Weapon1 [OMOD:007904EA] | mod_Legendary_Weapon1_AntiArmor [OMOD:005281B4] | mod_Legendary_Weapon1_Medic [OMOD:0075EAC6] | mod_Legendary_Weapon1_DamageAddiction [OMOD:004F6AAB] | mod_Legendary_Weapon1_DamageFirstBlood [OMOD:004F6AA5] | mod_Legendary_Weapon1_DamageInverseHealth [OMOD:004F6AA0] | mod_Legendary_Weapon1_DamageNight [OMOD:004F6AAE] | mod_Legendary_Weapon1_DamageUnarmored [OMOD:004F6AA7] | mod_Legendary_Weapon1_DamageViaCaps [OMOD:00606B71] | mod_Legendary_Weapon1_DamageViaHealth [OMOD:00606B73] | mod_Legendary_Weapon1_DebuffDamage [OMOD:005281B8] | mod_Legendary_Weapon1_DmgConsecutiveHits [OMOD:004F577D] | mod_Legendary_Weapon1_DmgVsAnimals [OMOD:004F577A] | mod_Legendary_Weapon1_DmgVsBugs [OMOD:001F81EB] | mod_Legendary_Weapon1_DmgVsGhouls [OMOD:004F5779] | mod_Legendary_Weapon1_DmgVsPlayers [OMOD:004F5770] | mod_Legendary_Weapon1_DmgVsRobots [OMOD:004F577C] | mod_Legendary_Weapon1_DmgVsScorched [OMOD:004ED02B] | mod_Legendary_Weapon1_DmgVsSupermutants [OMOD:004F577B] | mod_Legendary_Weapon1_DmgWithMutation [OMOD:005299F5] | mod_Legendary_Weapon1_Execute [OMOD:004F6AA1] | mod_Legendary_Weapon1_Gourmand [OMOD:006069F2] | mod_Legendary_Weapon1_Guns_AccuracyNotInCombat [OMOD:004F6D77] | mod_Legendary_Weapon1_Guns_AmmoCapacity4x [OMOD:004F6AB1] | mod_Legendary_Weapon1_Guns_TwoShot [OMOD:004F6D76] | mod_Legendary_Weapon1_Vampire [OMOD:00527F84]
00863A9A	RA_LegendaryItems_Weapons_Rank4	1	First Star Slot	007904EB	modcol_Legendary_Crafting_Weapon2	Random Legendary Mod	modcol_Legendary_Crafting_Weapon2 [OMOD:007904EB] | mod_Legendary_Weapon2_APViaKill [OMOD:00606B72] | mod_Legendary_Weapon2_DmgCrits [OMOD:0052414B] | mod_Legendary_Weapon2_DmgLimbs [OMOD:004ED02C] | mod_Legendary_Weapon2_Guns_Bashing [OMOD:005299F9] | mod_Legendary_Weapon2_Guns_DmgSights [OMOD:0052414E] | mod_Legendary_Weapon2_Guns_ExplosiveBullets [OMOD:004F5771] | mod_Legendary_Weapon2_Guns_LastShot [OMOD:006069EC] | mod_Legendary_Weapon2_Guns_RoF [OMOD:0052414F] | mod_Legendary_Weapon2_Guns_VATSAccuracy [OMOD:00524153] | mod_Legendary_Weapon2_Melee_BlockReflects [OMOD:001A7C39] | mod_Legendary_Weapon2_Melee_DamagePowerAttack [OMOD:001A7BE2] | mod_Legendary_Weapon2_Melee_Steady [OMOD:00606C8D] | mod_Legendary_Weapon2_Melee_SwingSpeed [OMOD:001A7BDA]
00863A9A	RA_LegendaryItems_Weapons_Rank4	2	First Star Slot	007904EC	modcol_Legendary_Crafting_Weapon3	Random Legendary Mod	modcol_Legendary_Crafting_Weapon3 [OMOD:007904EC] | mod_Legendary_Weapon3_CritSpeed [OMOD:0052414C] | mod_Legendary_Weapon3_Durability [OMOD:0037F7D9] | mod_Legendary_Weapon3_Guns_CloakOnHit [OMOD:00609E4F] | mod_Legendary_Weapon3_Guns_MoveSpeedSights [OMOD:004ED02E] | mod_Legendary_Weapon3_Guns_ReloadSpeed [OMOD:00524150] | mod_Legendary_Weapon3_Guns_ResistReload [OMOD:004F5777] | mod_Legendary_Weapon3_Guns_ResistSights [OMOD:004F5772] | mod_Legendary_Weapon3_StatPerception [OMOD:005299FA] | mod_Legendary_Weapon3_Melee_LessDamageBlock [OMOD:005253FB] | mod_Legendary_Weapon3_Melee_Defenders [OMOD:001A7BD3] | mod_Legendary_Weapon3_StatEndurance [OMOD:005299FD] | mod_Legendary_Weapon3_StatStrength [OMOD:005299FC] | mod_Legendary_Weapon3_StatAgility [OMOD:005299FB] | mod_Legendary_Weapon3_VATSCostAP [OMOD:00524154] | mod_Legendary_Weapon3_Weight [OMOD:00524152] | mod_Legendary_Weapon3_StatCharisma [OMOD:0079AD67] | mod_Legendary_Weapon3_StatIntelligence [OMOD:0079AD68] | mod_Legendary_Weapon3_StatLuck [OMOD:0079AD69]
00863A9A	RA_LegendaryItems_Weapons_Rank4	3	First Star Slot	00863A9F	RA_modcol_Legendary_Crafting_Weapon4	Normal 4 Star Legendary Mods Item Pool	RA_modcol_Legendary_Crafting_Weapon4 [OMOD:00863A9F] | mod_Legendary_Weapon4_Icemens [OMOD:00792985] | mod_Legendary_Weapon4_Polished [OMOD:00792979] | mod_Legendary_Weapon4_Guns_Stabilizers [OMOD:007AC88D]
00863A9B	RA_LegendaryItems_Armor_Rank4	0	First Star Slot	007904ED	modcol_Legendary_Crafting_Armor1	Random Legendary Mod	modcol_Legendary_Crafting_Armor1 [OMOD:007904ED] | mod_Legendary_Armor1_AutoRevive [OMOD:00529A0F] | mod_Legendary_Armor1_Chameleon [OMOD:00524146] | mod_Legendary_Armor1_CloakOnMelee [OMOD:00524147] | mod_Legendary_Armor1_HealthRegen [OMOD:00529A09] | mod_Legendary_Armor1_LessDMGAnimals [OMOD:004F6D7D] | mod_Legendary_Armor1_LessDMGBugs [OMOD:004F6D7C] | mod_Legendary_Armor1_LessDMGGhouls [OMOD:004F6D7E] | mod_Legendary_Armor1_LessDMGPlayers [OMOD:004F6D78] | mod_Legendary_Armor1_LessDMGRobots [OMOD:004F6D7F] | mod_Legendary_Armor1_LessDmgScorched [OMOD:004EE548] | mod_Legendary_Armor1_LessDMGSuperMutants [OMOD:004F6D80] | mod_Legendary_Armor1_LowHealthIncreasesStats [OMOD:0052414A] | mod_Legendary_Armor1_LowHealthTriggersStimpak [OMOD:00521915] | mod_Legendary_Armor1_Overeater [OMOD:00606C84] | mod_Legendary_Armor1_ResistancesInverseHealth [OMOD:00521914] | mod_Legendary_Armor1_ResistancesMutation [OMOD:00529A0C] | mod_Legendary_Armor1_ResistancesNight [OMOD:00524143] | mod_Legendary_Armor1_ResistancesProportionalCaps [OMOD:0060893C] | mod_Legendary_Armor1_ResistancesProportionalHealth [OMOD:00529A05] | mod_Legendary_Armor1_Heavyweight [OMOD:00529A14]
00863A9B	RA_LegendaryItems_Armor_Rank4	1	First Star Slot	007904EE	modcol_Legendary_Crafting_Armor2	Random Legendary Mod	modcol_Legendary_Crafting_Armor2 [OMOD:007904EE] | mod_Legendary_Armor2_APRegen [OMOD:00527F75] | mod_Legendary_Armor2_CryoResistance [OMOD:00606B6F] | mod_Legendary_Armor2_DiseaseResistance [OMOD:00527F72] | mod_Legendary_Armor2_Fireproof [OMOD:00606B39] | mod_Legendary_Armor2_Glutton [OMOD:006069A6] | mod_Legendary_Armor2_PoisonResistance [OMOD:00527F6E] | mod_Legendary_Armor2_RadResistance [OMOD:00527F6F] | mod_Legendary_Armor2_ReduceExplosionDamage [OMOD:00609E4E] | mod_Legendary_Armor2_StatAgility [OMOD:004F6D85] | mod_Legendary_Armor2_StatCharisma [OMOD:004F6D83] | mod_Legendary_Armor2_StatEndurance [OMOD:004F6D82] | mod_Legendary_Armor2_StatIntelligence [OMOD:004F6D84] | mod_Legendary_Armor2_StatLuck [OMOD:004F6D86] | mod_Legendary_Armor2_StatPerception [OMOD:004F6D81] | mod_Legendary_Armor2_StatStrength [OMOD:004EE54E]
00863A9B	RA_LegendaryItems_Armor_Rank4	2	First Star Slot	007904EF	modcol_Legendary_Crafting_Armor3	Random Legendary Mod	modcol_Legendary_Crafting_Armor3 [OMOD:007904EF] | mod_Legendary_Armor3_Burning [OMOD:00608371] | mod_Legendary_Armor3_Durability [OMOD:0052BDBA] | mod_Legendary_Armor3_Electrified [OMOD:00608373] | mod_Legendary_Armor3_Frozen [OMOD:00608372] | mod_Legendary_Armor3_IncreaseHealing [OMOD:00609C46] | mod_Legendary_Armor3_Defenders [OMOD:00527F76] | mod_Legendary_Armor3_LessDamageSprinting [OMOD:00527F77] | mod_Legendary_Armor3_LessDamageStandStill [OMOD:004EE54C] | mod_Legendary_Armor3_LessFallDamage [OMOD:00527F79] | mod_Legendary_Armor3_LockPick [OMOD:00527F7B] | mod_Legendary_Armor3_RadsRegen [OMOD:00606B6D] | mod_Legendary_Armor3_ReducedLimbDamage [OMOD:0052BDBC] | mod_Legendary_Armor3_Sneak [OMOD:0052BDB7] | mod_Legendary_Armor3_Toxic [OMOD:00608370] | mod_Legendary_Armor3_Waterbreathing [OMOD:00527F7A] | mod_Legendary_Armor3_WeightAmmo [OMOD:0052BDB4] | mod_Legendary_Armor3_WeightFoodDrinkChems [OMOD:0052BDB5] | mod_Legendary_Armor3_WeightJunk [OMOD:0052BDB6] | mod_Legendary_Armor3_WeightWeapons [OMOD:00527F78]
00863A9B	RA_LegendaryItems_Armor_Rank4	3	First Star Slot	00863AA1	RA_modcol_Legendary_Crafting_Armor4	Normal 4 Star Legendary Mods Item Pool	RA_modcol_Legendary_Crafting_Armor4 [OMOD:00863AA1] | mod_Legendary_Armor4_BattleLoaders [OMOD:00792A28]
00863A9C	RA_LegendaryItems_PowerArmor_Rank4	0	First Star Slot	007904F0	modcol_Legendary_Crafting_PowerArmor1	Random Legendary Mod	modcol_Legendary_Crafting_PowerArmor1 [OMOD:007904F0] | mod_Legendary_PowerArmor1_Chameleon [OMOD:00606268] | mod_Legendary_PowerArmor1_CloakOnMelee [OMOD:00606269] | mod_Legendary_PowerArmor1_HealthRegen [OMOD:0060625D] | mod_Legendary_PowerArmor1_LessDMGAnimals [OMOD:00606274] | mod_Legendary_PowerArmor1_LessDMGBugs [OMOD:00606266] | mod_Legendary_PowerArmor1_LessDMGGhouls [OMOD:0060625E] | mod_Legendary_PowerArmor1_LessDMGPlayers [OMOD:00606259] | mod_Legendary_PowerArmor1_LessDMGRobots [OMOD:00606275] | mod_Legendary_PowerArmor1_LessDmgScorched [OMOD:0060626D] | mod_Legendary_PowerArmor1_LessDMGSuperMutants [OMOD:00606265] | mod_Legendary_PowerArmor1_LowHealthTriggersStimpak [OMOD:0060625F] | mod_Legendary_PowerArmor1_Overeater [OMOD:00606DE3] | mod_Legendary_PowerArmor1_ResistancesInverseHealth [OMOD:00606257] | mod_Legendary_PowerArmor1_ResistancesMutation [OMOD:00606253] | mod_Legendary_PowerArmor1_ResistancesNight [OMOD:0060625B] | mod_Legendary_PowerArmor1_ResistancesProportionalCaps [OMOD:0060893D] | mod_Legendary_PowerArmor1_ResistancesProportionalHealth [OMOD:00606276]
00863A9C	RA_LegendaryItems_PowerArmor_Rank4	1	First Star Slot	007904F1	modcol_Legendary_Crafting_PowerArmor2	Random Legendary Mod	modcol_Legendary_Crafting_PowerArmor2 [OMOD:007904F1] | mod_Legendary_PowerArmor2_APRegen [OMOD:0060626E] | mod_Legendary_PowerArmor2_CryoResistance [OMOD:00606B70] | mod_Legendary_PowerArmor2_DiseaseResistance [OMOD:0060626A] | mod_Legendary_PowerArmor2_Fireproof [OMOD:00606B3A] | mod_Legendary_PowerArmor2_Glutton [OMOD:006069A7] | mod_Legendary_PowerArmor2_PoisonResistance [OMOD:00606267] | mod_Legendary_PowerArmor2_RadResistance [OMOD:00606264] | mod_Legendary_PowerArmor2_ReduceExplosionDamage [OMOD:00609E50] | mod_Legendary_PowerArmor2_StatAgility [OMOD:00606263] | mod_Legendary_PowerArmor2_StatCharisma [OMOD:00606261] | mod_Legendary_PowerArmor2_StatEndurance [OMOD:00606260] | mod_Legendary_PowerArmor2_StatIntelligence [OMOD:00606256] | mod_Legendary_PowerArmor2_StatLuck [OMOD:00606255] | mod_Legendary_PowerArmor2_StatPerception [OMOD:00606258] | mod_Legendary_PowerArmor2_StatStrength [OMOD:00606254]
00863A9C	RA_LegendaryItems_PowerArmor_Rank4	2	First Star Slot	007904F2	modcol_Legendary_Crafting_PowerArmor3	Random Legendary Mod	modcol_Legendary_Crafting_PowerArmor3 [OMOD:007904F2] | mod_Legendary_PowerArmor3_Burning [OMOD:00608376] | mod_Legendary_PowerArmor3_Durability [OMOD:0060625A] | mod_Legendary_PowerArmor3_Electrified [OMOD:00608374] | mod_Legendary_PowerArmor3_Frozen [OMOD:00608377] | mod_Legendary_PowerArmor3_IncreaseHealing [OMOD:00609C45] | mod_Legendary_PowerArmor3_Defenders [OMOD:00606252] | mod_Legendary_PowerArmor3_LessDamageSprinting [OMOD:0060625C] | mod_Legendary_PowerArmor3_LessDamageStandStill [OMOD:00606277] | mod_Legendary_PowerArmor3_LockPick [OMOD:00606273] | mod_Legendary_PowerArmor3_RadsRegen [OMOD:00606B6E] | mod_Legendary_PowerArmor3_Toxic [OMOD:00608375] | mod_Legendary_PowerArmor3_WeightAmmo [OMOD:00606270] | mod_Legendary_PowerArmor3_WeightFoodDrinkChems [OMOD:0060626F] | mod_Legendary_PowerArmor3_WeightJunk [OMOD:0060626C] | mod_Legendary_PowerArmor3_WeightWeapons [OMOD:0060626B]
00863A9C	RA_LegendaryItems_PowerArmor_Rank4	3	First Star Slot	00863AA0	RA_modcol_Legendary_Crafting_PowerArmor4	Normal 4 Star Legendary Mods Item Pool	RA_modcol_Legendary_Crafting_PowerArmor4 [OMOD:00863AA0] | mod_Legendary_PowerArmor4_Propelling [OMOD:00792A29] | mod_Legendary_PowerArmor4_Aegis [OMOD:007ACE4F] | mod_Legendary_PowerArmor4_BattleLoaders [OMOD:007A74C2] | mod_Legendary_PowerArmor4_RadioactivePowered [OMOD:00792A33]
008833D6	RA_LegendaryItems_Weapons_BigfootOnly_Rank4	0	First Star Slot	007904EA	modcol_Legendary_Crafting_Weapon1	Random Legendary Mod	modcol_Legendary_Crafting_Weapon1 [OMOD:007904EA] | mod_Legendary_Weapon1_AntiArmor [OMOD:005281B4] | mod_Legendary_Weapon1_Medic [OMOD:0075EAC6] | mod_Legendary_Weapon1_DamageAddiction [OMOD:004F6AAB] | mod_Legendary_Weapon1_DamageFirstBlood [OMOD:004F6AA5] | mod_Legendary_Weapon1_DamageInverseHealth [OMOD:004F6AA0] | mod_Legendary_Weapon1_DamageNight [OMOD:004F6AAE] | mod_Legendary_Weapon1_DamageUnarmored [OMOD:004F6AA7] | mod_Legendary_Weapon1_DamageViaCaps [OMOD:00606B71] | mod_Legendary_Weapon1_DamageViaHealth [OMOD:00606B73] | mod_Legendary_Weapon1_DebuffDamage [OMOD:005281B8] | mod_Legendary_Weapon1_DmgConsecutiveHits [OMOD:004F577D] | mod_Legendary_Weapon1_DmgVsAnimals [OMOD:004F577A] | mod_Legendary_Weapon1_DmgVsBugs [OMOD:001F81EB] | mod_Legendary_Weapon1_DmgVsGhouls [OMOD:004F5779] | mod_Legendary_Weapon1_DmgVsPlayers [OMOD:004F5770] | mod_Legendary_Weapon1_DmgVsRobots [OMOD:004F577C] | mod_Legendary_Weapon1_DmgVsScorched [OMOD:004ED02B] | mod_Legendary_Weapon1_DmgVsSupermutants [OMOD:004F577B] | mod_Legendary_Weapon1_DmgWithMutation [OMOD:005299F5] | mod_Legendary_Weapon1_Execute [OMOD:004F6AA1] | mod_Legendary_Weapon1_Gourmand [OMOD:006069F2] | mod_Legendary_Weapon1_Guns_AccuracyNotInCombat [OMOD:004F6D77] | mod_Legendary_Weapon1_Guns_AmmoCapacity4x [OMOD:004F6AB1] | mod_Legendary_Weapon1_Guns_TwoShot [OMOD:004F6D76] | mod_Legendary_Weapon1_Vampire [OMOD:00527F84]
008833D6	RA_LegendaryItems_Weapons_BigfootOnly_Rank4	1	First Star Slot	007904EB	modcol_Legendary_Crafting_Weapon2	Random Legendary Mod	modcol_Legendary_Crafting_Weapon2 [OMOD:007904EB] | mod_Legendary_Weapon2_APViaKill [OMOD:00606B72] | mod_Legendary_Weapon2_DmgCrits [OMOD:0052414B] | mod_Legendary_Weapon2_DmgLimbs [OMOD:004ED02C] | mod_Legendary_Weapon2_Guns_Bashing [OMOD:005299F9] | mod_Legendary_Weapon2_Guns_DmgSights [OMOD:0052414E] | mod_Legendary_Weapon2_Guns_ExplosiveBullets [OMOD:004F5771] | mod_Legendary_Weapon2_Guns_LastShot [OMOD:006069EC] | mod_Legendary_Weapon2_Guns_RoF [OMOD:0052414F] | mod_Legendary_Weapon2_Guns_VATSAccuracy [OMOD:00524153] | mod_Legendary_Weapon2_Melee_BlockReflects [OMOD:001A7C39] | mod_Legendary_Weapon2_Melee_DamagePowerAttack [OMOD:001A7BE2] | mod_Legendary_Weapon2_Melee_Steady [OMOD:00606C8D] | mod_Legendary_Weapon2_Melee_SwingSpeed [OMOD:001A7BDA]
008833D6	RA_LegendaryItems_Weapons_BigfootOnly_Rank4	2	First Star Slot	007904EC	modcol_Legendary_Crafting_Weapon3	Random Legendary Mod	modcol_Legendary_Crafting_Weapon3 [OMOD:007904EC] | mod_Legendary_Weapon3_CritSpeed [OMOD:0052414C] | mod_Legendary_Weapon3_Durability [OMOD:0037F7D9] | mod_Legendary_Weapon3_Guns_CloakOnHit [OMOD:00609E4F] | mod_Legendary_Weapon3_Guns_MoveSpeedSights [OMOD:004ED02E] | mod_Legendary_Weapon3_Guns_ReloadSpeed [OMOD:00524150] | mod_Legendary_Weapon3_Guns_ResistReload [OMOD:004F5777] | mod_Legendary_Weapon3_Guns_ResistSights [OMOD:004F5772] | mod_Legendary_Weapon3_StatPerception [OMOD:005299FA] | mod_Legendary_Weapon3_Melee_LessDamageBlock [OMOD:005253FB] | mod_Legendary_Weapon3_Melee_Defenders [OMOD:001A7BD3] | mod_Legendary_Weapon3_StatEndurance [OMOD:005299FD] | mod_Legendary_Weapon3_StatStrength [OMOD:005299FC] | mod_Legendary_Weapon3_StatAgility [OMOD:005299FB] | mod_Legendary_Weapon3_VATSCostAP [OMOD:00524154] | mod_Legendary_Weapon3_Weight [OMOD:00524152] | mod_Legendary_Weapon3_StatCharisma [OMOD:0079AD67] | mod_Legendary_Weapon3_StatIntelligence [OMOD:0079AD68] | mod_Legendary_Weapon3_StatLuck [OMOD:0079AD69]
008833D6	RA_LegendaryItems_Weapons_BigfootOnly_Rank4	3	First Star Slot	008833D3	RA_modcol_Legendary_Crafting_BigfootOnly_Weapon4	Bigfoot 4 Star Legendary Mods Item Pool	RA_modcol_Legendary_Crafting_BigfootOnly_Weapon4 [OMOD:008833D3] | RA_mod_Legendary_Weapon4_ThrillSeeker [OMOD:00863AA2]
0088853C	HTO_LegendaryItems_Weapons_Ranged_Rank4	0	First Star Slot	007904EA	modcol_Legendary_Crafting_Weapon1	Random Legendary Mod	modcol_Legendary_Crafting_Weapon1 [OMOD:007904EA] | mod_Legendary_Weapon1_AntiArmor [OMOD:005281B4] | mod_Legendary_Weapon1_Medic [OMOD:0075EAC6] | mod_Legendary_Weapon1_DamageAddiction [OMOD:004F6AAB] | mod_Legendary_Weapon1_DamageFirstBlood [OMOD:004F6AA5] | mod_Legendary_Weapon1_DamageInverseHealth [OMOD:004F6AA0] | mod_Legendary_Weapon1_DamageNight [OMOD:004F6AAE] | mod_Legendary_Weapon1_DamageUnarmored [OMOD:004F6AA7] | mod_Legendary_Weapon1_DamageViaCaps [OMOD:00606B71] | mod_Legendary_Weapon1_DamageViaHealth [OMOD:00606B73] | mod_Legendary_Weapon1_DebuffDamage [OMOD:005281B8] | mod_Legendary_Weapon1_DmgConsecutiveHits [OMOD:004F577D] | mod_Legendary_Weapon1_DmgVsAnimals [OMOD:004F577A] | mod_Legendary_Weapon1_DmgVsBugs [OMOD:001F81EB] | mod_Legendary_Weapon1_DmgVsGhouls [OMOD:004F5779] | mod_Legendary_Weapon1_DmgVsPlayers [OMOD:004F5770] | mod_Legendary_Weapon1_DmgVsRobots [OMOD:004F577C] | mod_Legendary_Weapon1_DmgVsScorched [OMOD:004ED02B] | mod_Legendary_Weapon1_DmgVsSupermutants [OMOD:004F577B] | mod_Legendary_Weapon1_DmgWithMutation [OMOD:005299F5] | mod_Legendary_Weapon1_Execute [OMOD:004F6AA1] | mod_Legendary_Weapon1_Gourmand [OMOD:006069F2] | mod_Legendary_Weapon1_Guns_AccuracyNotInCombat [OMOD:004F6D77] | mod_Legendary_Weapon1_Guns_AmmoCapacity4x [OMOD:004F6AB1] | mod_Legendary_Weapon1_Guns_TwoShot [OMOD:004F6D76] | mod_Legendary_Weapon1_Vampire [OMOD:00527F84]
0088853C	HTO_LegendaryItems_Weapons_Ranged_Rank4	1	First Star Slot	007904EB	modcol_Legendary_Crafting_Weapon2	Random Legendary Mod	modcol_Legendary_Crafting_Weapon2 [OMOD:007904EB] | mod_Legendary_Weapon2_APViaKill [OMOD:00606B72] | mod_Legendary_Weapon2_DmgCrits [OMOD:0052414B] | mod_Legendary_Weapon2_DmgLimbs [OMOD:004ED02C] | mod_Legendary_Weapon2_Guns_Bashing [OMOD:005299F9] | mod_Legendary_Weapon2_Guns_DmgSights [OMOD:0052414E] | mod_Legendary_Weapon2_Guns_ExplosiveBullets [OMOD:004F5771] | mod_Legendary_Weapon2_Guns_LastShot [OMOD:006069EC] | mod_Legendary_Weapon2_Guns_RoF [OMOD:0052414F] | mod_Legendary_Weapon2_Guns_VATSAccuracy [OMOD:00524153] | mod_Legendary_Weapon2_Melee_BlockReflects [OMOD:001A7C39] | mod_Legendary_Weapon2_Melee_DamagePowerAttack [OMOD:001A7BE2] | mod_Legendary_Weapon2_Melee_Steady [OMOD:00606C8D] | mod_Legendary_Weapon2_Melee_SwingSpeed [OMOD:001A7BDA]
0088853C	HTO_LegendaryItems_Weapons_Ranged_Rank4	2	First Star Slot	007904EC	modcol_Legendary_Crafting_Weapon3	Random Legendary Mod	modcol_Legendary_Crafting_Weapon3 [OMOD:007904EC] | mod_Legendary_Weapon3_CritSpeed [OMOD:0052414C] | mod_Legendary_Weapon3_Durability [OMOD:0037F7D9] | mod_Legendary_Weapon3_Guns_CloakOnHit [OMOD:00609E4F] | mod_Legendary_Weapon3_Guns_MoveSpeedSights [OMOD:004ED02E] | mod_Legendary_Weapon3_Guns_ReloadSpeed [OMOD:00524150] | mod_Legendary_Weapon3_Guns_ResistReload [OMOD:004F5777] | mod_Legendary_Weapon3_Guns_ResistSights [OMOD:004F5772] | mod_Legendary_Weapon3_StatPerception [OMOD:005299FA] | mod_Legendary_Weapon3_Melee_LessDamageBlock [OMOD:005253FB] | mod_Legendary_Weapon3_Melee_Defenders [OMOD:001A7BD3] | mod_Legendary_Weapon3_StatEndurance [OMOD:005299FD] | mod_Legendary_Weapon3_StatStrength [OMOD:005299FC] | mod_Legendary_Weapon3_StatAgility [OMOD:005299FB] | mod_Legendary_Weapon3_VATSCostAP [OMOD:00524154] | mod_Legendary_Weapon3_Weight [OMOD:00524152] | mod_Legendary_Weapon3_StatCharisma [OMOD:0079AD67] | mod_Legendary_Weapon3_StatIntelligence [OMOD:0079AD68] | mod_Legendary_Weapon3_StatLuck [OMOD:0079AD69]
0088853C	HTO_LegendaryItems_Weapons_Ranged_Rank4	3	First Star Slot	0088853F	HTO_modcol_Legendary_Crafting_Weapon4	Random Legendary Mod	HTO_modcol_Legendary_Crafting_Weapon4 [OMOD:0088853F] | HTO_mod_Legendary_Weapon4_Satiated [OMOD:0085B996] | HTO_mod_Legendary_Weapon4_Tarnished [OMOD:0085B998] | mod_Legendary_Weapon4_Guns_Stabilizers [OMOD:007AC88D] | mod_Legendary_Weapon4_Icemens [OMOD:00792985] | mod_Legendary_Weapon4_Polished [OMOD:00792979]
0088853B	HTO_LegendaryItems_Weapons_Melee_Rank4	0	First Star Slot	007904EA	modcol_Legendary_Crafting_Weapon1	Random Legendary Mod	modcol_Legendary_Crafting_Weapon1 [OMOD:007904EA] | mod_Legendary_Weapon1_AntiArmor [OMOD:005281B4] | mod_Legendary_Weapon1_Medic [OMOD:0075EAC6] | mod_Legendary_Weapon1_DamageAddiction [OMOD:004F6AAB] | mod_Legendary_Weapon1_DamageFirstBlood [OMOD:004F6AA5] | mod_Legendary_Weapon1_DamageInverseHealth [OMOD:004F6AA0] | mod_Legendary_Weapon1_DamageNight [OMOD:004F6AAE] | mod_Legendary_Weapon1_DamageUnarmored [OMOD:004F6AA7] | mod_Legendary_Weapon1_DamageViaCaps [OMOD:00606B71] | mod_Legendary_Weapon1_DamageViaHealth [OMOD:00606B73] | mod_Legendary_Weapon1_DebuffDamage [OMOD:005281B8] | mod_Legendary_Weapon1_DmgConsecutiveHits [OMOD:004F577D] | mod_Legendary_Weapon1_DmgVsAnimals [OMOD:004F577A] | mod_Legendary_Weapon1_DmgVsBugs [OMOD:001F81EB] | mod_Legendary_Weapon1_DmgVsGhouls [OMOD:004F5779] | mod_Legendary_Weapon1_DmgVsPlayers [OMOD:004F5770] | mod_Legendary_Weapon1_DmgVsRobots [OMOD:004F577C] | mod_Legendary_Weapon1_DmgVsScorched [OMOD:004ED02B] | mod_Legendary_Weapon1_DmgVsSupermutants [OMOD:004F577B] | mod_Legendary_Weapon1_DmgWithMutation [OMOD:005299F5] | mod_Legendary_Weapon1_Execute [OMOD:004F6AA1] | mod_Legendary_Weapon1_Gourmand [OMOD:006069F2] | mod_Legendary_Weapon1_Guns_AccuracyNotInCombat [OMOD:004F6D77] | mod_Legendary_Weapon1_Guns_AmmoCapacity4x [OMOD:004F6AB1] | mod_Legendary_Weapon1_Guns_TwoShot [OMOD:004F6D76] | mod_Legendary_Weapon1_Vampire [OMOD:00527F84]
0088853B	HTO_LegendaryItems_Weapons_Melee_Rank4	1	First Star Slot	007904EB	modcol_Legendary_Crafting_Weapon2	Random Legendary Mod	modcol_Legendary_Crafting_Weapon2 [OMOD:007904EB] | mod_Legendary_Weapon2_APViaKill [OMOD:00606B72] | mod_Legendary_Weapon2_DmgCrits [OMOD:0052414B] | mod_Legendary_Weapon2_DmgLimbs [OMOD:004ED02C] | mod_Legendary_Weapon2_Guns_Bashing [OMOD:005299F9] | mod_Legendary_Weapon2_Guns_DmgSights [OMOD:0052414E] | mod_Legendary_Weapon2_Guns_ExplosiveBullets [OMOD:004F5771] | mod_Legendary_Weapon2_Guns_LastShot [OMOD:006069EC] | mod_Legendary_Weapon2_Guns_RoF [OMOD:0052414F] | mod_Legendary_Weapon2_Guns_VATSAccuracy [OMOD:00524153] | mod_Legendary_Weapon2_Melee_BlockReflects [OMOD:001A7C39] | mod_Legendary_Weapon2_Melee_DamagePowerAttack [OMOD:001A7BE2] | mod_Legendary_Weapon2_Melee_Steady [OMOD:00606C8D] | mod_Legendary_Weapon2_Melee_SwingSpeed [OMOD:001A7BDA]
0088853B	HTO_LegendaryItems_Weapons_Melee_Rank4	2	First Star Slot	007904EC	modcol_Legendary_Crafting_Weapon3	Random Legendary Mod	modcol_Legendary_Crafting_Weapon3 [OMOD:007904EC] | mod_Legendary_Weapon3_CritSpeed [OMOD:0052414C] | mod_Legendary_Weapon3_Durability [OMOD:0037F7D9] | mod_Legendary_Weapon3_Guns_CloakOnHit [OMOD:00609E4F] | mod_Legendary_Weapon3_Guns_MoveSpeedSights [OMOD:004ED02E] | mod_Legendary_Weapon3_Guns_ReloadSpeed [OMOD:00524150] | mod_Legendary_Weapon3_Guns_ResistReload [OMOD:004F5777] | mod_Legendary_Weapon3_Guns_ResistSights [OMOD:004F5772] | mod_Legendary_Weapon3_StatPerception [OMOD:005299FA] | mod_Legendary_Weapon3_Melee_LessDamageBlock [OMOD:005253FB] | mod_Legendary_Weapon3_Melee_Defenders [OMOD:001A7BD3] | mod_Legendary_Weapon3_StatEndurance [OMOD:005299FD] | mod_Legendary_Weapon3_StatStrength [OMOD:005299FC] | mod_Legendary_Weapon3_StatAgility [OMOD:005299FB] | mod_Legendary_Weapon3_VATSCostAP [OMOD:00524154] | mod_Legendary_Weapon3_Weight [OMOD:00524152] | mod_Legendary_Weapon3_StatCharisma [OMOD:0079AD67] | mod_Legendary_Weapon3_StatIntelligence [OMOD:0079AD68] | mod_Legendary_Weapon3_StatLuck [OMOD:0079AD69]
0088853B	HTO_LegendaryItems_Weapons_Melee_Rank4	3	First Star Slot	0088853F	HTO_modcol_Legendary_Crafting_Weapon4	Random Legendary Mod	HTO_modcol_Legendary_Crafting_Weapon4 [OMOD:0088853F] | HTO_mod_Legendary_Weapon4_Satiated [OMOD:0085B996] | HTO_mod_Legendary_Weapon4_Tarnished [OMOD:0085B998] | mod_Legendary_Weapon4_Guns_Stabilizers [OMOD:007AC88D] | mod_Legendary_Weapon4_Icemens [OMOD:00792985] | mod_Legendary_Weapon4_Polished [OMOD:00792979]
0088853A	HTO_LegendaryItems_PowerArmor_Rank4	0	First Star Slot	007904F0	modcol_Legendary_Crafting_PowerArmor1	Random Legendary Mod	modcol_Legendary_Crafting_PowerArmor1 [OMOD:007904F0] | mod_Legendary_PowerArmor1_Chameleon [OMOD:00606268] | mod_Legendary_PowerArmor1_CloakOnMelee [OMOD:00606269] | mod_Legendary_PowerArmor1_HealthRegen [OMOD:0060625D] | mod_Legendary_PowerArmor1_LessDMGAnimals [OMOD:00606274] | mod_Legendary_PowerArmor1_LessDMGBugs [OMOD:00606266] | mod_Legendary_PowerArmor1_LessDMGGhouls [OMOD:0060625E] | mod_Legendary_PowerArmor1_LessDMGPlayers [OMOD:00606259] | mod_Legendary_PowerArmor1_LessDMGRobots [OMOD:00606275] | mod_Legendary_PowerArmor1_LessDmgScorched [OMOD:0060626D] | mod_Legendary_PowerArmor1_LessDMGSuperMutants [OMOD:00606265] | mod_Legendary_PowerArmor1_LowHealthTriggersStimpak [OMOD:0060625F] | mod_Legendary_PowerArmor1_Overeater [OMOD:00606DE3] | mod_Legendary_PowerArmor1_ResistancesInverseHealth [OMOD:00606257] | mod_Legendary_PowerArmor1_ResistancesMutation [OMOD:00606253] | mod_Legendary_PowerArmor1_ResistancesNight [OMOD:0060625B] | mod_Legendary_PowerArmor1_ResistancesProportionalCaps [OMOD:0060893D] | mod_Legendary_PowerArmor1_ResistancesProportionalHealth [OMOD:00606276]
0088853A	HTO_LegendaryItems_PowerArmor_Rank4	1	First Star Slot	007904F1	modcol_Legendary_Crafting_PowerArmor2	Random Legendary Mod	modcol_Legendary_Crafting_PowerArmor2 [OMOD:007904F1] | mod_Legendary_PowerArmor2_APRegen [OMOD:0060626E] | mod_Legendary_PowerArmor2_CryoResistance [OMOD:00606B70] | mod_Legendary_PowerArmor2_DiseaseResistance [OMOD:0060626A] | mod_Legendary_PowerArmor2_Fireproof [OMOD:00606B3A] | mod_Legendary_PowerArmor2_Glutton [OMOD:006069A7] | mod_Legendary_PowerArmor2_PoisonResistance [OMOD:00606267] | mod_Legendary_PowerArmor2_RadResistance [OMOD:00606264] | mod_Legendary_PowerArmor2_ReduceExplosionDamage [OMOD:00609E50] | mod_Legendary_PowerArmor2_StatAgility [OMOD:00606263] | mod_Legendary_PowerArmor2_StatCharisma [OMOD:00606261] | mod_Legendary_PowerArmor2_StatEndurance [OMOD:00606260] | mod_Legendary_PowerArmor2_StatIntelligence [OMOD:00606256] | mod_Legendary_PowerArmor2_StatLuck [OMOD:00606255] | mod_Legendary_PowerArmor2_StatPerception [OMOD:00606258] | mod_Legendary_PowerArmor2_StatStrength [OMOD:00606254]
0088853A	HTO_LegendaryItems_PowerArmor_Rank4	2	First Star Slot	007904F2	modcol_Legendary_Crafting_PowerArmor3	Random Legendary Mod	modcol_Legendary_Crafting_PowerArmor3 [OMOD:007904F2] | mod_Legendary_PowerArmor3_Burning [OMOD:00608376] | mod_Legendary_PowerArmor3_Durability [OMOD:0060625A] | mod_Legendary_PowerArmor3_Electrified [OMOD:00608374] | mod_Legendary_PowerArmor3_Frozen [OMOD:00608377] | mod_Legendary_PowerArmor3_IncreaseHealing [OMOD:00609C45] | mod_Legendary_PowerArmor3_Defenders [OMOD:00606252] | mod_Legendary_PowerArmor3_LessDamageSprinting [OMOD:0060625C] | mod_Legendary_PowerArmor3_LessDamageStandStill [OMOD:00606277] | mod_Legendary_PowerArmor3_LockPick [OMOD:00606273] | mod_Legendary_PowerArmor3_RadsRegen [OMOD:00606B6E] | mod_Legendary_PowerArmor3_Toxic [OMOD:00608375] | mod_Legendary_PowerArmor3_WeightAmmo [OMOD:00606270] | mod_Legendary_PowerArmor3_WeightFoodDrinkChems [OMOD:0060626F] | mod_Legendary_PowerArmor3_WeightJunk [OMOD:0060626C] | mod_Legendary_PowerArmor3_WeightWeapons [OMOD:0060626B]
0088853A	HTO_LegendaryItems_PowerArmor_Rank4	3	First Star Slot	0088853E	HTO_modcol_Legendary_Crafting_PowerArmor4	Random Legendary Mod	HTO_modcol_Legendary_Crafting_PowerArmor4 [OMOD:0088853E] | HTO_mod_Legendary_PowerArmor4_Haulers [OMOD:0085B99C] | HTO_mod_Legendary_PowerArmor4_Raging [OMOD:0085B999] | HTO_mod_Legendary_PowerArmor4_Vector [OMOD:0085B99D] | mod_Legendary_PowerArmor4_Aegis [OMOD:007ACE4F] | mod_Legendary_PowerArmor4_BattleLoaders [OMOD:007A74C2] | mod_Legendary_PowerArmor4_Propelling [OMOD:00792A29] | mod_Legendary_PowerArmor4_RadioactivePowered [OMOD:00792A33]
00888539	HTO_LegendaryItems_Armor_Rank4	0	First Star Slot	007904ED	modcol_Legendary_Crafting_Armor1	Random Legendary Mod	modcol_Legendary_Crafting_Armor1 [OMOD:007904ED] | mod_Legendary_Armor1_AutoRevive [OMOD:00529A0F] | mod_Legendary_Armor1_Chameleon [OMOD:00524146] | mod_Legendary_Armor1_CloakOnMelee [OMOD:00524147] | mod_Legendary_Armor1_HealthRegen [OMOD:00529A09] | mod_Legendary_Armor1_LessDMGAnimals [OMOD:004F6D7D] | mod_Legendary_Armor1_LessDMGBugs [OMOD:004F6D7C] | mod_Legendary_Armor1_LessDMGGhouls [OMOD:004F6D7E] | mod_Legendary_Armor1_LessDMGPlayers [OMOD:004F6D78] | mod_Legendary_Armor1_LessDMGRobots [OMOD:004F6D7F] | mod_Legendary_Armor1_LessDmgScorched [OMOD:004EE548] | mod_Legendary_Armor1_LessDMGSuperMutants [OMOD:004F6D80] | mod_Legendary_Armor1_LowHealthIncreasesStats [OMOD:0052414A] | mod_Legendary_Armor1_LowHealthTriggersStimpak [OMOD:00521915] | mod_Legendary_Armor1_Overeater [OMOD:00606C84] | mod_Legendary_Armor1_ResistancesInverseHealth [OMOD:00521914] | mod_Legendary_Armor1_ResistancesMutation [OMOD:00529A0C] | mod_Legendary_Armor1_ResistancesNight [OMOD:00524143] | mod_Legendary_Armor1_ResistancesProportionalCaps [OMOD:0060893C] | mod_Legendary_Armor1_ResistancesProportionalHealth [OMOD:00529A05] | mod_Legendary_Armor1_Heavyweight [OMOD:00529A14]
00888539	HTO_LegendaryItems_Armor_Rank4	1	First Star Slot	007904EE	modcol_Legendary_Crafting_Armor2	Random Legendary Mod	modcol_Legendary_Crafting_Armor2 [OMOD:007904EE] | mod_Legendary_Armor2_APRegen [OMOD:00527F75] | mod_Legendary_Armor2_CryoResistance [OMOD:00606B6F] | mod_Legendary_Armor2_DiseaseResistance [OMOD:00527F72] | mod_Legendary_Armor2_Fireproof [OMOD:00606B39] | mod_Legendary_Armor2_Glutton [OMOD:006069A6] | mod_Legendary_Armor2_PoisonResistance [OMOD:00527F6E] | mod_Legendary_Armor2_RadResistance [OMOD:00527F6F] | mod_Legendary_Armor2_ReduceExplosionDamage [OMOD:00609E4E] | mod_Legendary_Armor2_StatAgility [OMOD:004F6D85] | mod_Legendary_Armor2_StatCharisma [OMOD:004F6D83] | mod_Legendary_Armor2_StatEndurance [OMOD:004F6D82] | mod_Legendary_Armor2_StatIntelligence [OMOD:004F6D84] | mod_Legendary_Armor2_StatLuck [OMOD:004F6D86] | mod_Legendary_Armor2_StatPerception [OMOD:004F6D81] | mod_Legendary_Armor2_StatStrength [OMOD:004EE54E]
00888539	HTO_LegendaryItems_Armor_Rank4	2	First Star Slot	007904EF	modcol_Legendary_Crafting_Armor3	Random Legendary Mod	modcol_Legendary_Crafting_Armor3 [OMOD:007904EF] | mod_Legendary_Armor3_Burning [OMOD:00608371] | mod_Legendary_Armor3_Durability [OMOD:0052BDBA] | mod_Legendary_Armor3_Electrified [OMOD:00608373] | mod_Legendary_Armor3_Frozen [OMOD:00608372] | mod_Legendary_Armor3_IncreaseHealing [OMOD:00609C46] | mod_Legendary_Armor3_Defenders [OMOD:00527F76] | mod_Legendary_Armor3_LessDamageSprinting [OMOD:00527F77] | mod_Legendary_Armor3_LessDamageStandStill [OMOD:004EE54C] | mod_Legendary_Armor3_LessFallDamage [OMOD:00527F79] | mod_Legendary_Armor3_LockPick [OMOD:00527F7B] | mod_Legendary_Armor3_RadsRegen [OMOD:00606B6D] | mod_Legendary_Armor3_ReducedLimbDamage [OMOD:0052BDBC] | mod_Legendary_Armor3_Sneak [OMOD:0052BDB7] | mod_Legendary_Armor3_Toxic [OMOD:00608370] | mod_Legendary_Armor3_Waterbreathing [OMOD:00527F7A] | mod_Legendary_Armor3_WeightAmmo [OMOD:0052BDB4] | mod_Legendary_Armor3_WeightFoodDrinkChems [OMOD:0052BDB5] | mod_Legendary_Armor3_WeightJunk [OMOD:0052BDB6] | mod_Legendary_Armor3_WeightWeapons [OMOD:00527F78]
00888539	HTO_LegendaryItems_Armor_Rank4	3	First Star Slot	0088853D	HTO_modcol_Legendary_Crafting_Armor4	Random Legendary Mod	HTO_modcol_Legendary_Crafting_Armor4 [OMOD:0088853D] | mod_Legendary_Armor4_BattleLoaders [OMOD:00792A28] | HTO_mod_Legendary_Armor4_Haulers [OMOD:0085B99B] | HTO_mod_Legendary_Armor4_Vector [OMOD:0085B99A] | HTO_mod_Legendary_Armor4_Raging [OMOD:0085B997]
008E6CB9	HIDE_LegendaryItems_Drifter_AllItems_Rank4	0	First Star Slot	007904EA	modcol_Legendary_Crafting_Weapon1	Random Legendary Mod	modcol_Legendary_Crafting_Weapon1 [OMOD:007904EA] | mod_Legendary_Weapon1_AntiArmor [OMOD:005281B4] | mod_Legendary_Weapon1_Medic [OMOD:0075EAC6] | mod_Legendary_Weapon1_DamageAddiction [OMOD:004F6AAB] | mod_Legendary_Weapon1_DamageFirstBlood [OMOD:004F6AA5] | mod_Legendary_Weapon1_DamageInverseHealth [OMOD:004F6AA0] | mod_Legendary_Weapon1_DamageNight [OMOD:004F6AAE] | mod_Legendary_Weapon1_DamageUnarmored [OMOD:004F6AA7] | mod_Legendary_Weapon1_DamageViaCaps [OMOD:00606B71] | mod_Legendary_Weapon1_DamageViaHealth [OMOD:00606B73] | mod_Legendary_Weapon1_DebuffDamage [OMOD:005281B8] | mod_Legendary_Weapon1_DmgConsecutiveHits [OMOD:004F577D] | mod_Legendary_Weapon1_DmgVsAnimals [OMOD:004F577A] | mod_Legendary_Weapon1_DmgVsBugs [OMOD:001F81EB] | mod_Legendary_Weapon1_DmgVsGhouls [OMOD:004F5779] | mod_Legendary_Weapon1_DmgVsPlayers [OMOD:004F5770] | mod_Legendary_Weapon1_DmgVsRobots [OMOD:004F577C] | mod_Legendary_Weapon1_DmgVsScorched [OMOD:004ED02B] | mod_Legendary_Weapon1_DmgVsSupermutants [OMOD:004F577B] | mod_Legendary_Weapon1_DmgWithMutation [OMOD:005299F5] | mod_Legendary_Weapon1_Execute [OMOD:004F6AA1] | mod_Legendary_Weapon1_Gourmand [OMOD:006069F2] | mod_Legendary_Weapon1_Guns_AccuracyNotInCombat [OMOD:004F6D77] | mod_Legendary_Weapon1_Guns_AmmoCapacity4x [OMOD:004F6AB1] | mod_Legendary_Weapon1_Guns_TwoShot [OMOD:004F6D76] | mod_Legendary_Weapon1_Vampire [OMOD:00527F84]
008E6CB9	HIDE_LegendaryItems_Drifter_AllItems_Rank4	1	First Star Slot	007904EB	modcol_Legendary_Crafting_Weapon2	Random Legendary Mod	modcol_Legendary_Crafting_Weapon2 [OMOD:007904EB] | mod_Legendary_Weapon2_APViaKill [OMOD:00606B72] | mod_Legendary_Weapon2_DmgCrits [OMOD:0052414B] | mod_Legendary_Weapon2_DmgLimbs [OMOD:004ED02C] | mod_Legendary_Weapon2_Guns_Bashing [OMOD:005299F9] | mod_Legendary_Weapon2_Guns_DmgSights [OMOD:0052414E] | mod_Legendary_Weapon2_Guns_ExplosiveBullets [OMOD:004F5771] | mod_Legendary_Weapon2_Guns_LastShot [OMOD:006069EC] | mod_Legendary_Weapon2_Guns_RoF [OMOD:0052414F] | mod_Legendary_Weapon2_Guns_VATSAccuracy [OMOD:00524153] | mod_Legendary_Weapon2_Melee_BlockReflects [OMOD:001A7C39] | mod_Legendary_Weapon2_Melee_DamagePowerAttack [OMOD:001A7BE2] | mod_Legendary_Weapon2_Melee_Steady [OMOD:00606C8D] | mod_Legendary_Weapon2_Melee_SwingSpeed [OMOD:001A7BDA]
008E6CB9	HIDE_LegendaryItems_Drifter_AllItems_Rank4	2	First Star Slot	007904EC	modcol_Legendary_Crafting_Weapon3	Random Legendary Mod	modcol_Legendary_Crafting_Weapon3 [OMOD:007904EC] | mod_Legendary_Weapon3_CritSpeed [OMOD:0052414C] | mod_Legendary_Weapon3_Durability [OMOD:0037F7D9] | mod_Legendary_Weapon3_Guns_CloakOnHit [OMOD:00609E4F] | mod_Legendary_Weapon3_Guns_MoveSpeedSights [OMOD:004ED02E] | mod_Legendary_Weapon3_Guns_ReloadSpeed [OMOD:00524150] | mod_Legendary_Weapon3_Guns_ResistReload [OMOD:004F5777] | mod_Legendary_Weapon3_Guns_ResistSights [OMOD:004F5772] | mod_Legendary_Weapon3_StatPerception [OMOD:005299FA] | mod_Legendary_Weapon3_Melee_LessDamageBlock [OMOD:005253FB] | mod_Legendary_Weapon3_Melee_Defenders [OMOD:001A7BD3] | mod_Legendary_Weapon3_StatEndurance [OMOD:005299FD] | mod_Legendary_Weapon3_StatStrength [OMOD:005299FC] | mod_Legendary_Weapon3_StatAgility [OMOD:005299FB] | mod_Legendary_Weapon3_VATSCostAP [OMOD:00524154] | mod_Legendary_Weapon3_Weight [OMOD:00524152] | mod_Legendary_Weapon3_StatCharisma [OMOD:0079AD67] | mod_Legendary_Weapon3_StatIntelligence [OMOD:0079AD68] | mod_Legendary_Weapon3_StatLuck [OMOD:0079AD69]
008E6CB9	HIDE_LegendaryItems_Drifter_AllItems_Rank4	3	First Star Slot	008CD1BB	HIDE_modcol_Legendary_Drifter_Crafting_Weapon4	Random Legendary Mod	HIDE_modcol_Legendary_Drifter_Crafting_Weapon4 [OMOD:008CD1BB] | mod_Legendary_Weapon4_Guns_Stabilizers [OMOD:007AC88D] | mod_Legendary_Weapon4_Icemens [OMOD:00792985] | mod_Legendary_Weapon4_Polished [OMOD:00792979] | HIDE_mod_Legendary_Weapon4_Guns_SightSeers [OMOD:00811F96] | HIDE_mod_Legendary_Weapon4_Melee_Brutalists [OMOD:0080FC2E]
008E6CB9	HIDE_LegendaryItems_Drifter_AllItems_Rank4	4	First Star Slot	007904ED	modcol_Legendary_Crafting_Armor1	Random Legendary Mod	modcol_Legendary_Crafting_Armor1 [OMOD:007904ED] | mod_Legendary_Armor1_AutoRevive [OMOD:00529A0F] | mod_Legendary_Armor1_Chameleon [OMOD:00524146] | mod_Legendary_Armor1_CloakOnMelee [OMOD:00524147] | mod_Legendary_Armor1_HealthRegen [OMOD:00529A09] | mod_Legendary_Armor1_LessDMGAnimals [OMOD:004F6D7D] | mod_Legendary_Armor1_LessDMGBugs [OMOD:004F6D7C] | mod_Legendary_Armor1_LessDMGGhouls [OMOD:004F6D7E] | mod_Legendary_Armor1_LessDMGPlayers [OMOD:004F6D78] | mod_Legendary_Armor1_LessDMGRobots [OMOD:004F6D7F] | mod_Legendary_Armor1_LessDmgScorched [OMOD:004EE548] | mod_Legendary_Armor1_LessDMGSuperMutants [OMOD:004F6D80] | mod_Legendary_Armor1_LowHealthIncreasesStats [OMOD:0052414A] | mod_Legendary_Armor1_LowHealthTriggersStimpak [OMOD:00521915] | mod_Legendary_Armor1_Overeater [OMOD:00606C84] | mod_Legendary_Armor1_ResistancesInverseHealth [OMOD:00521914] | mod_Legendary_Armor1_ResistancesMutation [OMOD:00529A0C] | mod_Legendary_Armor1_ResistancesNight [OMOD:00524143] | mod_Legendary_Armor1_ResistancesProportionalCaps [OMOD:0060893C] | mod_Legendary_Armor1_ResistancesProportionalHealth [OMOD:00529A05] | mod_Legendary_Armor1_Heavyweight [OMOD:00529A14]
008E6CB9	HIDE_LegendaryItems_Drifter_AllItems_Rank4	5	First Star Slot	007904EE	modcol_Legendary_Crafting_Armor2	Random Legendary Mod	modcol_Legendary_Crafting_Armor2 [OMOD:007904EE] | mod_Legendary_Armor2_APRegen [OMOD:00527F75] | mod_Legendary_Armor2_CryoResistance [OMOD:00606B6F] | mod_Legendary_Armor2_DiseaseResistance [OMOD:00527F72] | mod_Legendary_Armor2_Fireproof [OMOD:00606B39] | mod_Legendary_Armor2_Glutton [OMOD:006069A6] | mod_Legendary_Armor2_PoisonResistance [OMOD:00527F6E] | mod_Legendary_Armor2_RadResistance [OMOD:00527F6F] | mod_Legendary_Armor2_ReduceExplosionDamage [OMOD:00609E4E] | mod_Legendary_Armor2_StatAgility [OMOD:004F6D85] | mod_Legendary_Armor2_StatCharisma [OMOD:004F6D83] | mod_Legendary_Armor2_StatEndurance [OMOD:004F6D82] | mod_Legendary_Armor2_StatIntelligence [OMOD:004F6D84] | mod_Legendary_Armor2_StatLuck [OMOD:004F6D86] | mod_Legendary_Armor2_StatPerception [OMOD:004F6D81] | mod_Legendary_Armor2_StatStrength [OMOD:004EE54E]
008E6CB9	HIDE_LegendaryItems_Drifter_AllItems_Rank4	6	First Star Slot	007904EF	modcol_Legendary_Crafting_Armor3	Random Legendary Mod	modcol_Legendary_Crafting_Armor3 [OMOD:007904EF] | mod_Legendary_Armor3_Burning [OMOD:00608371] | mod_Legendary_Armor3_Durability [OMOD:0052BDBA] | mod_Legendary_Armor3_Electrified [OMOD:00608373] | mod_Legendary_Armor3_Frozen [OMOD:00608372] | mod_Legendary_Armor3_IncreaseHealing [OMOD:00609C46] | mod_Legendary_Armor3_Defenders [OMOD:00527F76] | mod_Legendary_Armor3_LessDamageSprinting [OMOD:00527F77] | mod_Legendary_Armor3_LessDamageStandStill [OMOD:004EE54C] | mod_Legendary_Armor3_LessFallDamage [OMOD:00527F79] | mod_Legendary_Armor3_LockPick [OMOD:00527F7B] | mod_Legendary_Armor3_RadsRegen [OMOD:00606B6D] | mod_Legendary_Armor3_ReducedLimbDamage [OMOD:0052BDBC] | mod_Legendary_Armor3_Sneak [OMOD:0052BDB7] | mod_Legendary_Armor3_Toxic [OMOD:00608370] | mod_Legendary_Armor3_Waterbreathing [OMOD:00527F7A] | mod_Legendary_Armor3_WeightAmmo [OMOD:0052BDB4] | mod_Legendary_Armor3_WeightFoodDrinkChems [OMOD:0052BDB5] | mod_Legendary_Armor3_WeightJunk [OMOD:0052BDB6] | mod_Legendary_Armor3_WeightWeapons [OMOD:00527F78]
008E6CB9	HIDE_LegendaryItems_Drifter_AllItems_Rank4	7	First Star Slot	008CD1B9	HIDE_modcol_Legendary_Drifter_Crafting_Armor4	Random Legendary Mod	HIDE_modcol_Legendary_Drifter_Crafting_Armor4 [OMOD:008CD1B9] | mod_Legendary_Armor4_BattleLoaders [OMOD:00792A28]
008E6CB9	HIDE_LegendaryItems_Drifter_AllItems_Rank4	8	First Star Slot	007904F0	modcol_Legendary_Crafting_PowerArmor1	Random Legendary Mod	modcol_Legendary_Crafting_PowerArmor1 [OMOD:007904F0] | mod_Legendary_PowerArmor1_Chameleon [OMOD:00606268] | mod_Legendary_PowerArmor1_CloakOnMelee [OMOD:00606269] | mod_Legendary_PowerArmor1_HealthRegen [OMOD:0060625D] | mod_Legendary_PowerArmor1_LessDMGAnimals [OMOD:00606274] | mod_Legendary_PowerArmor1_LessDMGBugs [OMOD:00606266] | mod_Legendary_PowerArmor1_LessDMGGhouls [OMOD:0060625E] | mod_Legendary_PowerArmor1_LessDMGPlayers [OMOD:00606259] | mod_Legendary_PowerArmor1_LessDMGRobots [OMOD:00606275] | mod_Legendary_PowerArmor1_LessDmgScorched [OMOD:0060626D] | mod_Legendary_PowerArmor1_LessDMGSuperMutants [OMOD:00606265] | mod_Legendary_PowerArmor1_LowHealthTriggersStimpak [OMOD:0060625F] | mod_Legendary_PowerArmor1_Overeater [OMOD:00606DE3] | mod_Legendary_PowerArmor1_ResistancesInverseHealth [OMOD:00606257] | mod_Legendary_PowerArmor1_ResistancesMutation [OMOD:00606253] | mod_Legendary_PowerArmor1_ResistancesNight [OMOD:0060625B] | mod_Legendary_PowerArmor1_ResistancesProportionalCaps [OMOD:0060893D] | mod_Legendary_PowerArmor1_ResistancesProportionalHealth [OMOD:00606276]
008E6CB9	HIDE_LegendaryItems_Drifter_AllItems_Rank4	9	First Star Slot	007904F1	modcol_Legendary_Crafting_PowerArmor2	Random Legendary Mod	modcol_Legendary_Crafting_PowerArmor2 [OMOD:007904F1] | mod_Legendary_PowerArmor2_APRegen [OMOD:0060626E] | mod_Legendary_PowerArmor2_CryoResistance [OMOD:00606B70] | mod_Legendary_PowerArmor2_DiseaseResistance [OMOD:0060626A] | mod_Legendary_PowerArmor2_Fireproof [OMOD:00606B3A] | mod_Legendary_PowerArmor2_Glutton [OMOD:006069A7] | mod_Legendary_PowerArmor2_PoisonResistance [OMOD:00606267] | mod_Legendary_PowerArmor2_RadResistance [OMOD:00606264] | mod_Legendary_PowerArmor2_ReduceExplosionDamage [OMOD:00609E50] | mod_Legendary_PowerArmor2_StatAgility [OMOD:00606263] | mod_Legendary_PowerArmor2_StatCharisma [OMOD:00606261] | mod_Legendary_PowerArmor2_StatEndurance [OMOD:00606260] | mod_Legendary_PowerArmor2_StatIntelligence [OMOD:00606256] | mod_Legendary_PowerArmor2_StatLuck [OMOD:00606255] | mod_Legendary_PowerArmor2_StatPerception [OMOD:00606258] | mod_Legendary_PowerArmor2_StatStrength [OMOD:00606254]
008E6CB9	HIDE_LegendaryItems_Drifter_AllItems_Rank4	10	First Star Slot	007904F2	modcol_Legendary_Crafting_PowerArmor3	Random Legendary Mod	modcol_Legendary_Crafting_PowerArmor3 [OMOD:007904F2] | mod_Legendary_PowerArmor3_Burning [OMOD:00608376] | mod_Legendary_PowerArmor3_Durability [OMOD:0060625A] | mod_Legendary_PowerArmor3_Electrified [OMOD:00608374] | mod_Legendary_PowerArmor3_Frozen [OMOD:00608377] | mod_Legendary_PowerArmor3_IncreaseHealing [OMOD:00609C45] | mod_Legendary_PowerArmor3_Defenders [OMOD:00606252] | mod_Legendary_PowerArmor3_LessDamageSprinting [OMOD:0060625C] | mod_Legendary_PowerArmor3_LessDamageStandStill [OMOD:00606277] | mod_Legendary_PowerArmor3_LockPick [OMOD:00606273] | mod_Legendary_PowerArmor3_RadsRegen [OMOD:00606B6E] | mod_Legendary_PowerArmor3_Toxic [OMOD:00608375] | mod_Legendary_PowerArmor3_WeightAmmo [OMOD:00606270] | mod_Legendary_PowerArmor3_WeightFoodDrinkChems [OMOD:0060626F] | mod_Legendary_PowerArmor3_WeightJunk [OMOD:0060626C] | mod_Legendary_PowerArmor3_WeightWeapons [OMOD:0060626B]
008E6CB9	HIDE_LegendaryItems_Drifter_AllItems_Rank4	11	First Star Slot	008CD1BA	HIDE_modcol_Legendary_Drifter_Crafting_PowerArmor4	Random Legendary Mod	HIDE_modcol_Legendary_Drifter_Crafting_PowerArmor4 [OMOD:008CD1BA] | mod_Legendary_PowerArmor4_Aegis [OMOD:007ACE4F] | mod_Legendary_PowerArmor4_BattleLoaders [OMOD:007A74C2] | mod_Legendary_PowerArmor4_Propelling [OMOD:00792A29] | mod_Legendary_PowerArmor4_RadioactivePowered [OMOD:00792A33]
